1993 2019
1993 20143872.00 16310871.00 16570988.00 17326592.00 15850549.00 15890179.00 19032228.00 20169886.00 21866500.00 20299298.00 24241096.00 20781806.00
1994 25920070.00 23731068.00 19404172.00 20902276.00 18408478.00 17766076.00 19673504.00 20620820.00 20414932.00 18822792.00 19937942.00 19969080.00
1995 21097286.00 22866724.00 20099132.00 17318306.00 14850847.00 18120632.00 20930402.00 20502750.00 20922956.00 24720542.00 21273830.00 15814524.00
1996 17882260.00 21470526.00 20120858.00 20611906.00 20269934.00 21821342.00 23256386.00 21475356.00 20181732.00 21405034.00 22777440.00 16124874.00
1997 17750042.00 22851732.00 19062626.00 13776083.00 20111500.00 17822236.00 19554546.00 22808696.00 19581406.00 18861382.00 20444062.00 17744558.00
1998 20928954.00 14777321.00 22565870.00 21992572.00 16839806.00 19951138.00 23654930.00 24899936.00 20813298.00 19902516.00 21216386.00 21415438.00
1999 20440666.00 16856958.00 15417956.00 14828675.00 10370147.00 15736465.00 15990242.00 16551186.00 16762390.00 17066918.00 18465092.00 15219059.00
2000 15521478.00 19764870.00 14732306.00 15679854.00 13544652.00 16141914.00 16118652.00 16302658.00 16340479.00 16928034.00 18385390.00 17327762.00
2001 13734825.00 20075592.00 13245244.00 16539858.00 13632676.00 16696062.00 20064614.00 18413646.00 17000346.00 17916048.00 16623440.00 12318890.00
2002 18437538.00 18434232.00 18997944.00 17689824.00 17841544.00 16944502.00 19059844.00 18155904.00 16044096.00 13541592.00 18866760.00 16181833.00
2003 16153608.00 18557314.00 15582003.00 13427995.00 16451380.00 17573118.00 20248776.00 20481358.00 18379776.00 16822628.00 19751552.00 18611892.00
2004 16226414.00 18235576.00 18863024.00 18727758.00 18368790.00 13761517.00 19237804.00 18210804.00 20320574.00 14846140.00 15912159.00 21251926.00
2005 20943932.00 13666472.00 16135431.00 17870452.00 18219700.00 19611648.00 20108454.00 18970990.00 20582440.00 20213040.00 23587690.00 17371996.00
2006 19981102.00 17948818.00 14485335.00 12327660.00 14307787.00 18340766.00 20352994.00 17651748.00 17663558.00 20441844.00 20241906.00 20286502.00
2007 21398734.00 15948511.00 18754724.00 14259336.00 17767642.00 14904964.00 20022730.00 18872882.00 17092200.00 19232456.00 17822568.00 19229480.00
2008 19412080.00 17850178.00 17523172.00 16836918.00 13588820.00 17173450.00 18077774.00 18269368.00 16992816.00 19086218.00 18767628.00 20168422.00
2009 15454290.00 15144767.00 15961546.00 16280369.00 19640144.00 14540004.00 17263506.00 16471039.00 15643335.00 16042042.00 15408330.00 11944195.00
2010 10209397.00 9995224.00 11219097.00 13163178.00 16476604.00 18932264.00 17435006.00 16571859.00 21023406.00 19913628.00 15134050.00 7418606.50
2011 15740181.00 19529350.00 15651185.00 17035452.00 14102448.00 13656768.00 16030039.00 18546656.00 17506568.00 20336428.00 17691202.00 18142518.00
2012 15996496.00 16237055.00 18870980.00 13145531.00 12534344.00 11072256.00 17287608.00 15936418.00 14315660.00 15822539.00 16208910.00 17792968.00
2013 15506310.00 16155174.00 6289436.50 12897943.00 15261904.00 16767838.00 17181822.00 18335654.00 17641786.00 16224098.00 20025386.00 17180206.00
2014 17519002.00 16440140.00 13435380.00 12317635.00 13802723.00 15400008.00 15840140.00 14407068.00 15529217.00 16246456.00 19307962.00 15907192.00
2015 19029766.00 16288229.00 19726800.00 14561695.00 16534971.00 15514155.00 18707180.00 17582676.00 13211828.00 16001238.00 18684754.00 16644173.00
2016 13174351.00 20400906.00 16219627.00 13217596.00 15073327.00 15511024.00 18552282.00 17880906.00 20373878.00 19147618.00 18234428.00 19113092.00
2017 16580963.00 16259018.00 17633226.00 13414215.00 14065443.00 16739183.00 18913468.00 17759362.00 18260876.00 18933350.00 17824322.00 18547276.00
2018 24942676.00 21917514.00 8231386.00 14250284.00 18810944.00 15378495.00 16579430.00 17249652.00 17134984.00 16672136.00 18690288.00 16171309.00
2019 15992250.00 19566250.00 17153800.00 15443916.00 16485083.00 14185942.00 13565929.00 17415956.00 17154254.00 14666641.00 19283878.00 19916682.00
