1993 2019
1993 17039336.00 14227560.00 16871120.00 14733709.00 16101845.00 15866602.00 16277905.00 17928994.00 21176764.00 15341996.00 20407502.00 19209214.00
1994 27917106.00 23042186.00 18848562.00 18862544.00 14757158.00 13677745.00 19414546.00 19142944.00 20280500.00 20450412.00 21029012.00 23065406.00
1995 21016550.00 21849912.00 17882424.00 16895436.00 13770042.00 14543374.00 18543378.00 19738398.00 16248884.00 21316356.00 17633690.00 12609554.00
1996 14723072.00 20174650.00 17623200.00 18796122.00 19236842.00 18537532.00 19352848.00 18046216.00 16457016.00 19302968.00 20868166.00 15945717.00
1997 16544456.00 21697574.00 19427442.00 16976636.00 19302448.00 15899135.00 16341272.00 19644644.00 14967872.00 16953038.00 18938508.00 18094916.00
1998 24173562.00 19045684.00 23842560.00 23950226.00 18525112.00 20013960.00 21875934.00 23033904.00 18294936.00 18454882.00 21801038.00 21782414.00
1999 19354872.00 18625720.00 16460436.00 17213620.00 9661435.00 12287921.00 14425122.00 16735397.00 15638290.00 16058947.00 18486990.00 16716631.00
2000 15764745.00 23533952.00 19374066.00 17751712.00 15791456.00 15213936.00 16445559.00 14205871.00 17614838.00 17216186.00 18184514.00 18510398.00
2001 16227312.00 20282884.00 14681683.00 14183741.00 10945288.00 16430088.00 17818784.00 17498682.00 15286848.00 16059544.00 15723691.00 10578016.00
2002 20494808.00 20200030.00 19597608.00 17365368.00 18350088.00 16924320.00 17085786.00 13948313.00 13890372.00 13297050.00 18681080.00 18303714.00
2003 19278458.00 20592182.00 16778322.00 15259129.00 17576660.00 15513084.00 18513760.00 20650894.00 18479612.00 14801514.00 20864366.00 20143302.00
2004 16529663.00 19347786.00 20597408.00 20808074.00 20395392.00 13329842.00 16212582.00 16878408.00 18962310.00 13244688.00 15094874.00 19769706.00
2005 18780766.00 12657292.00 15047692.00 14007147.00 16631147.00 22216598.00 17801962.00 17467310.00 19309504.00 20729640.00 25008906.00 16965516.00
2006 20107610.00 17213278.00 14322234.00 11824907.00 14595107.00 17510154.00 21128440.00 17626678.00 16482777.00 20272122.00 22868216.00 20757300.00
2007 24451332.00 17375302.00 18454578.00 15649279.00 15235201.00 14223585.00 20258120.00 19845640.00 15209224.00 20159148.00 16442032.00 19487768.00
2008 18569918.00 15759153.00 16156536.00 16207050.00 11374269.00 16047026.00 16117109.00 18550334.00 18129434.00 19039878.00 19218180.00 19721230.00
2009 14461062.00 15368575.00 16737242.00 17500654.00 19458106.00 12932123.00 16717098.00 13500289.00 15011592.00 15784389.00 15303611.00 9942376.00
2010 11021096.00 8605453.00 12537241.00 13141367.00 15656969.00 20037484.00 16095587.00 15194537.00 21032670.00 20713172.00 15114712.00 9741582.00
2011 17551098.00 22398240.00 19241630.00 20559108.00 17726000.00 14571255.00 16070715.00 20033522.00 18079816.00 19890456.00 18648586.00 20083838.00
2012 15161756.00 17342082.00 18741026.00 12608460.00 13006634.00 10251125.00 18983012.00 16647728.00 15147588.00 15615562.00 16162308.00 16660048.00
2013 14440609.00 17243466.00 6214662.50 11878563.00 14152393.00 15088064.00 16234234.00 18645968.00 19920630.00 16915472.00 22048568.00 19951146.00
2014 17022134.00 15667865.00 13505825.00 12547949.00 14737080.00 17114558.00 17611292.00 13970490.00 14879463.00 13157980.00 19383130.00 17647878.00
2015 20031628.00 17642452.00 19034660.00 15779234.00 19240326.00 19430668.00 21705430.00 19823162.00 12097427.00 15108803.00 18732942.00 16005688.00
2016 12971284.00 21440072.00 17092734.00 14152014.00 17504402.00 15322734.00 17485080.00 17838230.00 20041722.00 20447108.00 18227192.00 20419762.00
2017 17173444.00 16132612.00 17181202.00 14257935.00 14946301.00 18594924.00 19497380.00 17185620.00 17072816.00 18812110.00 19701540.00 20896118.00
2018 28103478.00 23227978.00 8471711.00 13895574.00 18774970.00 18791550.00 16577921.00 16508877.00 17322772.00 16498297.00 17230226.00 18355898.00
2019 16412354.00 22843460.00 20203342.00 17553802.00 22431938.00 16120813.00 16149389.00 19922642.00 19301562.00 14265184.00 17988378.00 24683588.00
