1993 2019
1993 26069522.00 24357276.00 22430224.00 23652384.00 22060234.00 22485892.00 24356364.00 25957434.00 26442908.00 24701386.00 28048550.00 22776330.00
1994 30329016.00 27915020.00 24864934.00 26672446.00 23404164.00 23189160.00 24916616.00 25497692.00 26490756.00 23655718.00 24905392.00 23934290.00
1995 27754476.00 26689878.00 25739836.00 21993916.00 22255610.00 25562932.00 27021572.00 26380346.00 26655578.00 29847622.00 26612546.00 19204874.00
1996 22665860.00 27715980.00 26703820.00 25995094.00 25877392.00 27422954.00 30949850.00 28739758.00 25096538.00 26085868.00 27345456.00 19390058.00
1997 22000462.00 28435874.00 24919950.00 17947968.00 24273052.00 22569828.00 23620584.00 24755940.00 22263012.00 20776234.00 22178528.00 19011162.00
1998 23306512.00 13963238.00 22381600.00 22120392.00 18352638.00 20825980.00 23246428.00 25943426.00 23250286.00 21276894.00 22470838.00 22001858.00
1999 24161684.00 18495298.00 17908902.00 18020726.00 14066898.00 19269510.00 19665754.00 19117860.00 19701078.00 20094788.00 20143012.00 14689933.00
2000 16230581.00 20204698.00 15324772.00 14894716.00 13233772.00 17268014.00 16970308.00 18326026.00 15524456.00 17473494.00 18316374.00 15812805.00
2001 12830774.00 19907388.00 13340314.00 17033838.00 16450687.00 17951916.00 21898960.00 19294212.00 17115228.00 17788926.00 17864872.00 12981482.00
2002 17477734.00 18644002.00 21100028.00 17213052.00 18665700.00 17108518.00 17364108.00 17822596.00 16029419.00 13077880.00 17521322.00 14380242.00
2003 15411631.00 18881522.00 15258641.00 14025084.00 16806588.00 16606928.00 20284908.00 21993814.00 20092936.00 18799124.00 19182192.00 18265570.00
2004 16355396.00 17625918.00 20127130.00 17923926.00 19214132.00 16960506.00 20131626.00 19034658.00 21315342.00 16025902.00 15899419.00 20528396.00
2005 21707328.00 11929665.00 12365859.00 16242453.00 18327648.00 18451790.00 19843478.00 19155364.00 20216758.00 20475630.00 21311864.00 15858885.00
2006 21095806.00 18715462.00 15218695.00 12885762.00 14460567.00 19218922.00 19562848.00 16115040.00 18132844.00 18688054.00 18184226.00 19870450.00
2007 20181120.00 16105928.00 18787046.00 13351939.00 18444856.00 15322510.00 19442382.00 18823640.00 17174320.00 17956466.00 18598668.00 19611534.00
2008 19745016.00 18867378.00 19531312.00 16517618.00 13433867.00 17141402.00 19023818.00 19823102.00 17718816.00 19179534.00 19054072.00 20712522.00
2009 15973833.00 16296957.00 15813423.00 15187640.00 19483996.00 15578247.00 16460970.00 17978594.00 16899826.00 14993293.00 16924158.00 12483586.00
2010 8765728.00 8467143.00 11432153.00 14072494.00 18064704.00 19831266.00 19731912.00 16891004.00 19213938.00 18184640.00 13716444.00 3911564.00
2011 12486571.00 17961078.00 16803938.00 17037564.00 13527913.00 12609971.00 18083054.00 18756466.00 18716644.00 19951672.00 16633495.00 17319086.00
2012 15370935.00 15873452.00 18106756.00 13219275.00 12922075.00 10779605.00 18255844.00 16993670.00 14442102.00 15803001.00 15489483.00 15770406.00
2013 16690481.00 16736023.00 6884810.50 14093368.00 17415000.00 19397408.00 17269198.00 17964744.00 15884413.00 14971669.00 19057148.00 16950466.00
2014 19454428.00 17864562.00 14329909.00 12797360.00 12537300.00 14889913.00 16270964.00 15662619.00 14446407.00 16889816.00 21396798.00 16134218.00
2015 19687196.00 17615086.00 20517876.00 14271772.00 16017534.00 15324226.00 17331322.00 17631970.00 16299877.00 16845888.00 19514306.00 18474714.00
2016 15053096.00 22479124.00 17031382.00 15571407.00 15742614.00 16843866.00 19348996.00 19667634.00 21652792.00 19857450.00 19142688.00 17452374.00
2017 16088942.00 18463824.00 19323536.00 15153134.00 12999104.00 16838730.00 19897672.00 19450880.00 18263304.00 19539650.00 16831070.00 18398792.00
2018 22774456.00 23015536.00 8546815.00 14638933.00 18521932.00 12964403.00 17450598.00 14274287.00 15450332.00 17999188.00 20236540.00 14183683.00
2019 15110665.00 17583928.00 14602365.00 13356882.00 14430541.00 12891629.00 12859539.00 13482597.00 14678337.00 12999460.00 15626279.00 16071573.00
