1993 2019
1993 3492005.25 4666043.00 3994822.75 4276734.00 4162994.00 4197011.00 3140959.00 3360886.00 2753345.00 3772862.00 4394552.00 3077874.00
1994 4158322.25 2786056.75 3248354.75 3334662.75 3179624.00 3544588.50 3189215.75 2837956.75 3962358.75 3452561.25 3326379.50 3973539.00
1995 4348496.50 2283497.00 3459126.50 2789219.50 4387518.50 4354130.50 3862646.75 3560672.75 3876675.00 3341288.75 3418640.25 2334023.50
1996 3143042.50 4231861.50 4010732.75 3133720.25 3277701.25 3394451.75 4531175.00 4268094.50 3146118.75 3089678.00 2664012.00 2177042.50
1997 2463005.00 3306553.25 3849622.50 3789900.75 2517242.00 2962950.25 2947739.75 2661432.00 2873278.75 2356713.75 1544187.50 883536.44
1998 2874246.50 2595536.50 970191.50 1310418.75 1816294.75 551098.81 1782607.12 1541744.88 1908443.38 1351282.12 1337459.62 1132605.62
1999 2353071.50 1725046.25 1856549.12 2817792.75 2289864.50 3128157.75 2762225.75 2056062.50 2302477.50 3276798.50 2304208.25 1405475.12
2000 1430880.25 2941772.75 3066934.50 1735222.75 2014261.50 2085885.50 1034249.44 1920981.12 1488382.88 1400072.75 879687.31 1661403.62
2001 2090742.12 479890.31 1162872.88 2202378.00 1951055.38 852622.69 1535114.12 893962.69 2216220.00 2199274.25 2313737.25 1471944.75
2002 1199867.88 1569816.62 2061603.50 821757.00 1063055.38 2408898.25 3152519.00 3430657.75 1322967.00 427191.34 1160498.75 1453412.62
2003 1988247.50 1982385.38 840055.31 1429855.00 851501.88 1722678.62 2503021.75 1809917.12 2007782.25 1512139.50 1582567.00 1347550.62
2004 489666.59 738019.00 1533249.62 1218860.62 1662620.75 1887937.62 1749722.88 926348.19 931191.56 1434956.38 622089.62 2156295.75
2005 1709301.25 1929600.38 3671075.00 3200719.00 1342553.38 1579486.38 1477548.88 1588472.88 2508812.75 804672.06 1754259.88 2046937.75
2006 1198319.38 1081653.00 1366082.75 393255.22 333166.91 620620.50 966258.44 1410223.12 1085328.88 1612209.00 1690056.50 1329936.75
2007 1866843.88 915995.06 303884.47 858399.50 1658756.62 611960.50 1127878.75 794376.88 1142880.25 1063630.12 1642172.88 373281.56
2008 908170.38 1519072.75 1238369.50 1250908.38 1634859.50 858044.88 2303958.00 1146194.88 1303918.50 918799.12 409469.94 358174.84
2009 654439.12 945378.88 799339.50 858760.75 1314635.12 1283403.50 710691.12 2191848.75 746448.44 747137.56 970888.44 1162132.88
2010 1046184.06 1736745.88 1946011.12 1273424.88 2118884.50 1096965.75 2022131.25 846427.44 2092781.50 1392335.00 935279.00 2378645.50
2011 1948418.75 2005290.00 2526816.50 2211691.50 2160547.25 734915.44 1509379.50 1405374.00 1117639.12 1008608.25 1104997.50 1131924.25
2012 2307372.75 638428.50 973230.88 1383111.62 1442263.12 878226.38 1358454.12 1049976.88 768998.25 187853.44 1864043.25 2104998.25
2013 982843.94 867534.62 572234.44 1267617.38 1417774.50 1630151.38 933738.88 274936.44 1508522.88 746922.44 1221413.25 1655424.00
2014 1571294.50 1287674.12 568350.62 513663.22 1310134.88 1186877.38 1462154.25 725017.88 1452091.25 2186956.50 1367851.25 1122286.38
2015 1419816.12 1534631.12 651960.00 1129007.50 1884665.88 2432406.25 1842988.50 1406701.25 1837366.25 1487971.25 1223417.75 1060456.38
2016 1173890.75 1628313.00 867331.62 1882877.00 1705292.62 1035868.88 813904.81 1816499.88 745200.62 1620858.62 667933.12 1203031.12
2017 670843.31 1463160.50 1308543.88 1353734.25 1332486.00 1196415.50 806094.25 1410917.00 1816220.62 502944.78 1134325.75 1588174.38
2018 2043351.88 1690806.25 1078710.38 1009751.06 300322.59 2127640.50 537042.56 2513327.50 1180480.50 884627.56 1068930.88 1485691.75
2019 1233323.38 2318198.00 2716157.25 1735333.88 3553333.50 1233073.38 2080931.00 2625252.25 1676429.50 1851223.50 2830337.25 3467945.75
