1993 2019
1993 18884282.00 12994857.00 15776557.00 18579094.00 14836652.00 14241051.00 18084832.00 17963240.00 20745154.00 18044060.00 19352388.00 16611485.00
1994 19165930.00 20117966.00 17107116.00 19219326.00 16946558.00 15825640.00 16587210.00 18435824.00 15417246.00 14958060.00 16766575.00 13897321.00
1995 15608138.00 20666922.00 16764017.00 15325983.00 10979506.00 15888167.00 16840072.00 16825736.00 18837362.00 22231636.00 19091628.00 15661943.00
1996 15437232.00 15937922.00 16285810.00 18261712.00 17985458.00 19874520.00 21870050.00 20258208.00 20240620.00 18050398.00 21861162.00 15905256.00
1997 15992510.00 19798262.00 17606774.00 11236335.00 19371552.00 14846425.00 17187124.00 20791308.00 19389562.00 16127932.00 18874134.00 17146120.00
1998 17389678.00 14074766.00 21152336.00 21600012.00 16455793.00 19536794.00 22879660.00 23794854.00 19785282.00 18651390.00 18964812.00 19489924.00
1999 17772006.00 14775066.00 14006902.00 12447154.00 7794118.50 12977318.00 12451733.00 13372395.00 13657396.00 12137426.00 14701687.00 13168024.00
2000 13151333.00 15277223.00 11108006.00 13260667.00 10430726.00 13281078.00 14356341.00 14569135.00 14313228.00 14625384.00 17292764.00 15584461.00
2001 10796611.00 19404454.00 11439312.00 15034453.00 13732734.00 15580630.00 20953388.00 17541036.00 15023009.00 16269957.00 13370031.00 11338908.00
2002 17927122.00 15906348.00 15576712.00 17078614.00 16014492.00 13468651.00 17272084.00 17347974.00 17203272.00 13576086.00 18543702.00 15451500.00
2003 13809294.00 15293191.00 14472470.00 13085732.00 15257335.00 18058076.00 17888402.00 17475600.00 15071570.00 16085386.00 17441706.00 19450470.00
2004 15395040.00 17513282.00 17752292.00 18366940.00 17960306.00 12313290.00 20194440.00 17813472.00 19969422.00 13609401.00 16844566.00 19761992.00
2005 19993804.00 13156881.00 14909121.00 18575806.00 17622362.00 19523110.00 21259550.00 17769508.00 18079104.00 18835872.00 22474656.00 15835529.00
2006 17997594.00 16600855.00 12364761.00 12462510.00 14435058.00 18515084.00 19240330.00 16953914.00 16826790.00 19754012.00 19700744.00 18431748.00
2007 19628042.00 15013547.00 19236764.00 13823558.00 17596826.00 14394793.00 18672590.00 17653162.00 18152034.00 18412790.00 16112818.00 18645056.00
2008 20750518.00 17112984.00 17321052.00 18940908.00 13557936.00 17044146.00 15758516.00 16617525.00 14787310.00 17765654.00 18637914.00 20198824.00
2009 16106192.00 15247541.00 14716307.00 15857014.00 17965552.00 13649445.00 17648252.00 15325370.00 15497870.00 17021784.00 15185572.00 12807017.00
2010 9678248.00 10123415.00 12922572.00 14341968.00 18782126.00 18552716.00 19057196.00 17492750.00 19411106.00 19019342.00 15374718.00 6555434.00
2011 16087854.00 17370904.00 13466817.00 15956171.00 13108694.00 13391578.00 16146082.00 16248117.00 15716728.00 19452334.00 16548946.00 17420156.00
2012 13632981.00 15833087.00 20498746.00 15281240.00 14050775.00 10705845.00 16061192.00 15833850.00 13062490.00 15745692.00 14034047.00 17450910.00
2013 14634998.00 15539329.00 6667194.00 14214154.00 15642595.00 16763174.00 16560280.00 18183390.00 17966334.00 16387144.00 19933914.00 15941120.00
2014 15242740.00 14736682.00 13056226.00 11452644.00 12495725.00 15722302.00 15923350.00 13986692.00 14761679.00 15709864.00 17603976.00 14821773.00
2015 16579788.00 13891326.00 19133982.00 12852508.00 13987106.00 14471698.00 18729006.00 16806220.00 12848734.00 14108726.00 16678831.00 15927256.00
2016 11818240.00 19259184.00 15087004.00 10486947.00 13039462.00 13983454.00 18039642.00 14949314.00 20017068.00 16368483.00 17257786.00 18496048.00
2017 15755504.00 14346223.00 15785059.00 11762568.00 15766271.00 15337048.00 18302680.00 15760399.00 16499941.00 18184918.00 17732760.00 18478908.00
2018 23575554.00 19038170.00 6479946.00 12854738.00 19307460.00 15135600.00 16235619.00 16991022.00 16994446.00 16676058.00 18795630.00 15864695.00
2019 14638033.00 17188474.00 14299324.00 14160102.00 15831877.00 14344071.00 14675094.00 16580858.00 16846026.00 13623965.00 20224156.00 17200402.00
