1993 2019
1993 18582350.00 13663789.00 11206047.00 12341177.00 10403463.00 10967172.00 17409816.00 18829876.00 19101182.00 23109748.00 29155944.00 24530202.00
1994 26268232.00 23849096.00 16796078.00 18854786.00 18526034.00 18371760.00 17775640.00 19406824.00 19471224.00 16226980.00 17050790.00 18979306.00
1995 20009982.00 22260186.00 20010254.00 15057889.00 12398230.00 16488054.00 21316586.00 19066522.00 21950002.00 25486550.00 21757456.00 15781721.00
1996 18702878.00 22053552.00 19870596.00 19394696.00 17980042.00 21450360.00 20852792.00 18857240.00 18932752.00 22180900.00 21034976.00 13258466.00
1997 16462738.00 21475220.00 14296335.00 8943392.00 17498950.00 17973556.00 21069206.00 26042894.00 21705180.00 21588324.00 21785076.00 16726038.00
1998 18846064.00 12025596.00 22886986.00 20299664.00 14025677.00 19427816.00 26617700.00 26827564.00 21922688.00 21226894.00 21628858.00 22387558.00
1999 20474100.00 15531747.00 13295587.00 11633204.00 9958135.00 18411110.00 17418360.00 16979090.00 18052792.00 19976512.00 20528678.00 16301649.00
2000 16939250.00 20043608.00 13122383.00 16812322.00 14722653.00 18804628.00 16702400.00 18109600.00 17909398.00 18397068.00 19747908.00 19403388.00
2001 15084605.00 20707644.00 13519669.00 19907398.00 13401996.00 16821614.00 19587322.00 19320660.00 20576292.00 21545764.00 19535166.00 14377154.00
2002 17850492.00 18986552.00 19717426.00 19102260.00 18335892.00 20276516.00 24517406.00 23504734.00 17053322.00 14215350.00 20720940.00 16591877.00
2003 16115049.00 19462360.00 15818575.00 11342034.00 16164936.00 20114386.00 24308028.00 21805120.00 19874984.00 17604484.00 21517948.00 16588232.00
2004 16625555.00 18455316.00 16975264.00 17812096.00 15905326.00 12442429.00 20412570.00 19116672.00 21035222.00 16504570.00 15809776.00 24947608.00
2005 23293832.00 16922052.00 22219056.00 22656408.00 20297640.00 18255096.00 21528828.00 21491780.00 24724394.00 20811010.00 25555336.00 20828056.00
2006 20723400.00 19265680.00 16035650.00 12137461.00 13740417.00 18118910.00 21480358.00 19911360.00 19211814.00 23053198.00 20214436.00 22086520.00
2007 21334436.00 15299266.00 18540510.00 14212571.00 19793682.00 15678970.00 21717826.00 19169088.00 17833218.00 20401420.00 20136756.00 19173564.00
2008 18582868.00 19661198.00 17083786.00 15682091.00 15989208.00 18461234.00 21411650.00 18086510.00 17335710.00 20359804.00 18160346.00 20041118.00
2009 15276074.00 13665994.00 16579210.00 16576170.00 21652924.00 16000200.00 18227702.00 19079902.00 15164052.00 16368698.00 14219980.00 12543800.00
2010 11372518.00 12784886.00 7984423.50 11096885.00 13402617.00 17307590.00 14855329.00 16709146.00 24435908.00 21737352.00 16330330.00 9465845.00
2011 16835202.00 20387176.00 13092356.00 14588963.00 12047188.00 14054269.00 13820307.00 19148516.00 17513086.00 22051248.00 18933780.00 17746990.00
2012 19820310.00 15899594.00 18137384.00 11473150.00 10157889.00 12552448.00 15850382.00 14270422.00 14610457.00 16125902.00 19149804.00 21290510.00
2013 16259148.00 15101876.00 5391078.50 11405687.00 13837625.00 15822705.00 18663578.00 18548510.00 16795768.00 16622108.00 19061912.00 15878094.00
2014 18356704.00 17491454.00 12849559.00 12472587.00 15440786.00 13873260.00 13554955.00 14008471.00 18029318.00 19228164.00 18847946.00 15024899.00
2015 19820448.00 16004051.00 20220678.00 15343266.00 16894916.00 12830029.00 17062962.00 16069355.00 11601274.00 17941536.00 19812938.00 16169035.00
2016 12854784.00 18425248.00 15667395.00 12660016.00 14006831.00 15894045.00 19335412.00 19068442.00 19783934.00 19917426.00 18310050.00 20084184.00
2017 17305960.00 16093414.00 18243106.00 12483225.00 12550097.00 16186031.00 17956138.00 18640542.00 21207442.00 19196720.00 17031922.00 16415279.00
2018 25317216.00 22388380.00 9427074.00 15611891.00 18639410.00 14622429.00 16053581.00 21224426.00 18772380.00 15515000.00 18498762.00 16280960.00
2019 17807950.00 20649136.00 19510170.00 16704878.00 13245976.00 13387255.00 10579695.00 19677730.00 17791094.00 17777956.00 23296704.00 21711162.00
