1854 2024
1854 -0.118 -0.062 0.087 0.106 0.196 0.018 -0.200 -0.182 0.080 0.174 -0.002 -0.031
1855 0.035 0.093 0.030 -0.014 -0.069 0.013 0.080 0.074 0.154 0.061 0.101 0.286
1856 0.302 0.194 0.104 0.187 0.213 0.004 -0.076 0.023 0.065 0.004 -0.071 -0.032
1857 -0.045 -0.215 -0.264 -0.177 -0.169 -0.150 -0.245 -0.319 -0.285 -0.310 -0.372 -0.405
1858 -0.445 -0.350 -0.340 -0.524 -0.525 -0.357 -0.040 0.119 0.136 0.021 0.001 -0.145
1859 -0.039 -0.185 -0.152 -0.098 -0.095 -0.168 -0.093 -0.108 -0.025 0.002 0.215 0.311
1860 0.337 0.157 0.037 0.002 -0.061 0.089 0.020 0.131 0.085 0.021 -0.190 -0.271
1861 -0.102 -0.103 -0.185 -0.179 -0.276 -0.239 -0.116 -0.043 0.025 -0.283 -0.315 -0.371
1862 -0.337 -0.413 -0.301 -0.091 -0.070 -0.062 -0.315 -0.217 -0.024 -0.001 0.035 0.083
1863 0.211 0.030 -0.094 -0.128 -0.131 -0.058 -0.014 0.004 0.064 0.079 0.034 -0.126
1864 -0.345 -0.353 -0.394 -0.477 -0.358 -0.268 -0.199 -0.328 -0.305 -0.334 -0.401 -0.324
1865 -0.159 -0.009 0.190 0.100 -0.082 -0.116 -0.026 -0.175 -0.203 -0.125 -0.067 0.129
1866 0.218 0.363 0.107 -0.129 -0.116 0.015 0.366 0.231 -0.017 -0.019 0.055 -0.165
1867 -0.160 -0.197 -0.083 -0.064 -0.079 0.031 0.025 0.332 0.563 0.183 0.051 -0.102
1868 -0.361 -0.087 -0.099 -0.101 -0.117 -0.225 -0.250 -0.161 -0.223 -0.142 -0.220 -0.030
1869 0.037 -0.087 -0.117 -0.095 0.144 0.107 0.245 0.171 0.027 -0.018 0.035 -0.081
1870 -0.155 -0.132 -0.023 0.106 0.066 -0.031 0.065 0.069 0.231 0.028 -0.056 -0.247
1871 0.021 0.010 0.064 0.041 -0.073 -0.057 -0.026 -0.180 -0.193 -0.311 -0.155 -0.059
1872 -0.044 -0.028 -0.115 -0.131 0.062 0.094 -0.114 -0.112 -0.144 -0.009 0.030 -0.069
1873 -0.000 -0.063 -0.106 -0.035 0.056 0.018 -0.246 -0.380 -0.068 -0.132 -0.054 -0.107
1874 0.062 0.038 0.015 -0.108 -0.236 -0.339 -0.260 -0.324 -0.461 -0.449 -0.387 -0.153
1875 -0.145 -0.314 -0.257 -0.152 -0.144 -0.202 -0.205 -0.139 -0.129 -0.107 -0.144 -0.131
1876 -0.067 0.006 -0.017 -0.125 -0.230 -0.290 -0.278 -0.349 -0.530 -0.517 -0.379 -0.311
1877 -0.339 -0.249 -0.239 -0.364 -0.269 -0.124 0.100 0.048 0.323 0.442 0.434 0.445
1878 0.578 0.672 0.600 0.356 0.307 0.295 0.252 0.115 -0.025 0.047 -0.049 0.068
1879 0.132 0.047 0.047 -0.027 -0.070 -0.101 0.014 -0.055 -0.142 -0.248 -0.327 -0.490
1880 -0.372 -0.142 0.022 0.014 -0.228 -0.313 -0.347 -0.070 -0.212 -0.235 -0.162 -0.181
1881 -0.322 -0.239 -0.070 0.102 0.066 0.006 -0.056 0.084 -0.012 0.062 0.143 0.098
1882 0.104 0.111 -0.096 -0.085 -0.053 -0.211 -0.183 -0.275 -0.210 -0.194 -0.098 -0.216
1883 -0.108 -0.141 -0.206 -0.132 -0.091 -0.008 -0.055 -0.076 -0.103 -0.250 -0.275 -0.390
1884 -0.421 -0.178 -0.320 -0.339 -0.180 -0.351 -0.241 -0.141 -0.088 -0.101 -0.220 -0.289
1885 -0.356 -0.397 -0.386 -0.379 -0.233 -0.133 -0.203 -0.400 -0.450 -0.254 -0.002 0.076
1886 -0.026 -0.169 -0.001 -0.009 -0.137 -0.174 -0.228 -0.348 -0.274 -0.270 -0.142 -0.316
1887 -0.165 -0.263 -0.381 -0.496 -0.419 -0.460 -0.450 -0.365 -0.362 -0.342 -0.304 -0.316
1888 -0.341 0.026 -0.190 -0.195 -0.138 -0.076 -0.036 -0.014 -0.004 0.218 0.235 0.099
1889 -0.008 0.108 0.183 -0.008 -0.028 -0.080 -0.113 -0.160 -0.189 -0.253 -0.283 -0.268
1890 -0.399 -0.389 -0.266 -0.274 -0.333 -0.408 -0.470 -0.574 -0.554 -0.635 -0.471 -0.371
1891 -0.428 -0.471 -0.454 -0.232 -0.003 -0.013 -0.079 -0.185 -0.175 -0.155 -0.226 -0.106
1892 -0.037 0.021 -0.183 -0.079 -0.018 -0.090 -0.172 -0.100 -0.066 -0.115 -0.157 -0.253
1893 -0.201 -0.191 -0.190 -0.295 -0.416 -0.324 -0.144 -0.133 -0.265 -0.274 -0.325 -0.303
1894 -0.255 -0.237 -0.173 -0.155 -0.343 -0.354 -0.247 -0.203 -0.192 -0.157 -0.165 -0.203
1895 -0.207 -0.129 -0.076 -0.005 -0.153 -0.192 -0.183 -0.117 -0.209 -0.102 -0.177 -0.176
1896 -0.167 -0.065 -0.083 -0.001 0.026 -0.073 -0.078 -0.020 -0.086 0.010 0.165 0.330
1897 0.360 0.320 0.254 0.196 0.058 -0.028 0.126 0.094 -0.062 -0.135 -0.119 -0.065
1898 -0.248 -0.269 -0.362 -0.399 -0.334 -0.256 -0.238 -0.342 -0.288 -0.305 -0.143 -0.220
1899 -0.373 -0.385 -0.389 -0.495 -0.457 -0.490 -0.532 -0.394 -0.398 -0.326 -0.262 -0.119
1900 -0.051 0.028 0.043 0.064 0.014 0.010 -0.108 -0.117 -0.210 -0.133 0.055 0.040
1901 -0.017 -0.138 -0.257 -0.256 -0.358 -0.471 -0.480 -0.426 -0.513 -0.496 -0.303 -0.371
1902 -0.530 -0.478 -0.455 -0.352 -0.247 -0.184 -0.153 -0.099 -0.119 -0.180 -0.196 -0.178
1903 -0.161 -0.235 -0.343 -0.328 -0.233 -0.105 -0.188 -0.231 -0.403 -0.377 -0.483 -0.489
1904 -0.532 -0.544 -0.555 -0.541 -0.494 -0.502 -0.517 -0.581 -0.595 -0.451 -0.324 -0.384
1905 -0.357 -0.384 -0.247 -0.356 -0.395 -0.379 -0.444 -0.335 -0.242 -0.171 -0.141 -0.051
1906 -0.013 -0.037 -0.180 -0.268 -0.243 -0.150 -0.199 -0.226 -0.398 -0.294 -0.387 -0.404
1907 -0.296 -0.318 -0.202 -0.158 -0.216 -0.325 -0.294 -0.389 -0.382 -0.316 -0.435 -0.354
1908 -0.311 -0.327 -0.443 -0.294 -0.397 -0.394 -0.440 -0.468 -0.357 -0.325 -0.354 -0.458
1909 -0.343 -0.309 -0.376 -0.403 -0.447 -0.415 -0.446 -0.334 -0.241 -0.369 -0.388 -0.302
1910 -0.288 -0.326 -0.267 -0.368 -0.433 -0.437 -0.459 -0.402 -0.504 -0.507 -0.497 -0.509
1911 -0.253 -0.312 -0.262 -0.469 -0.424 -0.391 -0.465 -0.390 -0.414 -0.351 -0.313 -0.297
1912 -0.252 -0.142 -0.238 -0.105 -0.086 -0.105 -0.201 -0.264 -0.172 -0.256 -0.244 -0.364
1913 -0.288 -0.204 -0.396 -0.367 -0.347 -0.279 -0.353 -0.409 -0.346 -0.292 -0.248 -0.225
1914 -0.230 -0.075 -0.130 -0.153 -0.081 -0.005 -0.054 -0.081 -0.134 0.024 0.027 -0.004
1915 -0.051 0.011 0.069 0.183 0.203 0.261 0.077 -0.031 -0.116 -0.154 -0.116 -0.125
1916 -0.336 -0.419 -0.380 -0.458 -0.425 -0.281 -0.122 -0.111 -0.157 -0.296 -0.408 -0.412
1917 -0.359 -0.412 -0.642 -0.629 -0.455 -0.201 -0.080 0.048 -0.094 -0.327 -0.456 -0.318
1918 -0.376 -0.460 -0.391 -0.301 -0.625 -0.482 -0.305 -0.278 -0.112 -0.111 0.029 0.070
1919 0.186 0.202 0.031 0.028 -0.204 -0.368 -0.382 -0.297 -0.256 -0.285 -0.276 -0.206
1920 -0.022 -0.055 -0.061 -0.269 -0.239 -0.188 -0.353 -0.299 -0.166 -0.076 -0.181 -0.269
1921 -0.392 -0.345 -0.296 -0.203 -0.272 -0.208 -0.174 -0.196 -0.160 -0.102 -0.173 -0.157
1922 -0.049 -0.089 -0.197 -0.515 -0.519 -0.351 -0.272 -0.251 -0.345 -0.206 -0.124 -0.183
1923 -0.298 -0.291 -0.324 -0.218 -0.393 -0.457 -0.411 -0.379 -0.461 -0.368 -0.203 -0.059
1924 -0.164 -0.146 -0.219 -0.243 -0.342 -0.346 -0.302 -0.393 -0.348 -0.298 -0.340 -0.316
1925 -0.516 -0.516 -0.433 -0.400 -0.373 -0.298 -0.111 -0.157 -0.172 -0.067 -0.048 -0.117
1926 -0.259 -0.336 -0.185 -0.087 -0.099 -0.054 -0.162 -0.222 -0.252 -0.222 -0.311 -0.173
1927 -0.247 -0.231 -0.448 -0.348 -0.398 -0.460 -0.319 -0.313 -0.317 -0.326 -0.352 -0.292
1928 -0.011 -0.017 -0.195 -0.327 -0.306 -0.307 -0.330 -0.392 -0.484 -0.483 -0.328 -0.367
1929 -0.422 -0.479 -0.606 -0.533 -0.566 -0.514 -0.516 -0.564 -0.474 -0.453 -0.352 -0.269
1930 -0.376 -0.478 -0.372 -0.186 -0.247 -0.240 -0.373 -0.354 -0.278 -0.281 -0.112 -0.115
1931 -0.113 0.029 0.044 0.026 -0.111 -0.125 -0.150 -0.181 -0.179 -0.218 -0.183 -0.207
1932 -0.245 -0.169 -0.194 -0.336 -0.302 -0.323 -0.373 -0.300 -0.320 -0.290 -0.326 -0.360
1933 -0.170 -0.100 -0.185 -0.239 -0.264 -0.299 -0.229 -0.235 -0.236 -0.290 -0.376 -0.452
1934 -0.561 -0.528 -0.451 -0.351 -0.307 -0.238 -0.312 -0.202 -0.200 -0.194 -0.113 -0.146
1935 -0.270 -0.346 -0.493 -0.354 -0.230 -0.257 -0.430 -0.383 -0.295 -0.262 -0.236 -0.251
1936 -0.260 -0.112 -0.170 -0.198 -0.141 -0.163 -0.217 -0.128 -0.076 -0.061 -0.132 -0.055
1937 -0.113 -0.016 -0.126 -0.153 -0.216 -0.202 -0.189 -0.138 -0.107 -0.151 -0.155 -0.207
1938 -0.135 -0.144 -0.147 -0.205 -0.194 -0.144 -0.154 -0.122 -0.150 -0.157 -0.322 -0.326
1939 -0.387 -0.323 -0.316 -0.273 -0.316 -0.258 -0.265 -0.252 -0.257 -0.196 -0.158 0.075
1940 -0.166 -0.323 0.041 0.245 0.148 0.095 0.131 0.168 0.171 0.210 0.300 0.293
1941 0.300 0.314 0.396 0.376 0.316 0.422 0.525 0.623 0.374 0.569 0.543 0.443
1942 0.258 0.291 0.308 0.124 0.042 -0.012 0.095 0.098 -0.027 -0.024 0.319 0.153
1943 0.037 -0.163 -0.284 -0.254 -0.273 -0.366 -0.480 -0.297 -0.123 -0.173 0.059 0.150
1944 0.148 0.050 0.161 0.157 0.380 0.438 0.510 0.475 0.439 0.428 0.454 0.433
1945 0.377 0.071 -0.060 0.037 0.108 0.174 0.335 0.337 0.378 0.197 -0.022 0.157
1946 0.083 0.309 0.376 0.203 -0.112 -0.104 -0.244 -0.323 -0.211 -0.056 -0.204 -0.301
1947 -0.171 -0.237 -0.277 -0.323 -0.376 -0.280 -0.214 -0.228 -0.386 -0.443 -0.319 -0.387
1948 -0.281 -0.072 -0.003 -0.220 -0.147 -0.152 -0.236 -0.264 -0.303 -0.253 -0.331 -0.187
1949 -0.139 -0.217 -0.195 -0.244 -0.228 -0.119 -0.058 -0.125 -0.080 -0.146 -0.222 -0.147
1950 -0.039 -0.135 -0.164 -0.143 -0.085 -0.215 -0.176 -0.074 -0.069 -0.163 -0.323 -0.406
1951 -0.370 -0.472 -0.320 -0.317 -0.215 -0.132 -0.113 -0.252 -0.110 -0.090 -0.202 -0.249
1952 -0.245 -0.132 -0.069 -0.019 -0.105 -0.239 -0.235 -0.235 -0.228 -0.257 -0.334 -0.373
1953 -0.242 -0.047 0.016 0.000 -0.005 -0.055 -0.141 -0.212 -0.306 -0.182 -0.134 -0.077
1954 -0.149 -0.095 -0.092 -0.228 -0.304 -0.259 -0.273 -0.259 -0.305 -0.318 -0.303 -0.283
1955 0.057 -0.154 -0.143 -0.226 -0.410 -0.505 -0.382 -0.273 -0.260 -0.416 -0.439 -0.458
1956 -0.384 -0.331 -0.179 -0.266 -0.526 -0.527 -0.444 -0.323 -0.277 -0.290 -0.247 -0.301
1957 -0.207 -0.335 -0.233 -0.199 -0.040 -0.127 -0.113 -0.184 -0.185 -0.187 -0.104 -0.027
1958 0.146 0.122 -0.019 0.048 -0.038 -0.090 -0.142 -0.115 -0.069 -0.055 -0.111 0.049
1959 0.153 0.169 0.015 -0.158 0.054 -0.025 -0.073 -0.031 -0.005 -0.037 -0.065 -0.079
1960 -0.189 -0.231 -0.182 -0.241 -0.286 -0.250 -0.179 -0.165 -0.177 -0.211 -0.225 0.014
1961 0.149 0.162 0.123 -0.024 -0.068 -0.049 -0.063 -0.156 -0.186 -0.079 -0.057 -0.011
1962 -0.058 -0.180 -0.071 0.003 0.021 -0.033 0.077 0.068 0.098 0.051 -0.087 -0.073
1963 -0.222 -0.282 -0.290 -0.135 -0.149 -0.237 -0.255 -0.113 -0.067 -0.142 0.002 -0.086
1964 -0.078 -0.023 -0.037 -0.042 -0.233 -0.228 -0.255 -0.286 -0.273 -0.412 -0.572 -0.451
1965 -0.392 -0.325 -0.461 -0.372 -0.422 -0.397 -0.259 -0.274 -0.223 -0.271 -0.262 -0.172
1966 -0.054 0.030 -0.142 -0.198 -0.221 -0.139 -0.040 -0.117 -0.089 -0.151 -0.101 -0.097
1967 -0.239 -0.267 -0.197 -0.169 -0.077 -0.122 -0.132 -0.147 -0.143 -0.022 -0.108 -0.191
1968 -0.445 -0.414 -0.453 -0.419 -0.329 -0.215 -0.232 -0.198 -0.145 -0.068 -0.216 -0.057
1969 0.009 0.116 0.148 0.157 0.169 0.009 0.006 0.093 0.058 0.228 0.208 0.170
1970 0.229 0.123 0.180 0.107 0.022 -0.050 0.064 0.116 0.035 0.068 0.026 0.003
1971 -0.015 -0.303 -0.235 -0.147 -0.103 -0.202 -0.103 -0.016 -0.042 -0.209 -0.247 -0.217
1972 0.010 0.035 -0.209 -0.123 0.035 0.098 0.006 0.080 0.199 0.282 0.316 0.421
1973 0.352 0.254 0.236 0.190 0.040 -0.010 -0.012 0.061 0.115 0.121 0.005 -0.107
1974 -0.128 -0.302 -0.235 -0.145 -0.001 -0.030 0.012 -0.018 0.005 -0.110 -0.116 -0.070
1975 -0.112 -0.024 -0.155 -0.177 -0.048 0.001 0.083 -0.069 -0.021 -0.109 -0.044 -0.228
1976 -0.300 -0.075 -0.032 -0.028 0.006 0.130 0.151 0.068 0.028 0.155 0.127 0.061
1977 0.169 0.014 -0.009 0.126 0.206 0.298 0.244 0.220 0.252 0.331 0.254 0.228
1978 0.307 0.222 0.299 0.275 0.099 0.100 -0.037 0.104 0.081 0.077 0.261 0.210
1979 0.167 0.125 0.189 0.256 0.163 0.229 0.201 0.190 0.173 0.241 0.333 0.328
1980 0.227 0.111 0.108 0.132 0.314 0.161 0.190 0.068 0.120 0.180 0.313 0.282
1981 0.132 0.101 0.315 0.185 0.201 0.224 0.229 0.109 0.120 0.269 0.100 -0.014
1982 0.042 0.007 0.024 0.078 0.219 0.180 0.162 0.245 0.308 0.299 0.341 0.354
1983 0.291 0.397 0.460 0.426 0.480 0.596 0.511 0.477 0.343 0.262 0.208 0.179
1984 0.107 0.006 0.065 0.202 0.061 0.036 0.028 0.037 0.093 0.066 0.109 0.132
1985 0.155 0.182 0.198 0.253 0.251 0.150 0.222 0.161 0.206 0.112 0.067 0.099
1986 -0.092 -0.046 -0.045 0.045 0.151 0.278 0.234 0.002 0.080 0.204 0.242 0.296
1987 0.262 0.269 0.450 0.460 0.562 0.478 0.627 0.623 0.671 0.523 0.504 0.406
1988 0.579 0.747 0.659 0.553 0.395 0.457 0.439 0.553 0.524 0.374 0.203 0.142
1989 0.135 0.128 0.137 0.090 0.128 0.099 0.274 0.254 0.322 0.178 0.362 0.281
1990 0.129 0.296 0.236 0.207 0.322 0.242 0.350 0.247 0.269 0.345 0.355 0.432
1991 0.330 0.308 0.405 0.419 0.567 0.490 0.380 0.276 0.327 0.248 0.128 0.150
1992 0.282 0.245 0.212 0.234 0.434 0.387 0.305 0.256 0.137 0.074 0.143 0.130
1993 0.237 0.112 0.197 0.153 0.325 0.355 0.194 0.226 0.207 0.130 0.219 0.156
1994 0.077 0.064 0.098 0.227 0.361 0.202 0.173 0.189 0.096 0.217 0.191 0.272
1995 0.297 0.323 0.191 0.215 0.149 0.298 0.350 0.300 0.273 0.306 0.209 0.020
1996 0.184 0.242 0.249 0.175 0.167 0.268 0.189 0.107 0.187 0.132 0.264 0.329
1997 0.222 0.135 0.292 0.236 0.258 0.386 0.226 0.310 0.454 0.469 0.409 0.588
1998 0.721 0.782 0.746 0.747 0.729 0.690 0.541 0.564 0.382 0.307 0.321 0.283
1999 0.209 0.328 0.453 0.367 0.225 0.267 0.327 0.248 0.208 0.226 0.445 0.471
2000 0.473 0.316 0.276 0.360 0.319 0.271 0.302 0.366 0.440 0.407 0.292 0.249
2001 0.155 0.197 0.346 0.459 0.486 0.426 0.391 0.446 0.467 0.435 0.381 0.450
2002 0.377 0.321 0.423 0.394 0.338 0.365 0.472 0.371 0.414 0.431 0.395 0.554
2003 0.488 0.506 0.468 0.503 0.479 0.428 0.380 0.306 0.314 0.309 0.362 0.331
2004 0.480 0.468 0.403 0.482 0.290 0.195 0.237 0.283 0.321 0.309 0.302 0.328
2005 0.313 0.410 0.429 0.356 0.468 0.403 0.335 0.351 0.274 0.231 0.162 0.102
2006 0.145 0.292 0.302 0.254 0.430 0.482 0.427 0.447 0.334 0.387 0.577 0.607
2007 0.543 0.592 0.378 0.349 0.412 0.589 0.458 0.431 0.416 0.346 0.320 0.254
2008 0.310 0.187 0.137 0.194 0.232 0.305 0.320 0.376 0.534 0.502 0.407 0.348
2009 0.339 0.340 0.414 0.372 0.475 0.585 0.518 0.540 0.461 0.493 0.528 0.543
2010 0.564 0.767 0.769 0.713 0.759 0.714 0.688 0.649 0.598 0.619 0.599 0.503
2011 0.418 0.399 0.489 0.424 0.529 0.562 0.550 0.593 0.505 0.501 0.647 0.553
2012 0.519 0.508 0.353 0.519 0.582 0.514 0.539 0.656 0.608 0.624 0.555 0.602
2013 0.468 0.494 0.508 0.504 0.498 0.413 0.426 0.489 0.508 0.546 0.709 0.489
2014 0.359 0.346 0.531 0.668 0.745 0.694 0.572 0.566 0.582 0.616 0.579 0.655
2015 0.481 0.499 0.634 0.728 0.807 0.828 0.820 0.854 0.889 0.986 0.898 1.008
2016 1.038 0.805 1.030 1.000 0.857 0.673 0.610 0.601 0.419 0.412 0.422 0.449
2017 0.419 0.413 0.391 0.441 0.541 0.581 0.660 0.606 0.621 0.605 0.601 0.437
2018 0.296 0.354 0.405 0.449 0.543 0.491 0.480 0.447 0.438 0.533 0.527 0.550
2019 0.610 0.566 0.603 0.731 0.689 0.686 0.671 0.618 0.517 0.595 0.541 0.572
2020 0.606 0.560 0.684 0.695 0.648 0.653 0.674 0.563 0.540 0.583 0.485 0.386
2021 0.389 0.471 0.589 0.482 0.521 0.507 0.552 0.484 0.479 0.481 0.578 0.592
2022 0.683 0.569 0.673 0.713 0.611 0.616 0.488 0.489 0.519 0.456 0.421 0.453
2023 0.428 0.484 0.566 0.665 0.702 0.766 0.693 0.779 0.771 0.838 0.931 1.020
2024 1.012 1.017 0.875 0.977 0.996 0.946 0.958 0.870 0.864 -999 -999 -999
