1940 2024
1940 467.59 136.05 -85.44 189.76 -40.31 12.38 -243.46 -128.99 -221.14 -239.60 -121.96 -114.35
1941 50.09 -83.55 64.92 146.05 10.81 10.63 203.82 41.55 51.47 128.98 -248.82 -145.13
1942 284.94 311.54 -712.59 -107.22 -91.75 -302.78 -231.72 -171.21 35.92 -20.21 137.13 42.21
1943 31.16 -108.18 -323.54 80.09 -256.53 -332.55 -138.84 -183.11 95.73 175.82 -75.88 -224.92
1944 -171.90 51.15 26.17 -25.11 -239.96 -250.81 -198.25 -149.14 -59.27 -33.18 75.57 513.22
1945 358.11 381.76 -65.83 -227.41 368.54 -87.93 77.47 -200.12 -40.78 -83.31 -66.30 189.33
1946 -321.34 -211.79 56.97 -185.69 -173.02 -629.43 -218.87 -8.86 -86.39 -205.62 -309.40 347.49
1947 -205.48 380.66 436.03 52.69 55.08 189.88 165.33 -0.48 239.24 355.48 168.17 173.14
1948 -290.90 -335.54 -405.61 -303.22 -14.17 -49.05 103.00 -127.60 -169.30 24.69 -196.52 -612.46
1949 -97.65 -238.82 83.94 245.58 29.50 96.58 48.71 35.29 41.40 119.83 -119.45 -118.38
1950 -273.62 -153.42 -18.14 -337.08 -121.04 -67.34 -341.72 -42.83 57.26 -167.92 -154.55 35.46
1951 -112.35 -196.87 129.86 145.00 -94.65 4.77 -21.75 -47.18 506.11 -133.34 -25.45 -181.65
1952 -117.88 217.16 10.88 -91.16 -297.91 37.71 1.36 57.17 111.18 -72.33 -602.21 -82.92
1953 91.63 9.74 -39.42 431.14 237.37 178.38 -141.13 -268.25 28.35 -81.14 -52.92 -302.29
1954 -230.03 -328.28 -122.17 -143.27 -25.30 187.45 377.61 -120.34 -11.33 215.32 -508.39 33.22
1955 66.73 -68.16 -290.16 -243.57 104.58 -94.99 -158.11 -244.71 -111.84 12.60 63.89 -480.84
1956 79.62 324.52 -281.22 110.54 -91.17 60.67 60.85 -72.48 12.47 -73.11 402.38 342.35
1957 -347.72 382.26 370.32 -200.14 120.30 7.82 346.10 94.83 173.83 -60.59 -351.66 -10.84
1958 43.00 32.88 116.08 -7.61 24.25 -255.62 -268.37 192.86 26.48 63.80 -199.77 -460.85
1959 155.84 -358.49 -150.15 50.02 -128.22 259.66 -25.01 155.63 254.76 -148.70 -120.50 -237.00
1960 158.68 -331.86 -401.15 -24.58 92.55 17.70 -137.49 -102.71 -138.54 -267.60 -111.49 285.08
1961 60.52 74.08 -204.07 -268.11 -160.64 -350.57 -224.54 -129.88 -199.30 -411.00 -218.33 106.13
1962 40.32 100.76 273.58 -22.92 75.80 -54.68 -21.25 10.86 4.91 102.33 -31.12 -285.87
1963 790.78 49.00 -111.04 -409.05 -513.17 -270.35 33.42 188.61 141.84 105.64 226.57 -161.67
1964 -244.51 274.36 -0.29 -724.50 -406.54 2.93 -35.34 -94.29 -55.85 -102.09 62.93 -226.15
1965 -115.75 57.93 267.99 35.91 -83.36 -169.80 5.36 124.93 225.08 -10.18 -96.34 -36.85
1966 92.32 -428.12 22.46 -86.10 -134.03 140.84 -12.75 -81.64 -77.40 277.37 35.18 197.28
1967 -89.07 -52.72 -156.69 -171.77 -236.76 92.09 14.06 -250.85 -74.27 44.09 -189.83 485.26
1968 291.28 633.53 4.49 -181.57 12.05 20.83 69.33 205.64 -125.07 80.38 -212.07 -285.32
1969 21.52 -100.44 -20.70 -212.95 112.59 132.47 65.30 376.24 -302.75 9.03 241.56 264.25
1970 147.42 40.00 635.35 -224.74 -187.93 -108.34 300.42 -204.89 -0.26 -190.79 119.57 -46.40
1971 -293.12 36.18 71.40 -229.11 87.82 56.18 -64.24 -43.53 169.46 143.28 -46.81 40.49
1972 -689.24 -21.84 -116.72 -49.28 -88.32 -75.08 -239.32 -19.21 458.63 259.56 305.26 -167.39
1973 -333.21 61.25 217.44 -111.08 199.15 75.66 -219.34 -216.57 274.54 93.47 229.33 218.88
1974 -232.71 -7.76 246.55 112.14 -25.74 127.91 26.39 -32.09 196.94 -24.10 -113.64 -66.84
1975 164.98 163.60 95.92 -36.43 181.04 87.21 -75.96 -452.10 -298.59 -59.11 -190.62 63.99
1976 148.75 -534.65 59.18 154.66 -11.00 -54.60 -43.06 111.33 231.37 93.39 158.89 212.59
1977 364.06 280.51 -1.21 13.88 13.80 73.38 -230.35 164.64 -381.13 -365.30 77.63 -311.62
1978 135.68 194.24 147.22 242.73 -224.43 -128.96 -342.27 -142.00 -150.12 71.19 -2.87 -259.57
1979 -348.13 -207.29 17.76 348.62 125.81 -52.35 80.21 -210.61 141.18 -292.74 -59.80 -200.85
1980 205.04 280.01 -102.68 229.13 -93.00 -65.28 340.05 409.06 227.36 189.32 -258.35 637.75
1981 291.62 206.47 -94.01 -15.64 332.82 -64.25 -305.59 185.29 58.06 403.97 349.05 -200.43
1982 -53.59 -28.04 -142.91 -46.00 -6.45 -59.30 125.72 -148.12 -63.61 -284.37 -162.88 74.73
1983 -198.62 330.56 98.72 9.07 -11.15 77.24 277.60 28.28 175.97 101.76 141.96 169.86
1984 499.10 288.60 547.96 -1.96 32.33 -132.49 42.71 -291.53 180.01 41.34 -234.18 -121.66
1985 175.01 217.63 -112.66 -5.50 -314.81 -91.01 20.09 -98.06 117.28 -96.86 460.34 267.24
1986 211.32 211.56 -201.01 88.07 -1.03 -18.12 279.78 228.30 236.66 391.46 59.72 -242.77
1987 -179.21 78.93 112.08 -96.16 -199.82 -26.32 92.17 365.22 -85.27 -311.61 -38.81 -349.06
1988 75.74 233.90 219.04 328.84 99.96 2.07 -57.01 140.96 263.15 13.76 418.67 127.61
1989 -467.46 -264.95 91.41 -89.19 20.16 26.35 33.99 -67.28 -15.85 55.15 42.23 -111.94
1990 -52.99 -422.79 -100.92 258.12 247.90 72.60 -77.69 -20.52 -97.52 31.20 -365.23 -67.77
1991 197.92 162.23 -201.10 37.58 -9.74 164.91 274.22 -42.85 21.40 117.29 73.97 -211.49
1992 -251.53 1.74 -218.69 202.50 79.00 276.03 118.57 8.50 40.16 188.80 -193.69 -64.10
1993 -35.56 -93.57 -18.99 344.24 10.78 145.83 284.57 313.01 205.29 101.40 -244.28 -111.96
1994 -186.76 -99.80 208.77 -209.17 121.85 -190.95 -443.96 -307.69 282.58 -66.73 -279.66 -51.81
1995 117.46 120.27 63.07 271.65 240.57 311.11 -94.08 5.64 157.47 76.51 236.51 76.15
1996 -174.25 97.20 132.67 245.16 107.45 162.31 87.27 -59.35 -181.42 77.34 147.79 -262.58
1997 115.40 -102.71 -258.38 164.44 216.32 -130.66 -155.30 -97.25 128.03 557.22 -252.79 -277.30
1998 279.55 -248.33 -38.04 -417.30 -282.36 107.26 224.72 498.02 -289.28 -136.86 167.94 -238.77
1999 63.76 49.72 -214.73 -148.64 106.85 -170.07 -72.80 -71.16 -294.38 28.63 -113.36 95.95
2000 83.57 350.85 156.54 392.56 -46.17 -87.52 -123.38 -46.28 -78.30 -135.30 -27.24 -19.17
2001 223.07 -168.87 420.05 -140.51 65.15 -95.81 -21.88 81.62 -281.24 -118.39 36.76 111.56
2002 -100.82 -241.61 -31.44 -9.12 28.39 85.41 48.01 185.45 -84.57 542.52 643.92 -221.61
2003 37.24 -280.21 -10.26 -281.29 -340.41 -7.79 241.99 87.20 -107.03 56.09 -201.77 -11.87
2004 54.32 -18.95 163.42 -201.15 -33.60 -400.88 3.85 -84.96 -63.69 -259.96 -84.38 -246.32
2005 209.26 254.84 218.84 131.92 196.45 -9.54 68.76 -66.83 -134.45 -171.57 244.39 686.52
2006 -233.64 -76.35 47.08 319.48 -96.63 149.93 -30.50 -252.07 -34.90 -375.73 186.21 -88.03
2007 13.37 -597.38 105.85 425.12 199.48 -251.18 87.82 -44.93 -164.90 -89.71 -19.73 76.94
2008 -140.77 180.50 30.13 -199.45 236.39 121.93 -99.66 92.34 -264.16 156.67 130.97 -98.78
2009 39.75 -260.65 109.63 -86.27 -382.25 303.86 262.58 80.78 -36.00 101.17 -134.87 203.39
2010 79.68 -92.50 165.79 483.12 178.69 -134.80 87.53 -60.02 -180.98 -48.08 248.88 317.09
2011 435.98 -471.88 259.80 260.11 244.22 -33.39 85.19 47.74 -118.59 -17.92 -178.08 184.29
2012 207.99 129.79 -33.23 22.51 129.37 57.41 35.22 -333.61 87.53 136.52 424.19 378.26
2013 -50.85 113.39 -75.66 473.34 14.05 -141.93 -22.41 98.18 -201.52 -122.17 331.77 326.48
2014 -358.04 -390.12 -10.01 -39.31 310.64 166.00 11.96 320.16 58.25 -267.00 18.61 541.53
2015 -206.01 42.69 5.55 -221.61 121.16 175.23 95.47 341.89 77.10 140.11 -58.64 -77.18
2016 226.91 112.95 -61.31 141.65 -120.98 169.02 -103.91 -43.39 60.02 -160.13 -0.06 -294.22
2017 18.92 35.52 336.30 52.69 -56.30 269.12 -107.15 273.21 174.45 -244.85 237.75 283.46
2018 129.41 359.36 -713.61 -202.59 67.99 -53.05 -411.64 -183.01 170.17 482.70 -68.56 133.02
2019 -147.27 -52.93 223.89 39.16 31.20 187.48 128.77 143.36 -329.24 -109.17 -97.13 -76.15
2020 -294.91 -30.25 -68.58 458.05 192.09 15.27 233.18 -54.79 450.20 156.06 -47.58 88.28
2021 11.56 -193.93 -506.58 -196.83 306.28 187.99 -113.86 391.00 67.95 -128.97 316.17 -132.26
2022 12.88 408.89 -125.58 -276.02 129.23 96.48 159.68 3.14 -329.25 2.02 -70.74 314.39
2023 -186.01 -304.28 -398.94 -63.21 -272.60 142.35 42.63 116.27 -172.07 109.17 336.89 -47.52
2024 -227.91 -252.89 174.37 -166.75 -4.53 153.27 101.13 -84.81 -605.72 -447.05 -9999 -9999

