1940 2024
1940 593.63 271.14 -9.50 392.13 97.48 88.76 -291.17 -62.11 -89.65 -172.29 -162.87 -103.94
1941 145.88 -8.61 390.50 434.13 22.98 -99.24 230.08 50.64 32.60 234.71 -497.37 -304.69
1942 518.88 608.64 -1006.75 -69.12 -167.52 -360.74 -302.92 -121.86 4.60 25.71 223.13 -143.44
1943 -141.62 -221.11 -897.75 -137.87 -619.27 -573.49 -176.17 -307.11 -18.40 141.21 5.38 -446.94
1944 -383.87 159.14 -377.00 -18.62 -563.02 -372.74 -320.67 -281.11 -270.65 88.96 -291.87 903.31
1945 781.38 513.89 -227.25 -339.62 587.73 24.51 193.33 -396.86 -184.40 -367.04 -194.12 581.06
1946 -269.37 -42.11 163.00 -185.87 -180.52 -862.74 -342.17 -30.86 53.85 -351.79 -551.12 667.31
1947 -301.37 509.89 322.25 119.63 114.48 290.01 21.58 -55.36 239.60 220.21 112.88 375.19
1948 -486.87 -545.61 -739.75 -601.12 7.48 -32.24 5.58 -271.11 -299.90 -260.29 -610.87 -1157.19
1949 -220.12 -425.11 270.75 451.88 -87.02 -25.49 -201.42 -58.36 -81.65 -96.54 -133.37 -61.69
1950 -429.62 -297.36 -2.75 -597.62 -296.27 -87.74 -438.17 -34.61 175.60 -129.29 7.63 430.81
1951 -109.37 -373.86 315.75 202.13 -47.27 249.01 65.83 -157.11 643.35 -248.54 105.13 -283.94
1952 254.63 672.39 99.25 -95.62 -268.02 202.51 45.58 37.89 196.60 165.46 -675.37 84.56
1953 121.13 126.89 -156.00 595.13 199.23 165.51 -12.92 -128.36 124.85 -148.79 216.63 -500.69
1954 -155.87 -649.11 -50.25 -321.37 271.23 270.26 369.08 -356.36 -48.40 211.21 -742.37 -216.44
1955 175.63 -13.61 -379.25 -250.87 84.73 -150.24 -202.67 -412.86 -41.65 93.46 106.38 -657.94
1956 390.88 543.89 -436.75 395.13 53.23 64.51 17.83 56.14 -310.90 -134.79 350.63 435.81
1957 -573.87 343.64 696.75 -263.87 94.98 56.51 581.08 152.64 416.10 143.96 -665.12 -18.19
1958 23.00 -224.61 422.50 60.63 142.48 -158.74 -319.42 188.89 -111.40 68.71 -308.62 -782.69
1959 405.88 -985.61 -557.00 85.63 -174.27 345.26 102.58 17.39 38.10 -283.04 -335.87 -213.19
1960 299.13 -323.11 -545.75 193.88 92.23 57.51 -210.42 -305.61 -111.90 -355.54 -67.87 472.06
1961 336.88 260.64 -307.50 -229.37 -215.77 -275.99 -344.17 -300.11 -471.65 -610.54 -477.37 -12.44
1962 77.13 303.64 588.25 -45.62 123.73 34.26 -288.17 -45.11 83.10 148.46 20.88 -254.69
1963 1138.63 42.39 -399.75 -639.37 -525.27 -514.24 -105.17 249.64 458.10 94.96 361.13 -374.69
1964 -759.87 115.64 73.75 -1290.62 -516.27 100.01 -6.17 -292.86 -7.15 -212.04 172.88 -327.19
1965 -95.87 275.14 574.75 180.38 92.98 -2.49 143.33 184.14 522.10 46.21 168.63 393.06
1966 485.13 -200.11 176.75 -29.37 -257.02 94.76 240.83 -125.11 74.60 228.46 372.88 361.56
1967 170.13 -156.61 -124.50 -462.12 -468.27 59.26 -10.42 -201.11 62.10 -35.79 -254.37 679.81
1968 371.13 325.39 -143.50 -663.12 -64.02 80.01 135.33 381.64 -176.15 146.46 -196.12 -440.94
1969 61.63 103.39 150.50 -67.87 392.48 535.01 138.33 374.39 -305.90 29.21 324.63 672.81
1970 110.63 83.39 1136.50 -373.87 -221.27 -168.49 261.83 -248.86 -152.90 -180.04 313.63 158.56
1971 -485.12 -249.86 185.75 -137.87 111.48 20.76 83.33 92.14 183.85 258.71 -222.12 -31.69
1972 -1139.37 -194.36 -348.50 -206.87 42.73 181.01 -442.17 349.39 540.10 470.46 606.38 -231.44
1973 -622.37 168.39 538.25 11.63 301.73 98.26 -517.92 -394.11 435.60 96.46 735.13 690.56
1974 -484.37 33.39 288.00 189.13 -27.52 396.51 74.83 -152.86 314.10 111.96 4.13 -116.69
1975 225.38 421.14 144.75 -437.12 153.73 47.26 81.58 -420.61 -368.40 -232.29 -410.12 -151.69
1976 251.63 -818.61 45.75 178.63 -15.77 -15.24 4.83 366.64 375.85 324.46 340.38 375.94
1977 499.88 580.39 55.25 41.38 -108.27 92.01 -288.17 514.89 -473.40 -473.04 -67.12 -535.94
1978 500.13 572.64 215.75 412.88 -171.02 -160.99 -370.92 -259.86 -2.15 65.96 -292.12 -378.19
1979 -340.12 -261.36 102.00 435.38 197.73 -82.99 345.83 8.14 150.10 -126.04 -25.37 -522.94
1980 244.38 514.64 -0.50 493.88 3.23 -82.99 470.83 507.64 448.35 376.96 -337.37 842.56
1981 385.13 442.14 -194.25 25.13 383.73 -101.74 -433.67 567.14 330.60 690.46 736.13 -127.44
1982 6.13 -182.61 -122.75 -292.62 -54.02 150.26 309.83 -128.61 197.35 -155.79 -315.62 96.31
1983 -424.87 482.89 -236.50 -125.12 -112.27 315.51 614.83 -78.61 -0.40 355.21 261.38 348.56
1984 617.13 786.39 989.75 -187.62 -193.77 -276.74 42.08 -565.86 375.85 358.96 -338.87 25.56
1985 427.50 -34.36 -182.25 -319.12 -526.02 -299.99 100.83 -392.11 -17.40 -27.54 698.38 431.31
1986 610.38 352.89 -260.00 265.63 212.48 -155.99 173.58 245.64 215.35 467.96 175.13 -541.44
1987 -37.37 145.39 240.50 38.38 25.23 -23.24 426.83 561.89 -19.90 -395.54 62.38 -302.69
1988 175.13 437.64 396.75 518.38 321.48 167.01 -104.17 133.64 144.10 200.21 874.38 -151.19
1989 -982.62 -625.36 -115.50 -215.87 99.73 92.76 -0.67 36.89 42.85 222.21 -105.12 -433.69
1990 -34.62 -1247.86 -607.75 324.38 19.48 -195.99 -53.42 -140.36 -251.65 -64.79 -576.12 -145.69
1991 -60.62 420.89 -389.25 -195.87 25.23 121.01 387.33 -22.36 -66.90 224.71 37.13 -651.69
1992 -655.87 56.14 -547.75 282.13 202.73 360.26 298.08 -26.11 126.35 51.46 -236.62 -299.44
1993 -406.62 -192.36 -55.25 614.38 22.23 309.51 350.08 563.64 301.10 300.46 -559.37 -18.44
1994 110.38 -90.61 285.75 -239.37 376.23 -186.74 -698.92 -485.61 368.10 -245.79 -452.87 -157.94
1995 404.88 -160.86 217.50 610.63 422.48 392.26 44.83 59.14 467.85 -25.04 580.88 -4.94
1996 -55.37 211.89 285.25 512.63 42.48 189.51 -72.67 113.14 25.85 115.71 247.38 -281.19
1997 -66.37 -88.86 -348.75 17.13 232.23 -119.74 -83.42 -1.11 458.35 1045.46 -333.62 -347.69
1998 404.13 -675.36 -60.75 -814.87 -465.27 9.01 198.58 566.14 -246.90 -405.54 452.38 -294.19
1999 51.63 383.14 -295.50 -108.87 241.98 -120.49 -112.17 -62.86 -515.65 -34.29 -4.87 -3.44
2000 -386.37 609.64 522.75 715.88 -29.52 -153.74 -180.92 -203.36 -143.40 -186.29 -208.62 39.06
2001 313.88 -1.86 721.50 -53.87 -8.27 -176.24 -223.42 83.64 -307.15 -246.54 139.88 111.56
2002 -119.62 -280.86 -27.75 -271.37 -116.52 149.26 -13.17 243.14 -32.90 609.96 1159.13 -336.44
2003 86.88 -514.11 -147.25 -312.12 -522.02 -68.74 427.83 307.14 -157.65 262.71 -580.12 -46.19
2004 -16.87 101.39 232.75 -56.62 4.98 -521.24 -52.42 -12.61 -187.65 -279.79 -438.37 -568.94
2005 186.63 323.64 514.50 117.38 296.98 -68.74 179.58 -78.61 -459.90 -139.54 420.13 1057.06
2006 -294.62 -186.36 402.75 657.63 -246.77 136.26 132.08 -277.36 -48.40 -431.79 197.13 -422.69
2007 -409.87 -785.61 222.25 595.13 404.73 -292.24 482.83 -192.11 -499.90 -45.79 -64.37 33.06
2008 -168.12 228.64 -466.25 -252.62 115.98 -215.24 -192.17 116.39 -203.40 123.96 240.13 -63.69
2009 -180.12 -148.36 296.50 -297.62 -437.52 374.01 539.33 226.89 -13.90 144.96 -87.87 87.31
2010 116.13 -154.86 248.50 725.38 45.98 -357.49 157.33 -343.61 -271.40 -175.29 240.63 445.44
2011 475.50 -752.11 507.50 392.63 156.48 -67.24 -133.17 -6.61 13.85 -70.79 -604.12 209.31
2012 243.38 442.64 283.50 119.63 86.23 -164.49 -135.67 -414.86 -141.40 164.46 601.13 537.44
2013 -51.12 438.39 7.00 793.88 -171.77 -364.49 104.33 167.64 -239.15 -484.54 602.38 189.06
2014 -327.37 -678.61 -101.00 -218.12 292.23 76.76 189.83 496.39 174.35 -337.04 -17.87 997.31
2015 -431.87 -162.61 2.50 -386.62 175.73 338.26 -46.17 357.64 204.10 297.71 -513.37 -408.19
2016 156.13 292.39 -336.50 71.38 -188.27 266.51 -107.92 103.14 -209.15 -237.54 131.88 -406.94
2017 -0.62 -34.36 258.00 296.88 -5.77 397.01 -167.17 322.89 460.60 -389.54 631.63 617.81
2018 365.88 705.64 -1197.00 -391.62 40.73 -164.99 -829.42 -391.86 166.35 443.46 -190.87 129.56
2019 -104.12 -141.11 312.00 305.88 73.48 268.76 162.83 130.39 -524.40 -325.04 -226.87 -197.94
2020 -733.62 -354.61 -51.00 689.88 213.23 75.01 359.58 -192.61 322.60 173.96 -239.87 365.56
2021 233.13 -245.36 -846.50 -284.12 552.48 93.01 -423.42 377.64 -183.15 -316.29 354.13 118.81
2022 -210.62 441.39 -153.00 -416.87 222.48 -26.24 75.58 372.39 -447.90 -118.79 -192.62 575.81
2023 104.63 -435.86 -890.50 -123.87 -235.27 112.76 -125.42 -73.11 -306.65 303.96 414.38 -59.44
2024 -498.87 -687.11 438.75 -534.37 -191.02 200.51 9.83 -174.11 -945.65 -793.54 -9999 -9999

