1940 2024
1940 669.77 374.57 185.83 216.45 -38.74 18.60 -366.03 107.12 202.09 81.31 -247.76 207.43
1941 61.02 -189.43 -36.17 150.45 -97.49 7.60 95.47 8.37 82.59 71.06 -234.51 -207.07
1942 404.02 274.82 -880.67 -346.30 65.76 -132.40 -52.53 83.37 -16.41 444.81 291.24 -244.82
1943 -138.48 -18.43 -342.17 243.20 -148.74 -373.40 76.72 112.62 12.84 351.06 -113.26 -293.32
1944 -112.98 168.57 -234.92 295.20 -453.49 -263.40 46.47 -59.38 81.34 1.31 -209.76 356.80
1945 663.15 287.57 -188.92 -130.05 491.01 89.10 439.72 -106.38 -61.66 -474.19 265.49 669.18
1946 -281.48 -92.18 -134.92 -214.80 213.76 -414.65 -202.03 148.62 169.09 -347.69 -322.76 566.93
1947 -240.48 631.82 16.08 185.20 283.01 274.60 -141.53 -83.13 176.59 269.31 39.74 124.68
1948 -494.98 -214.93 -29.17 -300.80 0.01 -31.15 30.72 217.87 -88.41 -222.19 -286.76 -566.82
1949 -153.98 153.07 411.83 693.45 -66.49 101.85 -58.28 164.87 104.34 51.31 2.49 8.80
1950 -172.48 -101.68 251.08 27.95 -279.49 -137.15 -303.53 63.62 97.34 175.81 -26.76 272.43
1951 -29.48 -183.18 -96.92 -62.05 45.26 102.10 58.72 -77.13 468.09 -228.94 466.99 -75.82
1952 -30.48 229.82 283.33 -231.80 87.76 75.85 95.47 -34.13 28.84 150.31 -505.76 -28.32
1953 285.27 35.57 -71.67 644.20 146.26 133.35 81.22 63.37 -14.91 257.81 449.74 -548.32
1954 -57.98 -286.93 -97.42 -250.55 100.76 294.10 435.22 -151.88 -259.41 178.31 -159.76 -206.07
1955 75.52 -107.93 -760.42 -277.05 149.51 -279.15 -398.78 62.12 104.09 -295.69 85.74 -225.32
1956 215.77 513.57 -485.42 35.70 -353.74 -31.90 91.22 180.37 -421.41 -377.44 -172.01 560.43
1957 -400.73 -108.68 862.08 -155.05 132.26 275.35 229.72 -104.88 220.09 164.56 -412.26 -103.32
1958 -239.73 -381.43 278.08 -59.55 190.01 -64.15 37.97 111.87 -47.91 -70.19 -194.51 -440.07
1959 42.77 -1056.18 -248.67 -225.55 59.01 388.10 -3.03 -25.38 -119.66 -272.69 -472.26 -170.32
1960 89.52 -244.43 -201.92 119.45 -35.74 -51.90 52.97 -357.38 -126.66 1.06 157.99 3.18
1961 62.77 477.07 -79.92 -338.80 -426.24 -125.40 -374.03 -184.63 -464.91 -546.69 -102.26 349.43
1962 427.77 355.57 123.83 -156.05 4.51 -124.40 -216.53 -88.88 -79.16 -1.69 -130.51 21.93
1963 1104.02 435.32 -14.92 -583.80 -568.74 -791.15 -187.53 348.62 397.59 -13.69 197.49 -599.82
1964 -541.48 58.07 283.33 -1165.30 -90.24 139.10 -87.03 -218.63 -93.41 -83.69 167.49 -616.32
1965 -339.48 256.82 662.33 400.20 -173.99 -24.90 49.22 140.37 393.09 308.81 -145.51 226.93
1966 348.52 -463.93 -146.04 -103.30 -12.74 57.60 40.72 -69.88 -162.41 258.81 172.24 347.18
1967 387.77 -195.68 -134.92 -350.05 -110.99 109.85 -69.28 136.37 113.09 10.56 -352.01 -127.70
1968 271.52 127.57 -395.17 -394.80 223.76 101.85 250.47 108.87 5.59 263.31 43.99 -226.82
1969 -244.98 -402.93 -17.67 -32.55 78.26 144.85 23.72 168.37 -111.16 118.56 -202.76 212.93
1970 101.52 -104.18 826.83 -66.55 -140.24 18.60 91.72 -101.63 -278.91 -25.19 498.74 246.18
1971 -79.98 -141.18 161.58 -217.80 -94.24 110.10 -37.03 64.12 -7.16 189.56 122.99 -429.57
1972 -869.48 -325.43 96.08 -288.30 -72.74 15.60 -302.53 -21.63 409.09 145.81 391.49 -230.07
1973 -458.48 38.07 776.33 -409.80 311.01 323.10 -253.78 -362.63 390.34 16.06 668.49 733.18
1974 184.52 -114.43 232.33 -409.80 -282.74 -44.65 107.72 -91.38 161.34 -156.19 168.99 -108.82
1975 382.02 606.32 329.83 -92.80 253.01 121.10 -84.28 -230.63 -170.66 -103.19 -154.26 117.18
1976 7.52 -641.43 -149.42 -90.80 -109.99 -263.15 -0.03 186.12 359.84 297.31 -101.51 244.30
1977 17.52 444.82 -129.92 -25.05 265.51 -19.15 22.47 259.62 -203.16 -132.44 -602.26 -143.57
1978 324.77 568.07 504.58 343.20 -180.24 -335.15 -329.28 -298.88 -45.16 6.31 -0.26 -269.07
1979 -460.98 -294.93 151.58 4.20 393.76 -464.15 414.72 -25.63 -37.16 -171.44 -572.76 -441.57
1980 -6.23 277.32 30.83 -119.05 -224.49 -92.15 265.22 404.62 29.59 246.06 -185.51 728.93
1981 625.77 339.82 -158.17 288.20 47.76 -102.15 -192.53 291.37 333.34 300.06 482.24 147.93
1982 -69.73 54.57 -51.67 -33.30 -285.24 367.35 299.22 53.87 130.09 199.31 -398.51 -455.07
1983 -285.73 204.57 -169.17 -512.55 -45.74 517.60 543.47 86.37 156.84 292.81 521.49 655.68
1984 589.77 869.82 773.08 -39.05 93.01 -414.90 -19.78 -438.63 226.84 335.56 -122.51 3.18
1985 117.27 -83.18 -810.42 -409.80 -252.24 -150.15 0.72 -453.88 -133.41 -12.69 435.24 71.93
1986 460.77 414.32 61.33 110.70 106.51 7.85 51.72 -63.88 0.59 589.06 -7.51 -155.57
1987 -47.73 118.07 -28.42 7.20 -90.74 35.60 -19.03 195.12 57.59 -376.44 49.99 -303.07
1988 -358.48 345.32 -2.67 353.20 401.76 184.10 293.22 226.12 108.34 492.81 1089.24 -57.32
1989 -834.23 -532.43 203.08 81.45 124.26 99.85 32.72 139.87 -274.66 299.06 -78.01 -212.32
1990 -353.73 -1198.18 -59.42 306.70 -2.49 -490.15 20.47 -161.13 -214.16 50.31 -305.76 -86.32
1991 204.02 510.07 -613.92 -194.30 159.76 -161.65 49.97 134.37 -270.16 -182.69 -150.01 -481.57
1992 -727.23 42.07 -624.92 206.95 359.51 242.35 289.72 -251.63 163.59 128.56 -416.01 -51.82
1993 -656.98 0.07 340.83 749.70 195.76 281.10 315.72 268.62 80.59 137.31 -484.76 -131.07
1994 -0.48 605.32 247.33 116.70 18.01 126.85 -317.28 -278.38 201.34 -481.19 -167.01 -59.32
1995 393.27 249.32 228.58 220.20 -76.99 421.85 -129.78 -106.88 317.09 -110.44 721.24 632.43
1996 -82.98 84.07 141.58 708.20 305.51 34.85 -166.78 191.87 341.34 177.06 -120.01 -167.32
1997 143.52 204.57 -260.92 91.45 69.26 -133.15 36.97 -1.63 288.09 659.31 -151.51 -252.32
1998 -6.98 -401.43 202.33 -719.80 -694.49 -106.40 338.72 318.12 -180.41 -373.69 259.24 -236.07
1999 102.27 386.82 -596.67 184.95 -20.74 -205.15 -143.78 -134.38 -414.41 -204.94 51.74 23.93
2000 -672.48 799.32 525.58 552.95 22.26 -81.65 -112.03 -162.13 5.09 -305.94 -471.51 -79.07
2001 156.77 -134.93 573.83 73.95 81.26 -106.40 -344.28 181.87 -101.66 -45.94 240.24 166.18
2002 39.27 -32.93 -205.92 -311.30 120.26 166.10 -412.53 115.87 68.09 246.06 765.99 -183.82
2003 166.77 -10.43 323.33 -294.05 -221.74 -152.40 592.72 -11.63 -107.66 94.31 -563.51 322.93
2004 113.27 -111.93 -48.67 -11.30 -532.24 -501.15 -188.28 -129.63 -314.66 -331.69 -357.76 -652.82
2005 245.02 9.32 242.58 89.95 324.76 -139.15 206.72 -24.88 -301.66 -189.94 533.99 1341.68
2006 94.77 -766.18 282.83 619.45 -357.24 12.85 -89.78 22.37 19.84 25.56 90.24 -526.07
2007 -424.98 -374.93 154.83 411.45 457.76 68.10 467.47 -339.13 -472.91 -188.44 -64.51 173.18
2008 -58.23 397.32 -249.67 165.45 -138.99 23.85 -97.28 213.87 -10.66 179.06 152.99 -446.32
2009 -368.48 -156.68 47.58 13.45 -102.74 74.60 2.47 110.12 274.09 208.06 -265.01 -24.57
2010 126.77 -407.18 -344.17 61.20 235.01 -121.90 -49.03 -385.38 -148.16 -407.69 116.99 165.05
2011 595.52 -669.93 625.33 360.20 -89.24 -167.90 -136.78 -65.63 -33.16 -222.94 -423.51 239.68
2012 246.77 8.07 130.58 194.95 418.01 -29.15 -66.53 -383.88 -97.91 161.81 558.99 209.05
2013 142.52 139.82 -418.42 402.45 121.51 38.10 91.47 137.62 -318.41 -561.19 456.74 388.93
2014 -304.98 -530.93 60.58 384.70 252.01 283.35 102.47 139.12 506.34 -54.19 -165.26 654.93
2015 71.27 24.57 -2.67 -495.30 10.76 331.35 -294.53 39.37 365.59 304.56 -413.76 -294.57
2016 -233.98 -211.93 -391.67 -151.80 -350.74 128.60 31.22 327.12 -427.91 -280.94 41.74 -141.32
2017 434.02 209.57 643.83 360.95 -91.24 479.10 -46.78 277.62 532.84 -320.19 276.49 326.93
2018 139.27 197.82 -1007.42 -448.05 29.76 -275.15 -450.28 -294.88 -104.66 -49.44 -68.51 -81.32
2019 337.52 -330.18 267.83 581.45 110.76 355.85 88.97 -188.13 -456.66 -334.44 -101.26 -465.57
2020 -504.48 -284.18 -122.67 693.70 27.26 65.35 187.72 -206.88 55.09 10.31 -316.76 150.18
2021 -264.98 -244.93 -749.67 -12.05 137.51 44.85 -71.53 34.12 139.59 -148.69 373.74 283.18
2022 60.27 322.57 -301.92 -421.55 6.51 -48.65 148.47 73.62 -408.16 -43.94 21.49 68.68
2023 182.27 -305.68 -875.67 -227.05 -53.24 -57.40 -221.28 -78.88 -283.66 590.31 89.24 -176.07
2024 -304.73 -393.68 427.58 -371.30 -362.74 214.60 -193.03 135.62 -494.41 -789.94 -9999 -9999


