1982 2024
1982 -0.38 -0.93 -0.57 -0.52 -0.09 -0.46 -0.68 -0.28 -0.87 -0.24 0.91 0.66
1983 0.99 0.42 0.22 0.25 0.65 0.60 -0.27 0.37 0.04 0.27 -0.30 -0.19
1984 0.06 0.38 -0.43 0.34 0.53 1.13 0.97 0.55 0.46 0.57 0.03 -0.49
1985 -0.84 0.38 0.49 -0.13 -0.01 0.32 0.50 -0.29 -0.15 -0.41 -0.37 -0.25
1986 -0.47 -1.42 -0.75 -0.78 -0.75 -0.66 -0.80 -1.05 -0.62 -0.94 -0.59 -0.70
1987 -0.64 -0.54 -0.57 -0.61 -0.96 -0.57 -0.18 -0.09 0.30 -0.05 -0.44 -0.61
1988 -0.61 0.76 0.36 0.49 0.01 0.55 0.30 0.61 0.65 0.59 0.40 0.27
1989 0.46 1.07 0.75 0.55 0.47 -0.14 0.16 0.07 0.22 -0.07 0.53 -0.12
1990 -0.53 0.12 -0.25 -0.33 -0.45 -0.77 -0.76 -1.05 -0.60 -0.31 -0.29 -0.01
1991 -0.78 -1.47 -1.03 -0.11 0.26 0.13 -0.26 -0.00 -0.16 -0.32 -0.74 -0.83
1992 -0.22 -0.27 -0.82 -0.68 -0.93 -0.70 -0.23 -0.11 -0.28 -0.82 -0.47 -0.14
1993 -0.44 -1.32 -1.52 -1.80 -0.99 -1.22 -1.06 -0.55 -0.34 -0.61 -0.69 -0.64
1994 -0.59 -0.59 0.05 0.02 0.58 -0.15 -0.06 0.14 0.29 -0.25 -0.11 -0.08
1995 0.21 0.19 0.40 0.11 -0.39 -0.52 0.06 -0.15 -0.10 0.24 0.36 0.20
1996 -0.33 0.24 -0.25 -0.28 -0.29 0.19 0.29 -0.27 -0.02 0.31 0.49 0.75
1997 1.41 0.04 -0.05 -0.49 -0.28 -0.16 -0.71 -0.60 -0.56 0.10 -0.29 -0.06
1998 -0.27 -0.27 0.13 0.18 0.96 0.70 0.52 0.36 0.04 -0.14 -0.04 -0.16
1999 -0.45 0.05 0.64 1.40 1.08 0.62 0.85 0.48 -0.01 0.34 0.92 0.94
2000 0.92 1.07 0.31 0.29 0.12 -0.45 0.09 -0.15 0.49 -0.02 -0.25 -0.26
2001 -0.43 -0.30 -0.64 0.39 -0.14 0.16 0.33 0.56 -0.18 -0.07 -0.37 -0.19
2002 -0.51 -0.26 -0.25 -0.03 -0.31 0.09 0.61 0.03 -0.45 -0.56 -0.95 -0.36
2003 -0.29 -0.12 -0.04 -0.41 -0.65 -0.69 -1.03 -0.25 -0.66 -0.50 -0.77 -1.02
2004 -1.04 -1.31 -1.20 -0.68 -0.07 -0.21 0.35 -0.12 -0.58 -0.54 -0.18 -0.35
2005 -0.51 -0.92 -0.03 -0.71 0.34 0.40 0.27 0.32 -0.35 -0.72 -0.75 -0.99
2006 -1.31 -1.45 0.04 -0.70 0.33 -0.03 -0.33 -0.44 -0.43 -0.63 -0.05 0.11
2007 -0.05 -0.55 -0.38 -0.39 -0.16 -0.01 -0.10 -0.02 0.35 0.24 0.23 0.43
2008 0.64 0.92 0.57 1.07 0.68 0.50 0.23 0.13 0.65 0.53 0.04 0.02
2009 0.34 0.29 0.37 0.12 -0.07 0.03 0.11 0.10 0.13 -0.32 0.41 0.93
2010 -0.07 -0.89 -0.76 -1.13 -0.67 -0.15 -0.23 -0.06 -0.03 1.03 1.76 1.74
2011 2.01 2.34 1.44 1.10 0.56 0.54 -0.05 0.48 0.33 0.45 0.74 1.15
2012 1.77 1.37 1.88 1.53 0.69 1.00 0.31 -0.02 0.13 0.38 0.24 0.05
2013 0.80 1.42 0.73 0.58 0.24 -0.05 -0.06 0.06 0.01 0.29 0.61 0.91
2014 0.72 0.19 0.20 0.22 -0.32 0.10 0.06 1.10 0.74 0.43 0.08 0.11
2015 0.06 0.41 0.39 0.61 -0.08 -0.59 0.11 -0.14 0.68 1.53 0.79 -0.15
2016 0.05 -0.86 -1.06 -0.76 -1.02 -0.67 -0.41 -0.03 -0.71 -0.37 -0.27 -0.43
2017 -0.81 -0.12 -0.63 -0.50 -0.45 -0.45 -0.56 -1.00 -0.36 -0.70 -0.41 -0.39
2018 -0.32 -1.25 -0.16 -0.77 -1.15 -1.06 -0.66 -0.81 -1.52 -0.64 -1.15 -1.08
2019 -0.65 -0.78 -0.80 -0.51 -0.73 -0.70 -1.16 -1.04 -0.38 0.00 0.04 0.81
2020 0.85 -0.08 0.23 0.60 0.13 0.29 0.59 0.16 0.23 0.49 0.20 0.41
2021 1.65 0.32 0.57 0.73 0.42 -0.06 -0.10 -0.08 -0.16 -0.06 -0.12 0.22
2022 0.51 0.69 0.48 0.23 0.03 0.37 0.45 0.42 0.38 0.17 -0.19 0.44
2023 -0.09 0.03 0.55 -0.63 -0.58 -0.66 -0.74 -0.44 -0.14 0.46 0.52 0.76
2024 -0.02 -0.08 -0.09 0.90 1.13 0.91 0.30 0.46 0.49 -999.00 -999.00 -999.00
