1982 2024
1982 0.04 -1.30 -0.91 -0.86 -1.27 -0.66 0.10 -0.24 -0.14 -0.13 -0.56 -1.24
1983 -0.44 1.24 1.43 0.48 -0.01 0.19 0.09 0.26 0.23 0.14 0.02 0.33
1984 -0.29 0.32 0.50 0.55 0.55 0.14 -0.17 0.67 -0.02 -0.50 -0.54 -0.79
1985 -1.76 -1.20 -1.21 -1.47 -2.48 -1.23 -0.83 -0.54 -0.46 -0.14 -0.07 -0.48
1986 -1.45 -1.44 -1.55 -0.51 -0.03 -0.45 -0.23 -0.39 -0.19 -0.19 -1.17 -0.95
1987 -0.66 -0.57 0.46 0.80 1.24 0.71 0.50 0.58 0.31 0.01 -0.09 -0.04
1988 -0.80 -0.95 0.61 0.96 0.33 0.20 0.03 -0.58 -0.62 -0.04 -0.27 -0.59
1989 -0.08 0.49 -0.03 -0.87 -0.26 0.09 0.11 0.07 -0.06 -0.28 -0.86 -0.04
1990 -0.68 0.05 0.60 -0.12 -0.57 -0.83 -0.38 0.12 0.05 0.45 0.27 -0.39
1991 -0.12 -0.27 -1.05 -0.98 -1.73 -0.72 -0.46 -0.25 0.23 -0.77 -0.15 -0.06
1992 0.90 0.69 -0.15 -0.73 -0.52 -0.40 -0.35 -0.48 -0.39 -0.55 -0.58 -0.22
1993 -0.24 -0.07 -0.42 0.76 0.32 0.32 -0.07 -0.01 0.04 0.10 -0.84 -1.09
1994 -0.73 -0.58 0.08 -0.17 -0.52 -0.20 -0.16 -0.55 -0.54 -0.72 -0.10 0.13
1995 0.25 0.61 -0.50 -0.35 0.28 0.15 -0.02 -0.03 0.17 -0.00 0.49 -0.22
1996 0.19 -0.02 -0.67 0.49 0.46 0.25 0.30 0.30 -0.07 -0.10 -0.28 -0.19
1997 0.47 1.34 1.17 -0.30 0.09 -0.13 -0.34 -0.13 -0.01 0.21 0.24 0.28
1998 0.97 1.98 1.85 0.45 -0.36 -0.48 -0.39 -0.66 -0.33 -0.12 0.19 0.02
1999 -1.47 -1.28 -1.71 -1.01 0.00 0.02 -0.49 -0.53 -0.32 -0.79 -0.42 0.04
2000 -0.08 0.81 1.38 1.14 0.02 0.05 -0.03 -0.27 0.04 -0.59 -0.46 -0.17
2001 -0.20 0.25 1.01 0.52 0.55 0.36 0.10 0.03 -0.00 0.47 0.51 0.80
2002 1.30 1.10 0.07 -1.57 -1.21 -0.25 -0.13 0.24 -0.01 0.02 0.02 0.25
2003 -0.05 -1.34 -0.32 -0.48 0.25 -0.20 -0.30 -0.09 -0.07 0.40 0.37 0.58
2004 0.53 0.43 0.37 0.41 -0.31 -0.29 -0.04 -0.07 0.49 0.49 0.39 0.23
2005 0.78 -0.54 0.21 1.56 2.22 1.03 0.58 0.48 0.54 0.14 0.59 1.38
2006 0.44 -0.81 -0.19 1.25 0.09 0.22 0.55 0.58 0.10 0.20 0.73 -0.04
2007 0.54 0.89 0.26 0.24 -0.33 -0.85 -0.50 -0.16 -0.20 -0.15 -0.06 -0.22
2008 0.90 1.75 1.90 1.30 0.88 0.48 0.14 -0.21 0.58 0.29 0.02 -0.03
2009 -0.68 -2.00 -2.16 -1.68 -0.64 0.13 0.05 0.01 0.02 0.48 0.09 -0.12
2010 0.66 0.99 0.81 1.68 1.40 0.90 0.81 0.87 -0.22 0.07 0.21 1.12
2011 1.42 0.39 -0.25 0.18 -0.39 -0.26 0.37 0.13 0.13 0.02 0.13 0.26
2012 0.25 -0.76 -0.80 -1.71 -0.39 -0.15 -0.68 -0.62 0.14 0.13 0.42 -0.15
2013 0.63 1.12 0.93 0.05 0.23 0.27 0.29 0.27 0.10 0.23 0.39 -0.42
2014 -0.31 -1.46 -1.54 -0.36 -0.10 0.12 0.62 0.02 -0.03 0.75 -0.02 -0.15
2015 -0.19 -1.15 -1.11 -0.49 0.95 0.81 1.05 0.96 0.38 0.34 0.82 0.94
2016 1.24 1.35 0.20 -0.23 -0.96 -0.46 -0.05 0.13 0.15 0.19 0.46 -0.06
2017 0.72 -0.85 -0.19 0.70 0.55 0.25 -0.10 0.40 0.63 0.96 0.81 0.18
2018 -0.37 -1.78 -0.39 -0.60 -1.93 -1.13 -0.59 -0.47 -0.91 -0.13 -0.61 -0.45
2019 0.03 -1.14 -0.08 -0.82 -0.73 -0.93 -0.43 -0.76 -0.00 -0.06 0.06 0.32
2020 1.10 2.47 2.31 1.13 0.35 0.58 0.23 -0.12 -0.28 0.02 0.81 0.37
2021 0.25 0.24 -0.12 0.69 -0.01 -0.04 0.41 0.24 0.35 0.67 0.59 0.72
2022 1.62 1.41 -0.70 -0.40 0.07 0.51 0.75 0.35 0.17 0.20 0.64 0.90
2023 1.55 0.36 1.57 1.84 1.98 1.35 1.31 1.30 0.98 0.63 0.81 1.31
2024 2.36 2.64 1.55 1.00 1.64 1.03 0.49 0.37 0.42 -999.00 -999.00 -999.00
