1982 2024
1982 1.17 1.23 0.64 1.29 0.47 -0.12 0.18 0.38 0.43 0.42 -0.16 -0.53
1983 -2.02 -0.81 0.55 0.43 -0.46 -0.01 -0.01 -0.25 -0.86 -0.34 -0.07 -0.70
1984 -2.32 -1.56 -0.89 -0.85 0.22 0.01 -0.80 -0.70 -1.24 -0.47 -0.52 0.16
1985 -0.84 -1.52 -0.32 0.17 0.15 0.05 -0.35 -0.63 -0.67 -1.04 -1.59 -0.75
1986 -0.50 -0.20 0.09 -0.01 -0.66 -0.48 -0.68 -1.06 -0.38 -0.71 -0.78 -0.45
1987 -1.24 -1.25 -0.31 -0.17 -0.63 -0.90 -0.61 -0.40 -0.58 -0.53 -1.48 -0.63
1988 -0.63 -0.48 -1.28 -0.59 -0.34 -0.97 -0.26 -0.79 -0.06 0.06 0.63 0.39
1989 -0.78 0.62 -0.28 0.13 0.09 -0.06 -0.07 -0.16 0.15 -0.26 0.46 1.14
1990 0.86 -0.62 -0.12 -0.34 0.58 0.27 0.20 0.71 0.47 0.79 0.12 0.00
1991 -0.13 0.90 1.44 0.59 -0.16 0.31 0.20 0.27 0.54 0.30 0.42 -0.87
1992 -0.38 0.32 -0.41 -0.06 0.48 0.56 0.23 0.28 0.80 0.94 1.87 0.41
1993 -0.26 -0.81 -0.68 -0.57 -0.23 -0.00 0.08 -0.06 -0.59 -1.42 -1.62 -0.47
1994 0.96 -0.18 -0.67 -0.73 -0.65 0.53 0.91 0.66 0.02 0.10 -0.49 -0.44
1995 -0.68 -1.42 -1.49 -0.97 0.84 0.42 0.52 0.90 0.44 0.96 0.67 0.53
1996 0.55 -0.59 -0.53 -0.61 -0.41 -0.37 -0.53 -0.46 -0.77 0.38 0.60 0.39
1997 0.96 1.15 1.52 1.39 1.74 0.94 0.47 0.35 0.29 -0.67 -1.10 -1.64
1998 -0.24 0.82 0.40 -0.06 -0.91 -1.34 -0.77 0.07 -0.28 0.15 0.46 0.57
1999 1.59 1.15 0.55 -0.77 -0.40 -0.24 -0.91 -0.32 -0.63 -0.32 -0.67 -0.01
2000 1.09 0.47 0.28 0.11 -0.03 -0.71 0.20 -0.23 -0.09 -0.32 -0.29 0.49
2001 0.27 0.47 1.01 0.32 -0.72 -0.09 -0.26 -0.28 0.44 -0.13 0.03 0.60
2002 0.81 0.69 0.30 -0.64 -0.64 0.01 0.56 0.53 -0.35 -0.40 -0.01 -0.77
2003 -1.41 -1.45 -0.72 -0.56 -0.88 -0.37 -0.45 -0.41 -0.01 -0.51 -0.37 0.06
2004 0.41 0.54 0.65 1.05 1.34 0.56 0.44 0.45 0.40 0.73 0.32 -1.41
2005 -1.18 -0.61 -0.50 -0.01 0.39 0.81 0.84 0.66 0.99 0.79 0.60 0.92
2006 0.96 0.94 0.32 0.59 1.16 0.61 0.02 -0.16 0.29 0.66 1.28 0.55
2007 0.92 0.77 1.35 0.57 0.13 -0.03 -0.01 0.21 0.28 0.52 0.39 0.37
2008 0.86 0.27 -0.31 -0.62 -1.04 -0.96 -0.90 -0.66 -0.13 0.02 -0.30 0.17
2009 -0.01 0.81 0.12 0.25 -0.08 -0.49 -0.25 -0.11 0.03 -0.75 -0.57 -1.76
2010 -1.42 -0.80 -1.38 -0.22 -0.07 -0.71 -0.50 -0.64 -0.06 -0.41 0.09 0.69
2011 0.80 0.77 -0.44 0.26 0.85 0.72 0.35 0.23 -0.03 -0.42 0.18 1.33
2012 1.27 1.80 0.62 1.48 0.65 1.35 1.20 0.87 0.67 1.77 1.09 0.42
2013 0.72 0.42 0.11 -0.32 -0.59 0.42 0.46 -0.01 0.44 0.51 0.42 0.93
2014 0.93 -0.36 0.92 0.75 0.45 -0.03 0.02 0.35 0.03 0.31 1.13 1.36
2015 0.06 -0.27 0.09 0.00 -0.15 0.20 0.63 0.80 0.46 -0.28 -0.91 -1.58
2016 -0.93 -1.18 0.10 0.16 0.22 -0.20 -0.23 -0.18 0.01 0.13 0.18 -1.12
2017 -0.42 0.74 1.22 0.21 -0.10 -0.46 -0.42 -0.25 0.04 0.91 0.52 0.68
2018 0.95 1.40 1.85 1.31 0.74 0.04 0.06 0.55 -0.05 -0.18 0.27 -0.16
2019 0.10 0.26 -1.03 0.04 0.08 -0.36 0.67 0.23 0.03 0.97 -0.62 -0.58
2020 -0.99 -0.35 -0.78 -0.70 -0.94 -0.81 -0.45 0.03 0.51 0.59 0.34 1.70
2021 1.70 2.29 0.96 -0.24 -0.19 -0.24 -0.17 0.12 0.18 0.15 0.61 1.71
2022 0.50 -0.19 0.27 -0.17 0.38 0.32 0.69 0.25 0.26 0.22 0.06 0.35
2023 0.34 0.88 0.78 0.36 0.18 0.31 0.33 0.28 0.86 0.73 -1.16 -1.56
2024 -1.11 -0.76 -1.29 -0.91 -0.89 -0.29 -0.59 -0.86 -0.45 -999.00 -999.00 -999.00
