1982 2024
1982 -1.06 -1.20 -0.37 -1.65 -1.09 -0.86 -0.75 -0.62 -0.72 0.13 0.32 -0.25
1983 -0.58 -1.40 -1.23 -0.42 -0.30 -0.10 0.02 0.40 0.17 0.33 -0.39 -1.12
1984 -1.74 -2.16 -1.17 -0.84 -1.04 -0.35 -0.63 -0.78 -0.70 -0.27 -0.35 -0.77
1985 -1.30 -0.83 -0.80 -1.06 0.13 -0.92 -1.05 -0.43 -0.98 -0.46 0.17 -0.07
1986 -0.54 -1.07 -1.08 -0.08 -0.53 -0.63 -0.61 -0.07 -0.46 -0.96 -0.87 -0.71
1987 -0.15 0.24 0.40 -0.26 -0.31 -0.51 0.37 0.10 -0.19 0.39 0.06 -0.61
1988 0.32 0.09 -0.02 -0.52 0.47 0.22 0.23 -0.28 -0.15 -0.36 -0.58 -0.43
1989 -0.22 -0.13 -0.20 -0.59 -0.55 -0.52 -0.27 -0.09 0.21 -0.63 -0.16 -0.68
1990 -0.68 -0.46 -0.61 -0.53 -1.07 -0.82 -0.07 -0.41 -0.45 -0.14 0.00 -0.30
1991 -0.23 -0.55 -0.21 -0.42 -0.07 0.61 -0.43 -0.20 -0.02 -0.34 -1.34 -0.56
1992 -0.42 -0.28 0.13 0.09 -0.38 -0.29 -0.67 -0.13 0.08 -0.63 -1.24 -0.42
1993 0.38 0.16 -0.21 -0.66 0.32 -0.08 -0.10 -0.09 -0.01 -0.63 -0.21 -0.79
1994 0.20 1.06 -0.05 0.67 0.74 -0.33 -0.16 -0.67 -0.61 -0.14 -0.32 0.63
1995 0.24 -0.51 -0.63 0.03 -0.25 -0.12 -0.23 -0.71 -0.21 -0.44 -0.30 -0.17
1996 0.29 -0.18 -0.07 -0.74 -1.10 0.27 0.61 0.10 -0.07 0.09 0.18 -0.04
1997 0.25 0.05 0.21 0.19 0.06 -0.24 0.14 -0.27 0.02 0.41 0.38 0.83
1998 1.22 0.68 0.40 1.20 1.17 0.30 0.13 1.02 0.68 0.40 0.31 0.68
1999 1.45 1.72 1.26 0.93 -0.34 0.47 -0.02 -0.19 0.20 0.15 0.21 -0.15
2000 0.81 -0.12 0.39 0.63 -0.05 0.56 0.06 -0.02 -0.44 0.57 0.04 0.38
2001 0.69 0.92 0.77 0.43 0.41 0.40 -0.53 0.61 0.15 0.16 0.19 0.60
2002 0.58 0.47 0.65 1.09 0.45 0.42 0.56 -0.10 0.03 0.24 0.37 1.07
2003 0.53 0.33 0.39 0.50 0.29 -0.41 0.42 0.15 0.02 0.22 0.29 0.27
2004 0.14 -0.17 -0.33 0.09 0.54 0.22 -0.19 0.38 0.29 -0.26 -0.19 -0.31
2005 -0.70 0.07 -0.98 -0.05 0.51 -0.47 -0.08 -0.43 0.20 0.23 0.42 -0.09
2006 0.11 0.57 0.62 1.04 0.05 0.12 0.31 0.18 0.08 0.19 0.67 1.01
2007 0.26 0.70 0.77 -0.32 -0.13 0.64 0.79 0.24 0.14 0.21 -0.45 -0.09
2008 0.37 -0.71 -0.13 0.61 -0.13 -0.07 -0.09 -0.23 0.19 0.65 0.95 0.41
2009 0.01 0.93 0.73 -0.33 -0.59 -0.18 -0.05 0.16 0.20 0.07 -0.21 -0.24
2010 0.52 1.07 0.57 -0.41 -0.33 -0.71 0.03 0.72 0.17 0.14 -0.44 0.54
2011 -0.23 -0.17 -0.55 -0.74 -0.15 0.27 -0.22 0.36 0.41 -0.34 0.31 -0.23
2012 -0.91 -0.41 0.46 0.72 0.79 -0.44 0.06 -0.32 -0.05 -0.12 0.52 0.82
2013 -0.03 0.23 0.26 -0.56 -0.03 0.79 0.41 0.21 -0.21 0.33 0.40 -0.02
2014 -0.03 -0.00 -0.23 0.25 0.31 0.71 1.03 0.52 0.76 0.41 0.33 0.01
2015 -0.61 -0.15 0.49 0.05 1.08 1.20 0.22 0.27 0.56 0.50 1.25 0.53
2016 0.46 -0.14 -0.61 0.10 0.90 0.97 0.84 0.37 0.30 0.78 1.17 0.90
2017 0.96 0.55 0.57 0.63 0.37 0.30 -0.03 0.30 0.58 0.99 0.07 -0.10
2018 0.05 -0.28 1.05 0.31 1.05 0.51 -0.02 0.29 -0.32 -0.38 0.27 0.67
2019 0.32 1.50 1.53 1.38 0.36 0.94 0.31 0.10 0.43 0.80 0.82 0.17
2020 1.04 1.06 0.97 0.18 0.69 1.02 0.74 0.79 1.17 0.30 0.11 0.22
2021 0.08 1.13 1.09 0.80 1.95 1.03 0.71 0.16 1.24 1.37 1.13 1.20
2022 1.37 0.30 0.70 0.30 -0.32 0.70 0.99 1.27 1.32 0.96 0.83 1.00
2023 0.85 1.06 0.44 0.52 0.46 1.16 1.03 1.05 0.30 0.74 1.19 1.15
2024 0.90 0.98 0.95 1.82 0.64 0.93 1.79 0.79 1.02 -999.00 -999.00 -999.00
