1982 2024
1982 0.89 1.09 1.93 1.39 0.16 0.74 1.00 0.91 1.13 0.84 -0.10 -0.21
1983 -1.42 -1.02 -0.15 -0.01 -0.60 0.25 0.71 0.55 -0.19 -0.27 -0.15 -0.49
1984 -0.39 -0.98 -0.71 -1.68 -0.46 -0.04 -0.45 0.21 -0.61 -0.40 -0.39 0.54
1985 0.14 -0.44 -0.87 -0.13 -0.51 -0.42 -0.37 0.29 0.45 0.44 0.60 -0.54
1986 -0.32 -0.00 0.98 0.52 0.48 0.11 0.13 -0.02 0.12 0.53 -0.55 0.12
1987 0.25 0.18 0.37 -0.02 0.52 -0.37 -0.06 0.26 0.29 0.52 0.63 0.79
1988 0.42 -0.16 -1.54 -0.54 0.27 0.23 0.17 0.05 -0.61 -0.95 0.10 -0.08
1989 0.35 0.20 -0.49 -0.27 -0.24 0.43 0.69 0.64 -0.11 0.96 0.02 -0.79
1990 0.19 -0.50 -0.45 0.06 -0.37 0.40 -0.03 0.48 1.32 1.33 0.38 -0.07
1991 0.05 -0.04 0.33 -0.02 0.14 -0.28 -0.16 -0.01 0.58 0.20 -0.15 -0.69
1992 -0.53 -0.77 -0.83 -1.03 0.19 0.02 -0.01 -0.57 0.23 0.78 1.46 2.17
1993 1.29 0.50 -0.40 -0.06 0.44 0.52 0.12 -0.21 -0.10 -0.38 -0.57 0.67
1994 0.36 -0.30 0.02 -0.48 -1.03 0.11 -0.02 0.01 -0.61 -0.71 -1.09 -0.07
1995 -0.61 -0.30 -1.28 -0.85 -1.01 -0.32 0.41 -0.21 0.05 0.63 0.61 -0.18
1996 0.59 -0.46 -0.55 -0.16 -0.20 -0.26 -0.08 0.28 -0.03 -0.26 -0.31 -0.68
1997 0.07 0.91 1.13 0.08 0.12 0.35 0.14 0.44 0.02 -1.00 -1.68 -1.96
1998 -0.88 -0.43 -1.09 -0.86 -1.20 0.07 0.11 -0.27 -0.07 0.10 0.45 1.40
1999 1.32 2.28 1.19 0.51 -0.06 0.45 0.03 0.40 0.15 -0.46 -0.61 -0.66
2000 -1.10 -0.36 0.80 1.23 0.74 0.20 -0.13 -0.53 -0.61 -0.28 0.01 0.34
2001 -0.08 1.04 1.89 0.66 0.85 -0.80 -0.90 -0.58 0.25 0.25 0.09 -0.85
2002 -1.36 -0.33 -0.46 -1.41 -0.82 -0.96 -0.63 -0.14 -0.04 0.10 -0.55 -1.25
2003 -0.93 -0.42 0.42 0.17 0.18 0.07 -0.39 -0.62 -0.05 -0.23 0.62 0.85
2004 0.26 -0.35 0.20 1.07 0.11 -0.49 0.04 0.77 1.18 0.75 1.02 0.01
2005 0.31 0.17 -0.16 -0.21 0.12 0.26 0.18 0.05 -0.19 0.61 0.23 0.12
2006 1.06 1.90 1.48 1.44 0.88 0.67 -0.13 -0.25 -0.09 -0.21 0.72 0.85
2007 0.87 0.75 0.89 1.05 0.92 0.11 0.55 -0.01 -0.04 -0.02 0.49 -0.29
2008 1.15 0.38 0.50 0.40 -0.35 -0.40 -0.64 -0.35 -0.07 0.45 0.60 0.93
2009 0.01 0.20 -0.18 0.29 -0.46 -0.08 0.34 -0.18 0.03 -0.09 -0.48 -0.12
2010 -0.34 -1.13 -0.69 -0.37 0.11 0.81 0.59 0.30 0.13 0.04 0.75 1.67
2011 1.50 0.85 0.28 1.28 0.83 0.42 0.08 -0.55 -0.44 -0.61 -0.11 -0.70
2012 -0.51 -0.48 -0.46 -0.08 0.18 -0.39 0.11 0.73 0.16 0.26 -0.89 -0.90
2013 -0.47 -0.50 0.06 -0.07 0.06 0.06 -0.19 -0.26 -0.01 -1.04 -0.71 -0.88
2014 -0.76 -0.20 0.58 -0.57 0.08 -0.57 -0.13 -0.84 -0.93 -0.72 -0.41 0.82
2015 -0.48 -0.19 -0.80 0.10 0.09 -0.19 -0.09 0.13 -0.17 -0.35 -0.11 -0.07
2016 -0.18 -0.51 -0.61 -1.10 -0.78 -0.85 -0.59 -0.35 -0.40 0.24 0.26 0.97
2017 2.03 1.09 1.75 1.84 0.53 0.71 0.62 0.45 0.14 0.82 0.12 0.68
2018 -0.16 -0.13 0.33 0.35 0.20 0.30 -0.22 -0.08 0.72 0.62 1.26 1.47
2019 1.43 -0.08 0.78 1.14 0.34 -0.25 0.07 -0.30 -0.21 -0.64 -0.24 -1.30
2020 -1.66 -1.06 -1.37 -1.01 -0.99 -0.90 -1.15 -0.77 -0.85 -0.76 -1.37 -0.39
2021 0.84 1.53 0.24 0.47 0.54 0.44 0.79 0.04 -0.11 0.55 1.38 0.33
2022 -1.25 -0.45 0.20 0.14 0.43 0.18 -0.35 0.20 0.52 0.79 0.93 1.35
2023 2.11 0.86 0.10 1.15 0.96 0.75 0.17 0.19 0.30 0.08 0.20 -0.45
2024 -1.88 -1.86 -0.31 -0.79 -0.84 -0.51 -0.16 -0.09 0.21 -999.00 -999.00 -999.00
