1982 2024
1982 0.16 0.19 0.18 -0.23 -0.33 -0.90 -0.92 -0.98 -0.57 -0.66 -0.79 -0.67
1983 -0.32 0.01 -0.36 -0.56 -1.04 -1.01 -0.44 -0.32 -0.38 -0.38 -0.31 -0.10
1984 -0.13 0.15 0.44 -0.03 0.07 0.14 0.50 0.63 0.62 0.14 0.28 0.31
1985 -0.02 -0.03 -0.53 -0.29 -0.20 -0.42 0.09 0.03 -0.36 -0.11 -0.15 -0.19
1986 -0.48 -0.20 -0.16 0.17 -0.29 0.04 -0.65 -0.42 0.02 -0.65 -0.99 -0.58
1987 -0.67 -0.39 -0.22 -0.27 -0.13 0.12 0.77 0.60 0.43 0.22 0.41 0.32
1988 0.33 0.17 0.17 0.44 0.52 0.78 0.91 0.49 0.17 0.16 -0.04 -0.20
1989 -0.18 -0.31 -0.35 0.10 -0.02 0.15 0.19 0.39 0.07 0.02 -0.26 -0.81
1990 -0.67 -0.41 -0.31 -0.02 -0.36 -0.12 -0.41 -0.29 0.03 0.08 0.07 0.16
1991 -0.19 -0.11 -0.08 0.05 0.18 0.64 0.44 -0.25 -0.35 -0.46 -0.96 -0.93
1992 -0.63 -0.19 -0.27 -0.85 -1.28 -1.20 -0.83 -0.95 -0.65 -0.44 -0.64 -0.33
1993 -0.11 -0.62 -1.07 -0.22 -0.43 -0.38 -0.19 -0.49 0.48 0.31 0.59 0.34
1994 0.27 -0.37 0.09 0.24 0.34 -0.12 -0.70 -0.07 -0.49 -0.14 0.17 0.16
1995 0.34 -0.02 0.26 0.33 0.45 0.72 0.39 -0.08 -0.07 -0.20 0.23 -0.36
1996 -0.34 -0.24 0.04 0.43 0.63 1.02 0.60 -0.34 -0.52 -0.44 -0.71 -0.63
1997 -0.73 -0.63 -0.72 -0.83 -0.70 -1.17 -0.53 -0.23 -0.17 0.01 0.13 0.70
1998 0.72 0.74 0.41 0.35 0.26 0.56 0.49 0.32 0.24 0.12 0.46 0.13
1999 -0.18 -0.08 0.05 0.09 0.45 0.40 0.96 0.65 -0.04 -0.00 -0.12 -0.02
2000 -0.37 0.05 0.03 -0.31 -0.01 -0.66 -0.70 -0.21 -0.62 -0.55 -0.59 -0.47
2001 -0.23 -0.12 0.07 -0.06 0.00 -0.18 -0.29 -0.22 -0.22 0.08 -0.64 -0.75
2002 -0.51 -0.58 -0.04 -0.19 0.07 0.38 0.08 0.24 -0.29 -0.15 -0.04 0.39
2003 0.29 0.43 0.54 -0.25 -0.38 -0.43 0.30 0.52 0.22 0.32 0.64 0.64
2004 0.78 0.26 0.09 -0.43 -0.50 -0.70 -0.38 0.01 0.58 -0.14 0.26 0.18
2005 0.27 0.28 0.10 0.11 -0.84 -1.21 -0.66 -0.28 -0.03 0.34 0.31 0.11
2006 -0.06 0.34 -0.05 0.03 0.32 0.56 0.31 -0.02 0.35 0.09 0.24 0.38
2007 0.22 0.21 -0.19 -0.05 0.30 0.82 0.22 0.44 0.66 0.41 0.60 0.78
2008 0.87 0.44 0.57 0.44 0.68 0.86 0.55 0.76 0.27 0.16 0.35 0.38
2009 0.42 0.31 0.63 0.47 0.90 0.25 -0.22 -0.56 -0.24 -0.21 -0.16 0.34
2010 0.76 0.45 0.34 0.62 0.64 0.75 0.20 0.21 0.44 0.61 0.58 0.15
2011 0.07 0.48 0.33 0.39 -0.01 -0.62 -0.39 -0.28 0.23 0.28 0.19 -0.63
2012 -0.43 -0.59 -0.21 -0.38 -0.24 -0.13 -0.13 0.17 0.09 0.30 0.11 0.20
2013 0.57 0.31 0.51 0.20 -0.11 -0.01 -0.43 -0.26 -0.40 -0.18 -0.14 -0.08
2014 -0.03 0.03 -0.02 0.08 0.27 0.06 -0.28 -0.12 -0.19 0.07 -0.41 -0.33
2015 0.37 0.25 -0.10 0.22 0.45 0.10 0.24 -0.06 0.10 0.34 0.55 0.75
2016 0.53 0.25 0.45 0.16 0.01 0.41 0.64 0.40 0.31 0.22 0.72 0.87
2017 0.56 0.67 0.43 0.76 0.57 0.56 0.12 0.79 0.19 0.27 0.22 0.35
2018 1.04 0.27 0.16 0.03 0.32 0.68 0.85 0.65 0.74 0.91 0.50 0.23
2019 0.30 0.21 0.84 0.74 0.31 -0.31 -0.50 -0.11 0.42 0.14 0.73 1.18
2020 1.64 1.37 0.80 0.70 0.57 0.01 0.29 0.20 0.14 0.46 0.33 -0.02
2021 0.15 0.28 -0.02 0.11 0.66 1.25 1.46 1.31 1.07 1.01 1.13 0.58
2022 0.47 0.37 0.58 0.40 0.20 0.65 -0.05 0.33 0.40 0.72 0.49 0.57
2023 1.08 0.80 0.45 0.66 0.98 0.34 0.62 0.65 0.74 0.66 1.05 1.66
2024 0.88 1.39 1.83 1.44 0.90 0.19 -0.05 0.26 0.53 -999.00 -999.00 -999.00
