  1948        2023
 1948   -0.760   5.780  -1.470   4.740   4.810   4.340   3.920   2.600   1.460   2.110   2.600  -3.450
 1949   13.120   2.110  -0.900  -0.930   0.250   0.600   3.920   5.470   3.130   0.200  -0.970   1.610
 1950    1.100  -5.120  -0.420   1.670   4.210   3.420   4.660   5.410   2.940   3.970   6.580   7.760
 1951    4.260  -0.650  16.960   9.250   1.430   7.700   1.610  -1.280   1.170   1.280  -6.910  -7.620
 1952   -5.040   8.270  11.470  -4.690   9.050   4.450   4.570   3.900   3.780   1.340   5.380  13.040
 1953   12.380  -1.580   1.320   9.310   4.830  -0.160   3.020   2.900  -2.220  -3.060  -1.430  -3.300
 1954   -1.500  -5.750  -4.110   1.490  10.140   1.120   3.450   4.310  -1.500   1.030  -3.530  -1.780
 1955   15.820  10.410   6.490   2.540   3.540   4.000   3.530   6.110   4.210   5.130   9.180   5.490
 1956   13.750   9.340  -4.330   2.900  -4.140  -3.700   0.750   0.330   0.380   4.130   4.550  -5.460
 1957   -6.060  -2.620  10.600  -4.720   2.830   3.290   0.880  -0.500   2.740   3.300   2.040  -6.490
 1958   14.050  15.950  14.770   3.000   6.180   6.900   2.510   4.650  -0.550   0.950  -2.220  -2.420
 1959    5.940  -4.840  -9.320  -2.930   0.440  -3.470  -0.320   1.320   1.790  -1.650  -2.890  -4.700
 1960    6.860  16.070  -2.590  -1.160   1.680   0.560  -0.650   2.080  -0.130   3.050  -0.100  -2.670
 1961   -7.330  -2.170   3.640  -1.010  -1.130  -4.390   3.010   2.590   1.410  -3.020   7.230   7.260
 1962   -8.660   1.100  13.920  -2.990   3.480  -0.630   2.640   1.890  -0.190   0.800   5.840  10.430
 1963    7.220  -0.210  -2.350   3.040  -5.390   1.260   3.460  -1.650  -2.540  -0.860   0.470  -7.930
 1964    4.410   2.100   2.810  -6.270  -0.520  -1.250  -2.690   3.550   1.550  -1.820   7.820  11.880
 1965    0.180   9.540  -3.040  -4.830   0.060  -2.010  -2.860  -0.020  -0.300  -4.210  -0.560  -5.220
 1966    9.020   4.190   3.740   1.160  -3.970   0.240   0.460   0.490   0.820   3.470   4.460   1.950
 1967    4.080  -9.950  -3.770   6.010  -5.440  -0.420  -1.910   2.370   5.350   1.720  -4.220   7.480
 1968    4.720   9.220  -0.620   4.160  -3.190  -1.130   0.610  -2.220  -0.890  -0.680  -5.620  -1.180
 1969   11.210  18.350  10.130  -6.510  -4.410  -0.860   1.360   1.960  -0.980   4.420   8.830   3.930
 1970   10.060   4.880  12.050   3.950   3.710  -2.090   3.000   1.860  -0.560   3.070   1.490   1.700
 1971    2.900  -0.450  -6.220  -2.860  -4.470  -3.880  -1.660  -2.930   4.750   3.730   5.850   6.760
 1972   -6.480  -6.290   1.970  -4.320  -6.160  -4.060  -3.870  -7.880   0.430  -0.330  -6.760 -15.130
 1973   -4.600  -9.910  -2.580   6.060  -3.720  -3.930  -5.720  -5.670  -3.700  -4.510   4.480   5.580
 1974   -9.610  -7.570 -11.910 -10.170  -0.680  -2.370  -1.800  -3.640  -3.830  -4.350  -2.780  -1.600
 1975    0.060  -4.250  -2.280  -2.860  -4.370   0.340   0.270   1.560  -1.100  -3.650  -0.150  17.070
 1976    0.670  -8.000  -9.420   1.600  -4.710  -1.930   3.020   1.840  -1.570  -5.270  -6.990  -6.580
 1977    0.840  -3.530  -3.180   1.050  -1.490  -0.790  -2.670  -7.360  -2.650  -5.490  -0.750  -0.580
 1978   -3.940  14.820  -5.830   3.400  -5.030  -3.720  -2.920  -2.140   0.540   3.370  -3.220   0.710
 1979   11.180  10.580   2.000   6.930   1.570   5.280  -0.990  -3.770  -1.970  -3.620  -2.490  -2.670
 1980    9.430  -1.770   2.090   7.360   3.450  -4.900  -2.590   0.540  -6.920  -1.190   1.720  -4.200
 1981    1.030   2.800  12.440   2.020  -0.990   6.180   1.090  -0.620  -0.540  -6.420   2.520   0.860
 1982    5.420  -7.200  -6.060   4.080   0.790   2.640  -1.010  -2.100  -6.650  -4.380  -8.680  -8.320
 1983   -7.050   9.920   3.030   3.600  -2.530   1.710  -4.080  -7.170  -3.310  -1.880   9.660  -2.380
 1984  -16.780  -6.140  -4.400   0.720  -3.950  -4.690  -2.160  -5.860  -3.850  -4.330  -3.440  -5.430
 1985    0.550  -5.410  -6.830  -9.440  -3.240   2.750  -1.060  -1.380   1.690  -1.220   5.030  -7.410
 1986  -14.920   0.630 -15.950  -4.870  -0.850  -3.950  -2.150  -1.890   1.770  -4.150 -10.960  -7.760
 1987    6.980   2.140   4.040   2.340   2.830  -2.050  -4.460  -3.060  -0.720  -9.700   1.260   0.450
 1988  -12.840  -3.730  -3.640   2.400  -2.370  -2.320   1.160   0.990   0.860  -2.530   1.420  -0.420
 1989   -9.140 -11.640 -10.850 -12.650   1.580   4.580  -3.010   1.540  -3.750   1.200  -1.680   1.920
 1990   -9.760  -2.030   0.930  -1.330   2.560  -3.350  -0.930  -0.200   0.800   2.000  -2.030  -0.280
 1991   -6.100  -7.160  -5.170  -0.370  -2.260  -4.250  -1.070   1.700  -4.150   6.120  -4.690   3.040
 1992    3.350  -7.430  -4.700  -1.400   1.730   1.230   2.310  -3.250  -1.810   5.110  -1.700  -2.790
 1993   -5.600  -0.560  -3.110  -1.770   3.580  -1.000  -1.000  -4.530  -9.040  -1.190 -11.640  -9.640
 1994  -13.270  -6.820  -9.900  -1.910  -5.680  -2.760  -2.660  -5.580  -0.900   1.960  -3.210  -3.760
 1995   -5.610 -10.110  -1.610  -0.390   2.080   4.320   4.910   7.220   4.810   5.550   4.070   9.560
 1996    3.530  -3.450  -1.310   1.660  -0.570  -3.210  -3.490  -4.170   0.030  -1.290  -7.700   3.840
 1997    8.610  -6.610  -0.940  10.000  -0.360   1.300  -3.910  -3.520  -3.560   4.000  -5.750  -7.600
 1998   -3.650  11.780  -1.750  -5.330   2.160  -0.770   0.530   0.060   3.060   1.250   0.080  -5.710
 1999   -6.700   0.610  -2.100   0.710   2.550  -2.010   5.450   5.940   3.290  -1.580   5.620   1.620
 2000   -0.920  -8.210   7.180  -3.550  -1.530  -2.520  -0.770  -1.570  -2.020  -5.160  -2.640  -4.760
 2001   -3.200   2.590   2.930  -1.840   2.070   2.880   1.550   5.450   9.100  -2.140   8.150  13.860
 2002   -1.820   1.390  -3.610  -7.460  -4.510  -0.600  -3.360  -0.290   4.180   3.810  -8.820   1.180
 2003  -10.990 -11.920   0.330  -0.570  -1.260   0.640   1.820   5.600   7.440   4.530  -3.510   5.430
 2004    0.820   2.090  -3.930   0.810   1.040   5.370   0.440   1.950   2.690   7.080   9.090  -3.210
 2005    1.020   4.220  12.950   4.940   9.280   6.980   3.720   4.190   0.370   2.350   4.350   6.300
 2006   -2.950  -2.910   4.480   2.260   1.300   0.500  -1.380   5.600   3.910   3.570   1.600  -6.760
 2007   -0.970  -3.450  -8.480   3.710  -3.640   2.330   1.460   4.050   6.300   4.700   4.780  -1.190
 2008   -1.950  -1.840  -2.160   1.530   0.880   2.320   4.410   4.150   4.740   0.310   7.240   2.220
 2009  -10.510  -7.250   1.500 -10.030  -6.220  -0.090   1.460  -0.750   2.680   7.480  -5.720   8.830
 2010    5.810  16.290   4.490  12.340   0.150   0.340   3.760  10.170  12.670   4.190  12.500  15.730
 2011   -1.060  -5.260  -1.790  -0.770   4.050   1.280  -3.140   3.430   5.360   2.820  -0.300  -1.730
 2012    1.080  -6.710   1.740  -0.770   6.540   3.980   3.580   7.510  12.810  14.310   0.950   3.170
 2013    2.990   3.660  14.960   1.000   1.390  -2.790   3.610   2.130   5.200  -0.150   1.420  -4.110
 2014   -9.800 -13.080  -7.200   0.550  -6.100  -2.430   1.910   0.630   5.420   6.170  -7.010   2.080
 2015  -11.400  -6.570  -9.150  -5.550  -2.250  -0.540   0.390   3.180   4.850   1.670  -8.640  -8.240
 2016   -2.910 -15.370  -2.640   4.880  -2.160  -0.160   1.710   3.470   0.800   4.330   3.610  -1.970
 2017    6.730  -5.010  -7.110   9.030   1.670  -0.580   1.150   2.100   3.740   0.620   3.590  -2.390
 2018   -9.520  -2.450   2.400  -7.510  -4.840   4.390  -0.670   1.190   4.510   1.190  -8.000  -3.660
 2019    2.320  -4.950 -10.760  -3.890   3.110   3.430   2.420   6.160   6.060   4.990  -9.080  -4.250
 2020   -0.050  -4.860  -2.500   3.770   2.790   6.070   5.440   8.660  10.540  -1.150  -1.850   1.910
 2021    7.180  -3.960  -5.010   7.330  -1.350  -0.920   1.950   4.600   2.070   0.220   3.550  -1.200
 2022    2.910  -5.460 -10.260   4.430   4.950  -3.000   0.570   4.780   3.920   0.950  -4.950   6.900
 2023   -2.190  -0.180   8.310   4.160   0.230  13.100   2.980   5.360   7.350   5.720  -2.990   0.390
  -99.0
  Wind AMM
 https://psl.noaa.gov/data/timeseries/monthly/AMM/
 orig from 
 http://www.aos.wisc.edu/~dvimont/MModes/Data.html
