 1854 2024
1854 0.28 0.34 0.34 0.16 0.02 -0.18 -0.07 -0.20 -0.04 0.09 0.20 0.41
1855 0.29 0.26 0.13 0.01 -0.10 -0.06 -0.07 -0.14 -0.18 0.19 0.31 0.14
1856 -0.10 -0.21 -0.12 -0.17 -0.22 -0.18 -0.34 -0.16 0.04 -0.04 0.01 -0.11
1857 -0.10 -0.03 -0.15 -0.22 -0.33 -0.22 -0.29 -0.17 -0.13 -0.27 -0.32 -0.07
1858 -0.13 -0.27 -0.40 -0.17 -0.25 -0.28 -0.39 -0.42 -0.27 -0.11 0.04 -0.13
1859 -0.29 -0.22 0.08 0.13 0.08 -0.12 -0.20 -0.08 0.17 0.13 -0.09 -0.02
1860 -0.04 -0.08 0.02 -0.02 0.10 -0.17 -0.23 -0.35 -0.32 0.08 0.31 0.34
1861 -0.01 -0.34 -0.24 -0.04 -0.14 -0.23 0.03 0.38 0.27 0.11 0.11 -0.02
1862 -0.25 -0.13 -0.16 -0.45 -0.50 -0.51 -0.76 -0.61 -0.49 -0.56 -0.09 -0.17
1863 -0.37 -0.34 -0.18 -0.25 -0.07 -0.19 -0.37 -0.22 -0.20 -0.28 -0.08 -0.25
1864 -0.39 -0.41 -0.47 -0.18 -0.07 0.00 0.09 0.17 -0.00 -0.06 0.30 0.54
1865 0.03 -0.20 -0.19 -0.23 -0.26 0.07 0.25 0.14 0.11 0.40 0.09 0.16
1866 0.11 0.07 -0.09 -0.19 -0.06 0.30 0.13 -0.17 -0.08 0.04 0.26 0.39
1867 0.25 0.12 0.01 -0.21 -0.10 -0.18 -0.13 0.07 0.05 -0.07 0.02 -0.12
1868 -0.09 0.07 0.23 0.07 0.29 0.32 0.12 -0.11 -0.33 -0.22 -0.03 -0.24
1869 -0.18 -0.01 0.16 -0.08 0.01 0.02 -0.02 -0.25 -0.16 -0.15 -0.03 -0.01
1870 0.11 0.16 0.03 -0.05 0.05 -0.24 0.10 -0.29 -0.22 -0.05 0.04 -0.01
1871 -0.34 -0.30 -0.10 0.06 0.16 0.18 0.13 -0.17 -0.31 -0.39 0.03 -0.01
1872 -0.19 -0.35 -0.43 -0.35 -0.14 -0.11 -0.12 0.15 -0.06 -0.12 -0.29 -0.24
1873 0.00 -0.23 -0.34 -0.37 -0.24 -0.27 -0.34 -0.05 -0.04 0.16 -0.03 0.14
1874 0.12 0.01 -0.03 -0.07 -0.14 -0.13 0.05 0.02 0.01 -0.08 -0.24 -0.39
1875 -0.21 -0.03 -0.12 -0.14 -0.08 -0.07 -0.12 -0.16 0.04 0.35 0.08 0.04
1876 -0.08 -0.18 -0.35 -0.53 -0.38 -0.19 -0.10 0.10 0.28 0.55 0.20 0.13
1877 0.03 0.22 0.31 0.26 0.34 0.42 0.39 0.23 0.37 0.73 0.67 0.62
1878 0.45 0.36 0.74 0.69 0.62 0.47 0.38 0.64 0.34 -0.04 0.04 0.43
1879 0.13 0.20 -0.06 0.09 0.21 0.09 -0.08 -0.21 0.07 0.36 0.19 0.10
1880 0.15 0.17 0.18 0.11 -0.13 -0.19 0.08 -0.02 -0.03 0.15 0.03 -0.00
1881 0.28 0.36 0.23 0.06 0.10 0.08 -0.06 -0.19 -0.15 -0.26 -0.40 -0.36
1882 -0.03 -0.04 -0.09 -0.11 -0.22 -0.17 -0.13 -0.19 -0.28 -0.12 0.03 -0.00
1883 -0.07 -0.23 -0.37 -0.36 -0.42 -0.39 -0.43 -0.49 -0.63 -0.36 -0.19 -0.05
1884 -0.19 -0.19 -0.28 -0.43 -0.25 -0.48 -0.68 -0.53 -0.52 -0.41 -0.48 -0.23
1885 -0.22 -0.20 -0.29 -0.23 -0.23 -0.41 -0.41 -0.23 -0.26 -0.08 -0.04 0.01
1886 0.15 0.15 0.05 0.07 0.14 0.03 -0.09 -0.32 -0.39 -0.18 -0.19 -0.18
1887 -0.28 -0.22 -0.17 -0.21 -0.12 0.08 -0.04 -0.21 -0.29 -0.07 -0.00 0.02
1888 0.05 -0.03 -0.05 -0.29 -0.14 -0.07 -0.34 -0.41 -0.31 -0.14 -0.08 -0.03
1889 -0.10 -0.11 -0.02 0.02 0.04 -0.13 -0.34 -0.32 -0.26 -0.19 -0.02 -0.06
1890 -0.13 -0.21 -0.29 -0.52 -0.47 -0.47 -0.76 -0.86 -0.65 -0.24 -0.32 -0.47
1891 -0.57 -0.41 -0.28 -0.20 -0.23 -0.28 -0.24 -0.28 -0.25 -0.35 -0.52 -0.29
1892 -0.22 -0.26 -0.24 -0.37 -0.55 -0.66 -0.68 -0.51 -0.62 -0.61 -0.43 -0.34
1893 -0.22 -0.25 -0.38 -0.45 -0.37 -0.18 -0.30 -0.27 -0.32 -0.21 -0.14 -0.21
1894 -0.30 -0.36 -0.48 -0.60 -0.46 -0.62 -0.55 -0.64 -0.53 -0.56 -0.52 -0.39
1895 -0.28 -0.39 -0.60 -0.70 -0.60 -0.51 -0.40 -0.45 -0.24 -0.13 -0.22 -0.21
1896 -0.27 -0.23 -0.24 -0.22 0.14 0.03 -0.21 -0.15 -0.04 -0.08 0.03 -0.12
1897 -0.26 -0.13 0.06 -0.01 -0.11 -0.17 -0.17 -0.33 -0.36 -0.27 -0.20 -0.26
1898 -0.25 -0.16 -0.13 -0.24 -0.24 -0.13 -0.10 -0.12 -0.11 -0.25 -0.36 -0.34
1899 -0.21 -0.30 -0.35 -0.13 -0.12 -0.23 -0.21 -0.05 -0.09 -0.20 -0.03 0.07
1900 0.07 0.01 -0.15 -0.19 -0.39 -0.43 -0.40 -0.33 -0.27 -0.14 -0.17 -0.16
1901 -0.12 -0.09 -0.23 -0.24 -0.21 -0.11 -0.14 -0.12 -0.19 -0.33 -0.42 -0.51
1902 -0.30 -0.36 -0.41 -0.51 -0.44 -0.63 -0.70 -0.60 -0.45 -0.26 -0.28 -0.37
1903 -0.38 -0.28 -0.27 -0.36 -0.44 -0.68 -0.81 -1.00 -0.84 -0.73 -0.60 -0.63
1904 -0.65 -0.71 -0.80 -0.82 -0.80 -1.01 -0.96 -0.82 -0.92 -0.76 -0.58 -0.55
1905 -0.65 -0.67 -0.66 -0.62 -0.50 -0.66 -0.64 -0.78 -0.86 -0.68 -0.63 -0.65
1906 -0.32 -0.27 -0.35 -0.39 -0.49 -0.34 -0.46 -0.49 -0.53 -0.49 -0.29 -0.47
1907 -0.52 -0.61 -0.53 -0.51 -0.59 -0.71 -0.78 -0.83 -0.59 -0.49 -0.53 -0.50
1908 -0.53 -0.56 -0.55 -0.70 -0.59 -0.47 -0.39 -0.52 -0.55 -0.48 -0.41 -0.34
1909 -0.37 -0.51 -0.51 -0.64 -0.53 -0.70 -0.79 -0.65 -0.55 -0.48 -0.65 -0.57
1910 -0.64 -0.55 -0.58 -0.59 -0.71 -0.80 -0.86 -0.71 -0.50 -0.48 -0.34 -0.46
1911 -0.50 -0.47 -0.63 -0.70 -0.64 -0.57 -0.55 -0.51 -0.48 -0.40 -0.46 -0.46
1912 -0.50 -0.54 -0.51 -0.48 -0.46 -0.61 -0.84 -1.07 -0.84 -0.64 -0.62 -0.53
1913 -0.49 -0.44 -0.51 -0.77 -0.80 -0.96 -0.88 -0.86 -0.77 -0.57 -0.53 -0.37
1914 -0.33 -0.44 -0.63 -0.58 -0.55 -0.67 -0.88 -0.85 -0.53 -0.24 -0.25 -0.29
1915 -0.24 -0.15 -0.11 -0.17 -0.04 -0.02 -0.03 -0.03 -0.04 -0.06 -0.04 -0.08
1916 -0.18 -0.15 -0.33 -0.33 -0.26 -0.27 -0.40 -0.53 -0.44 -0.16 -0.42 -0.47
1917 -0.52 -0.49 -0.52 -0.57 -0.52 -0.43 -0.45 -0.47 -0.68 -0.51 -0.39 -0.30
1918 -0.27 -0.34 -0.50 -0.51 -0.48 -0.58 -0.69 -0.78 -0.72 -0.58 -0.34 -0.15
1919 -0.19 -0.11 -0.11 -0.28 -0.40 -0.54 -0.73 -0.49 -0.31 -0.19 -0.31 -0.37
1920 -0.45 -0.44 -0.42 -0.44 -0.50 -0.62 -0.76 -0.76 -0.52 -0.40 -0.43 -0.42
1921 -0.37 -0.25 -0.24 -0.29 -0.47 -0.48 -0.36 -0.64 -0.44 -0.10 -0.26 -0.16
1922 -0.21 -0.24 -0.42 -0.58 -0.62 -0.60 -0.83 -0.74 -0.64 -0.43 -0.45 -0.38
1923 -0.40 -0.49 -0.53 -0.62 -0.55 -0.66 -0.74 -0.89 -0.72 -0.45 -0.38 -0.13
1924 -0.25 -0.36 -0.32 -0.34 -0.22 -0.39 -0.56 -0.60 -0.57 -0.45 -0.45 -0.40
1925 -0.48 -0.38 -0.38 -0.39 -0.30 -0.45 -0.47 -0.50 -0.42 -0.27 -0.36 -0.15
1926 -0.06 -0.04 -0.17 -0.10 -0.18 -0.23 -0.28 -0.33 -0.22 0.07 -0.09 -0.01
1927 0.01 0.01 -0.05 -0.10 0.01 -0.14 -0.25 -0.23 -0.15 0.04 0.10 -0.03
1928 -0.11 -0.22 -0.21 -0.39 -0.36 -0.30 -0.30 -0.33 -0.23 -0.17 -0.20 -0.22
1929 -0.17 -0.17 -0.21 -0.23 -0.46 -0.57 -0.58 -0.53 -0.36 -0.21 -0.22 -0.32
1930 -0.28 -0.33 -0.33 -0.51 -0.36 -0.38 -0.32 -0.38 -0.11 0.10 0.17 0.08
1931 0.06 -0.01 0.03 0.02 0.06 0.01 -0.13 -0.17 -0.02 0.17 0.03 0.09
1932 0.16 0.20 0.16 0.12 -0.02 -0.01 -0.10 0.17 0.20 0.11 0.04 0.04
1933 0.06 0.13 0.01 0.14 0.16 0.06 -0.05 -0.07 0.03 0.33 0.12 -0.12
1934 -0.12 -0.25 -0.22 -0.25 -0.30 -0.16 -0.12 -0.15 -0.06 0.10 0.01 -0.05
1935 -0.00 -0.15 -0.21 -0.11 -0.10 -0.12 -0.23 -0.21 -0.30 -0.17 -0.02 0.02
1936 0.03 0.00 0.08 0.03 -0.02 0.09 -0.17 -0.15 -0.13 -0.00 -0.07 -0.03
1937 0.07 0.06 0.04 -0.07 0.00 0.35 0.36 0.36 0.39 0.22 0.24 0.28
1938 0.08 0.00 0.02 0.00 0.03 -0.06 -0.19 -0.13 -0.04 0.07 0.14 -0.04
1939 -0.09 -0.06 -0.24 -0.30 -0.19 -0.06 -0.16 0.07 0.19 0.14 0.07 0.18
1940 0.30 0.17 0.12 0.13 0.17 0.23 0.18 0.21 0.23 0.35 0.36 0.37
1941 0.40 0.28 0.07 0.23 0.13 -0.07 0.07 0.16 0.29 0.59 0.60 0.51
1942 0.11 0.10 0.20 0.24 0.26 0.18 0.12 0.14 0.20 0.17 0.19 0.06
1943 0.01 0.01 -0.13 -0.07 -0.03 -0.09 -0.16 -0.12 -0.03 0.07 0.10 0.11
1944 0.24 0.41 0.36 0.31 0.07 0.23 0.18 0.22 0.39 0.39 0.33 0.29
1945 0.35 0.41 0.45 0.59 0.43 0.30 0.18 0.43 0.38 0.23 0.01 0.06
1946 0.00 -0.04 0.05 -0.09 -0.15 -0.42 -0.42 -0.37 -0.17 -0.12 -0.15 -0.22
1947 -0.31 -0.30 -0.28 -0.30 -0.34 -0.35 -0.37 -0.31 -0.34 -0.20 -0.01 -0.20
1948 -0.13 -0.14 -0.09 -0.20 -0.12 -0.15 -0.20 -0.22 -0.29 -0.15 -0.00 -0.08
1949 0.11 0.14 -0.06 -0.02 -0.13 -0.20 -0.04 -0.02 -0.02 0.04 0.08 0.03
1950 -0.03 -0.13 -0.16 -0.22 -0.23 -0.22 -0.31 -0.28 -0.28 -0.23 -0.00 0.04
1951 0.04 -0.07 -0.08 0.05 0.12 0.16 0.31 0.17 0.12 0.13 0.13 0.12
1952 0.00 0.04 0.09 0.02 0.05 0.28 0.25 0.33 0.21 0.24 0.09 0.17
1953 0.14 0.07 0.01 0.16 0.27 0.18 0.17 -0.02 0.09 0.07 0.24 0.24
1954 0.15 -0.01 -0.05 -0.11 -0.05 -0.08 -0.18 -0.27 -0.22 -0.06 -0.10 -0.06
1955 0.08 -0.06 -0.10 -0.08 0.07 -0.11 0.16 0.17 0.14 0.15 0.29 0.12
1956 0.10 -0.02 -0.09 -0.10 -0.22 -0.43 -0.28 -0.25 -0.30 -0.09 -0.14 0.01
1957 -0.16 -0.12 -0.06 -0.16 -0.27 -0.14 -0.10 0.06 0.11 0.10 0.03 0.04
1958 0.09 0.16 0.31 0.30 0.15 0.12 -0.05 0.04 0.04 0.04 0.12 0.14
1959 0.07 0.11 -0.07 -0.19 -0.15 -0.15 -0.18 -0.12 0.04 0.08 -0.01 -0.05
1960 0.06 0.09 -0.05 -0.06 0.15 0.18 0.10 0.17 0.08 0.22 0.15 0.06
1961 0.08 0.08 0.17 0.18 0.12 -0.02 -0.06 0.04 -0.03 0.00 0.15 0.26
1962 0.14 0.17 0.13 0.04 -0.07 -0.17 -0.12 -0.19 -0.10 0.08 0.11 0.22
1963 0.18 0.07 0.01 0.01 -0.17 -0.14 -0.17 -0.14 -0.22 -0.04 0.02 -0.03
1964 -0.14 -0.05 -0.08 -0.28 -0.03 -0.08 -0.19 -0.35 -0.35 -0.30 -0.21 -0.18
1965 -0.25 -0.23 -0.16 -0.12 -0.18 -0.29 -0.36 -0.32 -0.34 -0.26 -0.28 -0.09
1966 -0.16 -0.05 -0.04 0.02 -0.09 -0.15 -0.11 -0.16 -0.11 -0.05 -0.03 0.07
1967 0.01 -0.01 -0.06 -0.03 -0.30 -0.36 -0.27 -0.21 -0.21 -0.17 -0.21 -0.14
1968 -0.25 -0.21 -0.28 -0.18 -0.27 -0.39 -0.40 -0.30 -0.21 -0.03 -0.09 -0.11
1969 -0.07 0.09 0.14 0.13 -0.03 -0.11 -0.04 -0.12 -0.10 -0.14 -0.09 0.00
1970 -0.07 -0.09 -0.02 -0.01 -0.08 -0.20 -0.32 -0.21 -0.18 -0.13 -0.16 -0.15
1971 -0.19 -0.25 -0.32 -0.41 -0.36 -0.38 -0.37 -0.47 -0.35 -0.14 -0.12 -0.25
1972 -0.25 -0.30 -0.39 -0.30 -0.51 -0.50 -0.41 -0.49 -0.38 -0.28 -0.24 -0.26
1973 -0.28 -0.21 -0.16 -0.14 -0.13 -0.07 -0.04 -0.14 -0.09 -0.13 -0.15 -0.16
1974 -0.14 -0.20 -0.36 -0.55 -0.59 -0.56 -0.59 -0.56 -0.57 -0.51 -0.37 -0.28
1975 -0.10 -0.13 -0.18 -0.27 -0.34 -0.26 -0.14 -0.08 -0.25 -0.28 -0.19 -0.22
1976 -0.24 -0.37 -0.38 -0.30 -0.43 -0.42 -0.24 -0.06 -0.18 -0.17 -0.34 -0.36
1977 -0.29 -0.23 -0.06 -0.08 -0.13 -0.05 -0.04 -0.16 -0.17 -0.12 -0.04 -0.10
1978 -0.01 -0.01 -0.04 -0.05 -0.15 -0.19 -0.27 -0.20 -0.12 -0.07 0.11 0.01
1979 -0.03 -0.05 -0.15 -0.07 0.02 0.09 -0.02 -0.11 -0.03 0.07 0.10 0.14
1980 0.17 0.12 0.00 0.20 0.32 0.16 0.06 0.01 0.03 0.06 -0.08 -0.10
1981 0.02 0.00 0.18 0.08 0.11 0.11 0.02 -0.04 0.05 -0.09 0.09 0.24
1982 0.06 0.00 0.09 -0.05 -0.09 -0.15 -0.20 -0.30 -0.22 -0.23 -0.26 -0.17
1983 -0.03 0.10 0.24 0.17 0.05 0.05 0.08 0.03 -0.02 0.03 0.09 0.17
1984 0.09 0.07 -0.04 -0.04 -0.03 -0.32 -0.26 -0.10 -0.10 -0.19 -0.25 -0.16
1985 -0.22 -0.26 -0.24 -0.33 -0.29 -0.07 -0.07 -0.24 -0.19 -0.13 -0.16 -0.18
1986 -0.26 -0.25 -0.29 -0.31 -0.19 -0.21 -0.19 -0.30 -0.28 -0.23 -0.26 -0.22
1987 -0.09 -0.09 0.05 0.16 0.20 0.32 0.42 0.46 0.33 0.19 0.13 0.22
1988 0.05 -0.01 0.07 0.17 0.23 0.29 0.26 0.09 -0.03 -0.02 0.06 -0.01
1989 0.01 0.10 -0.07 -0.16 -0.01 0.26 0.40 0.30 0.09 0.03 0.04 -0.00
1990 -0.08 0.02 0.06 0.10 0.08 0.05 0.05 0.18 0.33 0.33 0.13 0.08
1991 0.01 0.04 0.01 -0.05 -0.12 -0.06 -0.09 -0.02 0.06 -0.13 -0.14 -0.06
1992 -0.01 0.04 -0.00 -0.08 -0.18 -0.10 -0.24 -0.38 -0.33 -0.26 -0.28 -0.10
1993 0.00 -0.04 -0.16 -0.04 -0.08 -0.19 -0.32 -0.14 -0.09 -0.16 -0.17 -0.15
1994 -0.20 -0.22 -0.17 -0.03 -0.12 -0.13 -0.17 -0.22 -0.18 0.04 0.18 0.13
1995 0.19 0.17 0.20 0.27 0.40 0.45 0.45 0.39 0.19 0.28 0.27 0.19
1996 0.13 0.06 -0.04 0.11 -0.00 -0.03 -0.08 0.09 0.10 -0.03 -0.04 -0.03
1997 0.13 0.20 0.18 0.12 0.13 0.05 0.18 0.13 0.23 0.36 0.23 0.24
1998 0.30 0.38 0.37 0.36 0.43 0.65 0.57 0.70 0.45 0.48 0.49 0.47
1999 0.23 0.18 0.18 0.29 0.45 0.41 0.37 0.52 0.45 0.25 0.12 0.25
2000 0.11 0.17 0.36 0.25 0.32 0.14 0.20 0.22 0.25 0.20 0.23 0.07
2001 0.08 0.23 0.25 0.15 0.16 0.32 0.30 0.45 0.52 0.47 0.40 0.51
2002 0.58 0.44 0.43 0.30 0.09 0.01 -0.02 0.22 0.26 0.35 0.31 0.21
2003 0.25 0.19 0.31 0.22 0.27 0.26 0.42 0.62 0.66 0.79 0.51 0.53
2004 0.51 0.46 0.39 0.36 0.17 0.30 0.37 0.46 0.44 0.56 0.52 0.51
2005 0.48 0.31 0.47 0.61 0.54 0.59 0.74 0.74 0.73 0.63 0.52 0.51
2006 0.48 0.35 0.27 0.46 0.52 0.59 0.63 0.69 0.63 0.67 0.66 0.50
2007 0.60 0.52 0.42 0.39 0.35 0.28 0.26 0.19 0.39 0.56 0.54 0.45
2008 0.43 0.52 0.49 0.30 0.44 0.59 0.51 0.49 0.48 0.50 0.40 0.33
2009 0.24 0.00 0.03 0.09 0.11 0.36 0.46 0.40 0.36 0.56 0.46 0.49
2010 0.39 0.43 0.52 0.70 0.75 0.88 0.83 0.91 0.67 0.60 0.63 0.43
2011 0.42 0.36 0.30 0.40 0.41 0.50 0.38 0.44 0.43 0.49 0.33 0.33
2012 0.38 0.34 0.37 0.41 0.47 0.58 0.64 0.74 0.81 0.76 0.56 0.55
2013 0.54 0.44 0.44 0.37 0.37 0.33 0.53 0.50 0.61 0.78 0.57 0.40
2014 0.33 0.27 0.20 0.20 0.20 0.29 0.48 0.59 0.60 0.72 0.50 0.49
2015 0.41 0.31 0.26 0.29 0.41 0.40 0.39 0.48 0.71 0.72 0.63 0.60
2016 0.72 0.64 0.61 0.53 0.63 0.66 0.68 0.78 0.78 0.77 0.76 0.72
2017 0.74 0.69 0.57 0.69 0.62 0.67 0.75 0.75 0.77 0.88 0.91 0.88
2018 0.68 0.48 0.41 0.37 0.33 0.25 0.39 0.54 0.61 0.56 0.38 0.37
2019 0.46 0.50 0.45 0.39 0.37 0.58 0.66 0.74 0.69 0.66 0.63 0.59
2020 0.72 0.85 0.83 0.86 0.65 0.71 0.84 0.87 0.71 0.74 0.66 0.62
2021 0.62 0.58 0.47 0.61 0.58 0.59 0.63 0.69 0.83 0.96 0.92 0.82
2022 0.84 0.79 0.53 0.46 0.64 0.57 0.55 0.88 0.99 0.93 0.83 0.70
2023 0.76 0.74 0.87 0.94 1.07 1.27 1.45 1.36 1.42 1.37 1.13 1.02
2024 1.07 1.16 1.19 1.13 1.38 1.39 1.32 1.25 1.22 1.25 1.15 1.11     
