1850 2024
1850  -0.753  -0.202  -0.367   -0.596  -0.619  -0.332  -0.151  -0.149  -0.416  -0.590  -0.572  -0.481
1851  -0.159  -0.402  -0.550   -0.626  -0.326  -0.240  -0.198  -0.295  -0.387  -0.144  -0.377  -0.145
1852  -0.239  -0.506  -0.725   -0.526  -0.146  -0.099  -0.020  -0.336  -0.299  -0.162  -0.536   0.087
1853  -0.266  -0.346  -0.396   -0.273  -0.263  -0.160   0.050  -0.043  -0.393  -0.470  -0.650  -0.324
1854  -0.547  -0.584  -0.276   -0.349  -0.278  -0.456  -0.156  -0.182  -0.248   0.115  -0.236  -0.203
1855  -0.050  -0.105  -0.262   -0.082  -0.221  -0.324  -0.359  -0.235  -0.468  -0.306  -0.387  -0.540
1856   0.034  -0.386  -0.406   -0.406  -0.334  -0.121  -0.236  -0.512  -0.711  -0.677  -0.575  -0.426
1857  -0.507  -0.542  -0.629   -0.815  -0.751  -0.546  -0.487  -0.446  -0.477  -0.529  -0.502  -0.223
1858  -0.210  -0.489  -0.307   -0.279  -0.406  -0.255  -0.313  -0.317  -0.482  -0.282  -0.178  -0.492
1859  -0.348  -0.294  -0.240    0.011   0.017  -0.112  -0.308  -0.349  -0.522  -0.241  -0.192  -0.089
1860  -0.328  -0.310  -0.694   -0.278  -0.217  -0.199  -0.260  -0.209  -0.294  -0.354  -0.533  -0.861
1861  -1.004  -0.658  -0.583   -0.438  -0.448  -0.369  -0.313  -0.199  -0.412  -0.475  -0.216  -0.351
1862  -0.918  -0.766  -0.545   -0.568  -0.294  -0.315  -0.330  -0.491  -0.543  -0.460  -0.556  -0.862
1863  -0.117  -0.133  -0.334   -0.260  -0.223  -0.339  -0.357  -0.373  -0.498  -0.452  -0.374  -0.293
1864  -0.491  -0.403  -0.426   -0.402  -0.131  -0.089  -0.187  -0.338  -0.488  -0.343  -0.389  -0.456
1865   0.075  -0.305  -0.416   -0.382  -0.269  -0.263  -0.187  -0.194  -0.222  -0.205  -0.169  -0.479
1866   0.025  -0.359  -0.454   -0.511  -0.352  -0.251   0.111  -0.224  -0.307  -0.248  -0.051   0.089
1867  -0.153  -0.333  -0.285   -0.139  -0.387  -0.202  -0.192  -0.269  -0.143   0.018   0.250  -0.162
1868  -0.504  -0.651  -0.310   -0.119  -0.085  -0.123   0.054  -0.062  -0.258   0.001  -0.326  -0.143
1869  -0.212   0.040  -0.517   -0.259  -0.166  -0.180  -0.231  -0.185  -0.083  -0.213  -0.195  -0.412
1870  -0.304  -0.483  -0.340   -0.271  -0.193  -0.087  -0.087  -0.276  -0.199  -0.321  -0.323  -0.569
1871  -0.545  -0.605  -0.259   -0.059  -0.276  -0.215  -0.147  -0.188  -0.395  -0.242  -0.536  -0.388
1872  -0.450  -0.401  -0.347   -0.352  -0.177  -0.256  -0.107  -0.035  -0.187  -0.198  -0.421  -0.486
1873  -0.305  -0.077  -0.263   -0.451  -0.266  -0.201  -0.168  -0.144  -0.372  -0.237  -0.339  -0.224
1874  -0.211  -0.263  -0.624   -0.355  -0.211  -0.314  -0.257  -0.175  -0.167  -0.311  -0.419  -0.312
1875  -0.465  -0.362  -0.445   -0.374  -0.273  -0.269  -0.212  -0.257  -0.277  -0.188  -0.573  -0.460
1876  -0.372  -0.265  -0.286   -0.272  -0.522  -0.329  -0.166  -0.308  -0.350  -0.261  -0.484  -0.579
1877  -0.250  -0.088   0.055   -0.119  -0.045  -0.059   0.132   0.230   0.161   0.189   0.212  -0.081
1878  -0.004   0.420   0.576    0.310  -0.053   0.114   0.135   0.082  -0.011  -0.046   0.024  -0.118
1879  -0.117  -0.224  -0.072   -0.295  -0.256  -0.200  -0.218  -0.246  -0.308  -0.090  -0.285  -0.487
1880  -0.386  -0.497  -0.272   -0.338  -0.225  -0.311  -0.270  -0.190  -0.377  -0.313  -0.179  -0.232
1881  -0.083  -0.185  -0.063   -0.005  -0.066  -0.347  -0.151  -0.139  -0.308  -0.251  -0.387  -0.213
1882   0.093   0.014  -0.106   -0.282  -0.257  -0.349  -0.356  -0.201  -0.203  -0.352  -0.444  -0.567
1883  -0.399  -0.427  -0.092   -0.319  -0.234  -0.130  -0.272  -0.350  -0.368  -0.285  -0.504  -0.274
1884  -0.241  -0.193  -0.495   -0.549  -0.580  -0.520  -0.551  -0.471  -0.531  -0.475  -0.606  -0.446
1885  -0.673  -0.471  -0.371   -0.518  -0.541  -0.578  -0.354  -0.435  -0.432  -0.330  -0.406  -0.168
1886  -0.628  -0.627  -0.535   -0.398  -0.322  -0.468  -0.276  -0.434  -0.488  -0.458  -0.563  -0.376
1887  -0.938  -0.701  -0.471   -0.378  -0.464  -0.492  -0.351  -0.545  -0.398  -0.429  -0.419  -0.423
1888  -0.346  -0.513  -0.446   -0.376  -0.351  -0.321  -0.243  -0.270  -0.294  -0.092  -0.164  -0.116
1889  -0.121   0.223   0.046    0.062  -0.153  -0.196  -0.161  -0.289  -0.353  -0.301  -0.495  -0.333
1890  -0.447  -0.427  -0.560   -0.418  -0.500  -0.477  -0.439  -0.474  -0.461  -0.290  -0.672  -0.373
1891  -0.482  -0.589  -0.221   -0.365  -0.264  -0.363  -0.337  -0.296  -0.270  -0.340  -0.507  -0.106
1892  -0.275  -0.175  -0.437   -0.486  -0.398  -0.285  -0.459  -0.440  -0.399  -0.264  -0.754  -0.500
1893  -0.894  -0.617  -0.288   -0.352  -0.383  -0.298  -0.170  -0.268  -0.349  -0.220  -0.330  -0.401
1894  -0.533  -0.414  -0.317   -0.516  -0.394  -0.452  -0.277  -0.281  -0.346  -0.222  -0.418  -0.328
1895  -0.476  -0.462  -0.429   -0.284  -0.324  -0.278  -0.219  -0.300  -0.333  -0.236  -0.221  -0.210
1896  -0.231  -0.270  -0.459   -0.491  -0.270  -0.129  -0.099  -0.115  -0.188  -0.041  -0.293  -0.117
1897  -0.190  -0.293  -0.301   -0.064  -0.006  -0.168  -0.195  -0.214  -0.258  -0.209  -0.344  -0.272
1898  -0.170  -0.498  -0.625   -0.403  -0.399  -0.228  -0.351  -0.374  -0.411  -0.493  -0.570  -0.420
1899  -0.229  -0.494  -0.434   -0.213  -0.210  -0.370  -0.279  -0.175  -0.122  -0.089   0.001  -0.288
1900  -0.419  -0.019   0.031   -0.121  -0.072  -0.150  -0.188  -0.181  -0.147   0.029  -0.234  -0.144
1901  -0.294  -0.104  -0.029   -0.042  -0.168  -0.233  -0.274  -0.204  -0.295  -0.300  -0.322  -0.273
1902  -0.297  -0.080  -0.393   -0.329  -0.388  -0.356  -0.324  -0.363  -0.384  -0.434  -0.583  -0.532
1903  -0.274  -0.166  -0.303   -0.500  -0.469  -0.560  -0.482  -0.579  -0.631  -0.573  -0.575  -0.545
1904  -0.674  -0.674  -0.506   -0.546  -0.549  -0.523  -0.551  -0.521  -0.619  -0.504  -0.300  -0.352
1905  -0.351  -0.622  -0.316   -0.380  -0.299  -0.335  -0.372  -0.294  -0.359  -0.326  -0.196  -0.277
1906  -0.343  -0.322  -0.125   -0.035  -0.294  -0.263  -0.345  -0.290  -0.345  -0.186  -0.413  -0.176
1907  -0.419  -0.562  -0.282   -0.344  -0.518  -0.484  -0.429  -0.443  -0.418  -0.243  -0.563  -0.475
1908  -0.420  -0.281  -0.603   -0.486  -0.300  -0.333  -0.377  -0.499  -0.378  -0.488  -0.677  -0.573
1909  -0.776  -0.492  -0.569   -0.558  -0.514  -0.495  -0.529  -0.362  -0.490  -0.459  -0.423  -0.495
1910  -0.389  -0.471  -0.536   -0.437  -0.352  -0.419  -0.434  -0.417  -0.444  -0.400  -0.635  -0.743
1911  -0.681  -0.642  -0.616   -0.495  -0.528  -0.513  -0.492  -0.476  -0.498  -0.261  -0.324  -0.274
1912  -0.232  -0.194  -0.432   -0.165  -0.247  -0.220  -0.513  -0.582  -0.663  -0.644  -0.499  -0.503
1913  -0.532  -0.490  -0.438   -0.337  -0.412  -0.481  -0.429  -0.351  -0.422  -0.358  -0.309  -0.003
1914  -0.000  -0.236  -0.324   -0.310  -0.212  -0.234  -0.292  -0.212  -0.270  -0.027  -0.189  -0.036
1915  -0.235  -0.120  -0.020    0.089   0.021  -0.192  -0.207  -0.121  -0.213  -0.292  -0.135  -0.269
1916  -0.191  -0.164  -0.267   -0.325  -0.326  -0.382  -0.357  -0.362  -0.403  -0.395  -0.546  -0.803
1917  -0.669  -0.658  -0.675   -0.514  -0.568  -0.499  -0.293  -0.324  -0.371  -0.509  -0.485  -0.730
1918  -0.519  -0.507  -0.413   -0.509  -0.473  -0.376  -0.368  -0.404  -0.218  -0.039  -0.206  -0.283
1919  -0.191  -0.208  -0.263   -0.097  -0.229  -0.327  -0.327  -0.286  -0.357  -0.286  -0.564  -0.404
1920  -0.166  -0.326  -0.088   -0.170  -0.235  -0.253  -0.266  -0.248  -0.216  -0.147  -0.291  -0.480
1921  -0.118  -0.192  -0.289   -0.274  -0.306  -0.150  -0.150  -0.282  -0.167  -0.045  -0.136  -0.112
1922  -0.270  -0.386  -0.128   -0.116  -0.362  -0.264  -0.226  -0.366  -0.370  -0.349  -0.253  -0.164
1923  -0.284  -0.392  -0.362   -0.278  -0.283  -0.216  -0.370  -0.322  -0.345  -0.033   0.033   0.015
1924  -0.252  -0.236  -0.050   -0.261  -0.152  -0.229  -0.255  -0.315  -0.333  -0.321  -0.216  -0.347
1925  -0.414  -0.449  -0.250   -0.237  -0.165  -0.265  -0.281  -0.159  -0.214  -0.142  -0.021   0.171
1926   0.237  -0.003   0.136   -0.076  -0.194  -0.199  -0.228  -0.118  -0.111   0.015  -0.054  -0.216
1927  -0.236  -0.169  -0.375   -0.231  -0.173  -0.263  -0.203  -0.174  -0.124   0.060  -0.066  -0.252
1928   0.115  -0.019  -0.216   -0.187  -0.291  -0.376  -0.201  -0.232  -0.269  -0.148  -0.136  -0.141
1929  -0.407  -0.528  -0.399   -0.371  -0.427  -0.427  -0.438  -0.290  -0.266  -0.128  -0.139  -0.489
1930  -0.216  -0.278  -0.112   -0.197  -0.212  -0.205  -0.146  -0.119  -0.130  -0.060   0.126  -0.001
1931  -0.092  -0.215  -0.079   -0.160  -0.189  -0.056  -0.011  -0.006  -0.050   0.079  -0.040   0.003
1932   0.115  -0.170  -0.102    0.048  -0.065  -0.219  -0.174  -0.201  -0.004  -0.041  -0.312  -0.176
1933  -0.244  -0.269  -0.311   -0.274  -0.303  -0.384  -0.282  -0.203  -0.349  -0.231  -0.378  -0.410
1934  -0.250  -0.085  -0.373   -0.333  -0.147  -0.163  -0.150  -0.144  -0.186  -0.040   0.053  -0.033
1935  -0.357   0.077  -0.156   -0.317  -0.333  -0.223  -0.204  -0.223  -0.235  -0.038  -0.390  -0.185
1936  -0.296  -0.335  -0.310   -0.179  -0.167  -0.155  -0.078  -0.117  -0.131   0.042  -0.074   0.036
1937  -0.055   0.072  -0.154   -0.096  -0.040   0.017   0.018   0.040   0.118   0.145   0.075  -0.019
1938   0.084   0.080   0.083    0.057  -0.095  -0.131  -0.071  -0.023   0.043   0.213   0.070  -0.106
1939  -0.028  -0.083  -0.203   -0.011   0.076   0.018  -0.045  -0.023  -0.040  -0.073  -0.061   0.429
1940   0.074   0.114   0.082    0.130   0.040   0.022   0.125   0.062   0.072   0.049  -0.056   0.216
1941  -0.005   0.133  -0.060   -0.024   0.018   0.051   0.120  -0.014  -0.207   0.219  -0.024   0.198
1942   0.349   0.010   0.083    0.012   0.078   0.038  -0.029  -0.075  -0.074   0.021   0.007   0.109
1943  -0.041   0.131  -0.041    0.134   0.086  -0.031   0.081   0.106   0.024   0.310   0.156   0.269
1944   0.390   0.248   0.258    0.175   0.169   0.111   0.178   0.226   0.187   0.282   0.069   0.131
1945   0.109  -0.016   0.085    0.220   0.013   0.003  -0.010   0.226   0.101   0.216   0.001  -0.065
1946   0.057  -0.046   0.030    0.075  -0.061  -0.199  -0.075  -0.167  -0.130  -0.015  -0.077  -0.256
1947   0.002   0.025   0.128    0.077  -0.054  -0.056  -0.048  -0.117  -0.112   0.118   0.061  -0.063
1948   0.080  -0.160  -0.217   -0.089   0.049   0.031  -0.109  -0.060  -0.157  -0.035  -0.198  -0.297
1949   0.089  -0.193  -0.078   -0.096  -0.080  -0.245  -0.173  -0.108  -0.165  -0.026  -0.138  -0.061
1950  -0.225  -0.337  -0.113   -0.200  -0.069  -0.019  -0.025  -0.170  -0.194  -0.170  -0.339  -0.183
1951  -0.327  -0.392  -0.136   -0.018   0.128   0.108   0.059   0.187   0.098   0.211   0.007   0.187
1952   0.193   0.164  -0.062    0.099   0.072   0.096   0.119   0.116   0.121   0.069  -0.098   0.091
1953   0.098   0.197   0.104    0.319   0.257   0.252   0.132   0.146   0.116   0.119  -0.010   0.137
1954  -0.204  -0.056  -0.086    0.004  -0.022  -0.042  -0.119  -0.077  -0.076   0.095   0.157  -0.064
1955   0.217  -0.129  -0.261   -0.124  -0.174  -0.050  -0.100   0.127  -0.160   0.010  -0.243  -0.232
1956  -0.070  -0.152  -0.221   -0.220  -0.262  -0.135  -0.103  -0.303  -0.225  -0.279  -0.174   0.000
1957  -0.120  -0.044  -0.090    0.047   0.134   0.195  -0.028   0.140   0.077   0.096   0.054   0.148
1958   0.358   0.188   0.115    0.027   0.069  -0.068  -0.018  -0.075  -0.117   0.045   0.052   0.087
1959   0.112   0.042   0.141    0.196   0.103   0.089   0.024  -0.002  -0.108  -0.014  -0.137   0.021
1960  -0.006   0.108  -0.335   -0.139  -0.057  -0.005  -0.052   0.082   0.062   0.065  -0.172   0.222
1961   0.058   0.173   0.041    0.155   0.173   0.129   0.016   0.011   0.045  -0.039   0.013  -0.121
1962   0.063   0.115   0.128    0.051  -0.115   0.012  -0.074  -0.071  -0.093  -0.036   0.002   0.002
1963   0.002   0.121  -0.222   -0.063  -0.088  -0.025   0.065   0.252   0.176   0.137   0.111   0.045
1964  -0.079  -0.124  -0.294   -0.334  -0.275  -0.041  -0.095  -0.285  -0.343  -0.284  -0.254  -0.235
1965  -0.031  -0.168  -0.177   -0.183  -0.074  -0.093  -0.154  -0.061  -0.202  -0.011  -0.065  -0.002
1966  -0.150  -0.038  -0.057   -0.014  -0.091   0.006   0.098  -0.039   0.003  -0.158  -0.027  -0.003
1967  -0.083  -0.227   0.047    0.012   0.214  -0.001   0.025  -0.005  -0.037   0.054  -0.100  -0.010
1968  -0.195  -0.150   0.111   -0.040  -0.116  -0.066  -0.181  -0.117  -0.227   0.089  -0.081  -0.049
1969  -0.033  -0.111  -0.037    0.178   0.234   0.120  -0.084  -0.002   0.032   0.078   0.077   0.290
1970   0.148   0.169   0.025    0.071   0.007  -0.039  -0.032  -0.100   0.084   0.023  -0.066  -0.107
1971  -0.049  -0.202  -0.228   -0.070  -0.063  -0.123  -0.104  -0.079  -0.046  -0.055  -0.091  -0.115
1972  -0.255  -0.200  -0.005    0.021   0.061   0.047  -0.031   0.175   0.019   0.017  -0.003   0.239
1973   0.252   0.267   0.193    0.307   0.269   0.180   0.056   0.047   0.029   0.081   0.017   0.006
1974  -0.150  -0.297  -0.123   -0.061  -0.022   0.001  -0.047   0.177  -0.042  -0.046  -0.079  -0.068
1975   0.058   0.134   0.148    0.113   0.212   0.037  -0.046  -0.189  -0.035  -0.072  -0.219  -0.097
1976  -0.025  -0.096  -0.230   -0.054  -0.247  -0.171  -0.055  -0.145  -0.027  -0.195  -0.032   0.171
1977   0.324   0.246   0.198    0.316   0.399   0.361   0.230   0.288   0.089   0.116   0.190   0.104
1978   0.148   0.202   0.196    0.230   0.184   0.034   0.094  -0.176   0.120   0.006   0.159   0.154
1979   0.188  -0.062   0.195    0.246   0.083   0.101   0.034   0.169   0.277   0.244   0.265   0.504
1980   0.385   0.471   0.372    0.427   0.391   0.221   0.307   0.271   0.201   0.160   0.263   0.234
1981   0.580   0.425   0.452    0.332   0.283   0.377   0.381   0.426   0.218   0.144   0.201   0.493
1982   0.137   0.162  -0.011    0.106   0.201   0.113   0.135   0.078   0.137   0.128   0.092   0.437
1983   0.496   0.451   0.371    0.351   0.390   0.237   0.156   0.360   0.408   0.163   0.256   0.236
1984   0.294   0.148   0.293    0.179   0.389   0.097   0.049   0.153   0.220   0.107  -0.017  -0.027
1985   0.293   0.045   0.180    0.176   0.210   0.181  -0.017   0.202   0.147   0.133   0.068   0.220
1986   0.255   0.434   0.267    0.331   0.283   0.120   0.105   0.184   0.095   0.162   0.084   0.193
1987   0.364   0.408   0.227    0.303   0.325   0.388   0.443   0.322   0.354   0.324   0.206   0.521
1988   0.564   0.435   0.467    0.513   0.458   0.445   0.331   0.415   0.390   0.318   0.059   0.299
1989   0.083   0.362   0.305    0.344   0.129   0.155   0.326   0.337   0.349   0.333   0.140   0.457
1990   0.429   0.401   0.742    0.655   0.555   0.404   0.464   0.347   0.312   0.439   0.393   0.434
1991   0.450   0.531   0.388    0.606   0.453   0.549   0.515   0.450   0.453   0.348   0.300   0.398
1992   0.509   0.454   0.472    0.346   0.349   0.286   0.125   0.114  -0.028   0.048   0.006   0.260
1993   0.412   0.438   0.388    0.372   0.360   0.312   0.280   0.205   0.202   0.288   0.117   0.246
1994   0.310   0.111   0.375    0.458   0.367   0.445   0.291   0.240   0.341   0.446   0.424   0.399
1995   0.538   0.782   0.482    0.589   0.391   0.509   0.539   0.540   0.410   0.513   0.461   0.348
1996   0.342   0.591   0.451    0.467   0.333   0.280   0.364   0.526   0.296   0.205   0.422   0.483
1997   0.376   0.432   0.561    0.506   0.450   0.621   0.403   0.459   0.572   0.699   0.703   0.667
1998   0.662   0.892   0.684    0.811   0.775   0.792   0.724   0.759   0.503   0.489   0.484   0.664
1999   0.515   0.698   0.392    0.419   0.354   0.443   0.396   0.371   0.470   0.397   0.392   0.494
2000   0.339   0.601   0.572    0.644   0.424   0.450   0.388   0.487   0.462   0.279   0.338   0.357
2001   0.522   0.506   0.612    0.617   0.611   0.566   0.576   0.488   0.555   0.511   0.711   0.678
2002   0.779   0.734   0.946    0.695   0.700   0.574   0.602   0.570   0.689   0.616   0.584   0.581
2003   0.812   0.619   0.599    0.646   0.670   0.501   0.567   0.667   0.695   0.747   0.540   0.794
2004   0.658   0.740   0.644    0.712   0.438   0.444   0.254   0.475   0.552   0.632   0.705   0.559
2005   0.800   0.694   0.789    0.768   0.707   0.697   0.611   0.642   0.749   0.825   0.730   0.777
2006   0.649   0.836   0.704    0.623   0.567   0.674   0.473   0.748   0.646   0.707   0.709   0.852
2007   0.997   0.774   0.702    0.884   0.722   0.620   0.643   0.644   0.615   0.639   0.599   0.527
2008   0.318   0.373   0.690    0.608   0.576   0.514   0.579   0.492   0.684   0.713   0.679   0.606
2009   0.722   0.599   0.524    0.664   0.675   0.703   0.788   0.748   0.748   0.724   0.787   0.792
2010   0.837   0.919   0.934    0.989   0.822   0.701   0.615   0.705   0.687   0.751   0.782   0.578
2011   0.620   0.581   0.704    0.725   0.595   0.688   0.791   0.820   0.603   0.668   0.572   0.650
2012   0.487   0.539   0.524    0.783   0.824   0.703   0.580   0.749   0.781   0.854   0.814   0.614
2013   0.747   0.616   0.687    0.644   0.686   0.684   0.587   0.733   0.792   0.705   0.839   0.744
2014   0.795   0.591   0.787    0.863   0.902   0.685   0.585   0.893   0.935   0.857   0.634   0.816
2015   0.871   0.902   0.918    0.868   0.867   0.833   0.739   0.875   0.896   1.096   1.019   1.192
2016   1.253   1.338   1.329    1.179   1.052   0.842   0.842   1.043   0.927   0.962   0.961   0.974
2017   1.094   1.181   1.222    1.045   0.987   0.733   0.814   0.901   0.786   0.926   0.857   0.996
2018   0.878   0.927   0.931    0.991   0.852   0.808   0.810   0.833   0.812   1.013   0.821   0.978
2019   0.956   0.993   1.219    1.113   0.929   0.888   0.957   1.002   0.949   1.109   1.012   1.161
2020   1.201   1.231   1.178    1.231   1.046   0.923   0.931   0.954   1.009   0.931   1.088   0.866
2021   0.894   0.698   0.868    0.885   0.868   0.845   0.906   0.904   0.989   1.060   0.931   0.889
2022   0.946   0.889   1.078    0.927   0.896   0.972   0.925   0.976   0.919   1.041   0.730   0.936
2023   0.925   0.985   1.268    1.086   1.002   1.130   1.266   1.315   1.548   1.393   1.400   1.427
2024   1.300   1.426   1.343    1.352   1.223   1.230   1.229   1.383   1.271   1.368   1.313   1.289
 -99
 originally from from https://berkeley-earth-temperature.s3.us-west-1.amazonaws.com/Global/Land_and_Ocean_complete.txt
https://psl.noaa.gov/data/timeseries/month/
 Available at NOAA/PSL
