1750 2026
1750  -1.329  -0.807  -1.195   -0.781  -1.036  -0.931  -0.851  -0.830  -0.793  -0.584  -0.277  -0.341
1751  -0.836  -1.138  -0.766   -1.006  -0.748  -0.995  -1.078  -1.050  -1.018  -1.222  -1.283  -1.714
1752  -1.511  -0.981  -1.386   -1.046  -1.010  -0.980  -0.756  -0.572  -0.549  -0.826  -1.199  -0.907
1753  -0.568  -0.919  -0.685   -0.695  -0.761  -0.564  -0.555  -0.631  -0.807  -0.705  -0.840   0.024
1754  -0.657  -0.982  -0.615   -0.869  -0.615  -0.681  -0.878  -0.839  -0.969  -0.725  -0.449  -1.142
1755  -0.883  -1.558  -1.047   -1.060  -0.742  -0.845  -0.811  -0.851  -0.842  -0.620  -0.912  -0.844
1756  -0.691  -0.559  -0.706   -1.031  -1.185  -1.206  -1.322  -1.370  -1.471  -1.483  -1.624  -1.522
1757  -1.939  -1.623  -1.491   -1.478  -1.272  -1.502  -0.554  -0.800  -0.835  -1.392  -1.384  -1.277
1758  -1.569  -1.680  -1.810   -1.755  -1.483  -1.822  -1.636  -1.570  -1.744  -1.577  -1.950  -0.716
1759  -0.578  -0.782  -1.729   -1.054  -0.999  -1.117  -0.989  -0.597  -0.969  -0.611  -1.025  -0.395
1760  -0.350  -0.914  -0.992   -1.616  -0.958  -0.955  -0.711  -0.674  -1.193  -0.707  -0.876  -0.604
1761  -0.323  -0.604  -0.815   -0.685  -0.619  -0.638  -0.798  -0.877  -1.227  -0.828  -1.368  -1.389
1762  -1.410  -1.275  -1.819   -1.532  -1.352  -1.447  -1.701  -1.624  -1.525  -0.834  -1.588  -1.370
1763  -1.460  -1.962  -1.581   -1.672  -1.775  -1.582  -1.388  -1.416  -1.636  -1.499  -1.408  -1.337
1764  -1.419  -0.873  -1.367   -0.850  -0.689  -0.705  -0.628  -0.701  -0.538  -0.680  -0.691  -0.753
1765  -0.701  -1.021  -0.529   -0.553  -0.500  -0.370  -0.818  -0.801  -0.622  -0.784  -0.758  -0.569
1766  -0.534  -0.846  -1.169   -0.680  -0.800  -0.891  -0.653  -0.885  -1.165  -1.024  -0.631  -0.827
1767  -1.474  -1.262  -1.264   -0.921  -1.040  -0.940  -0.837  -0.695  -0.909  -0.787  -0.350  -0.725
1768  -0.992  -1.027  -1.003   -0.824  -0.688  -1.195  -0.809  -1.017  -1.188  -1.053  -1.441  -1.863
1769  -1.697  -1.195  -1.264   -0.958  -0.880  -0.876  -0.894  -1.076  -0.983  -1.330  -1.289  -1.155
1770  -1.350  -0.754  -1.844   -1.442  -1.139  -1.170  -0.879  -1.040  -1.368  -1.207  -1.360  -1.409
1771  -0.969  -1.089  -1.111   -1.073  -0.720  -1.110  -1.347  -1.026  -1.141  -1.164  -1.177  -0.914
1772  -0.588  -0.393  -1.381   -0.898  -0.555  -0.662  -1.088  -0.673  -1.174  -0.710  -0.478  -0.647
1773  -0.403  -0.515  -0.432   -0.352  -0.548  -0.110  -0.824  -0.799  -1.133  -0.886  -0.731  -1.284
1774  -1.782  -1.224  -1.627   -1.429  -1.764  -1.754  -1.745  -1.462  -1.614  -1.245  -0.871  -1.407
1775  -1.195  -0.228  -0.501   -0.396  -0.486  -0.390  -0.495   0.111  -0.499  -0.066   0.686  -0.605
1776  -0.543  -0.554  -0.444   -0.657  -0.547   0.314  -0.534  -0.636  -0.725  -1.283  -0.869  -0.931
1777  -1.482  -1.278  -1.213   -1.051  -1.037  -1.028  -1.341  -1.019  -1.035  -1.044  -0.634  -0.404
1778  -1.114  -0.252  -0.705   -0.485  -0.184  -0.726  -0.443  -0.406  -0.310  -0.410  -0.336  -0.436
1779  -1.346  -0.674  -0.490   -0.469  -0.445  -0.617  -0.626  -0.371  -0.300  -0.509  -0.468  -0.803
1780  -0.734  -0.402  -0.343   -0.485  -0.035  -0.499  -0.293  -0.085  -0.186   0.081   0.080  -0.092
1781   0.192  -0.156   0.085   -0.082   0.000  -0.235  -0.538  -0.461  -0.571  -0.481  -0.277  -0.712
1782  -0.832  -0.708  -0.340   -0.454  -0.734  -0.816  -0.744  -0.708  -0.629  -0.808  -0.849  -0.747
1783  -0.668  -0.411  -0.140   -0.470  -0.353  -1.002  -0.712  -1.142  -1.432  -1.429  -1.962  -1.567
1784  -1.896  -1.791  -1.635   -1.684  -1.678  -1.515  -1.247  -1.122  -1.195  -1.514  -1.142  -1.116
1785  -1.429  -1.174  -1.558   -1.056  -1.191  -0.950  -1.198  -1.227  -0.913  -0.265  -0.184  -0.532
1786  -0.338  -0.074  -0.122    0.102  -0.131   0.187  -0.200   0.103  -0.209   0.179  -0.614  -0.366
1787  -0.719  -0.614  -0.059   -0.614  -0.939  -1.350  -0.646  -0.364  -0.546  -0.442  -1.065  -0.907
1788  -0.503  -1.279  -0.689   -0.447  -0.593  -0.401  -0.112  -0.136  -0.247  -0.361  -0.031  -0.385
1789  -0.309  -0.083  -0.142   -0.182  -0.703  -0.369  -0.206  -0.424  -0.446  -0.452  -0.610   0.013
1790  -0.163  -0.514  -0.487   -0.762  -0.541  -0.573  -0.613  -0.507  -0.551  -0.676  -0.469  -0.434
1791  -0.354  -0.293  -0.100   -0.043  -0.348  -0.650  -0.439  -0.474  -0.773  -0.840  -0.620  -1.213
1792  -0.451  -0.899  -0.489   -0.745  -0.499  -0.437  -0.475  -0.622  -0.248  -0.459  -0.303  -0.494
1793  -0.101  -0.082   0.033   -0.266  -0.196  -0.383  -0.452  -0.317  -0.456   0.024  -0.018  -0.582
1794  -0.181  -0.092   0.487    0.205  -0.328   0.042   0.067  -0.125  -0.212  -0.483  -0.315  -0.358
1795  -0.617  -0.815  -0.422   -0.102  -0.444  -0.323  -0.515  -0.317  -0.478  -0.613  -0.432  -0.438
1796  -0.327   0.423  -0.449   -0.412  -0.197  -0.240  -0.333  -0.253  -0.478  -0.266  -0.062  -0.397
1797  -0.145  -1.106   0.167   -0.323  -0.326  -0.413  -0.165  -0.363   0.072   0.027  -0.624  -0.081
1798  -0.521   0.207  -0.373    0.248  -0.167   0.451  -0.199   0.071  -0.129  -0.203   0.034  -0.138
1799  -0.714  -0.329   0.387    0.054  -0.089  -0.326  -0.300  -0.308  -0.350  -0.564  -0.049  -0.766
1800  -0.659  -0.956  -0.777   -0.585  -0.706  -0.459  -0.660   0.212  -0.542  -0.131  -0.044  -0.268
1801   0.010  -0.023   0.144   -0.078  -0.238   0.085  -0.258  -0.218  -0.504  -0.194  -0.309  -0.611
1802  -0.413  -0.009  -0.076   -0.416   0.092  -0.136  -0.374  -0.286  -0.808  -0.432  -0.651  -0.579
1803  -0.065  -0.550   0.120    0.114  -0.210  -0.084   0.105   0.120  -0.156   0.152  -0.118   0.375
1804   0.327   0.084   0.191    0.300   0.662   0.409  -0.011  -0.267  -0.452  -0.260  -0.468  -0.728
1805  -0.627  -0.535  -0.307   -0.816  -0.964  -0.883  -0.860  -0.740  -0.704  -0.874  -0.753  -0.753
1806  -0.123  -0.394  -0.667   -0.663  -0.464  -0.582  -0.667  -0.174  -0.697  -0.651  -0.595  -0.273
1807  -0.646  -0.435  -0.696   -0.816  -0.722  -0.463  -0.804  -0.608  -0.939  -0.866  -0.493  -0.429
1808  -0.718  -0.492  -0.339   -0.817  -0.693  -0.831  -1.305  -1.003  -1.008  -1.305  -1.138  -1.613
1809  -1.458  -1.201  -1.293   -1.593  -1.544  -1.378  -1.289  -1.289  -1.312  -1.343  -1.221  -0.978
1810  -0.800  -1.117  -1.052   -1.332  -1.533  -1.160  -1.339  -1.106  -1.187  -1.089  -1.378  -1.477
1811  -1.187  -0.912  -1.211   -1.277  -1.348  -1.226  -1.097  -1.120  -1.527  -0.992  -0.911  -1.090
1812  -1.120  -0.987  -1.100   -1.562  -1.287  -1.922  -1.924  -1.797  -1.877  -1.276  -1.539  -1.432
1813  -1.250  -1.507  -1.392   -0.850  -0.857  -1.180  -1.036  -0.933  -1.024  -0.801  -1.070  -1.338
1814  -1.368  -1.150  -0.832   -1.135  -1.357  -1.156  -0.946  -1.157  -0.991  -0.792  -0.678  -0.756
1815  -1.062  -0.666  -0.488   -0.499  -0.936  -1.053  -1.330  -1.004  -1.188  -1.050  -1.078  -1.267
1816  -1.024  -1.139  -1.010   -1.109  -1.582  -1.622  -1.291  -1.402  -1.224  -1.273  -1.045  -0.966
1817  -0.779  -1.230  -0.692   -1.270  -0.911  -1.054  -0.914  -1.001  -0.976  -1.166  -0.969  -0.712
1818  -1.296  -0.248  -0.242   -0.188  -0.225  -0.615  -0.740  -0.257  -0.489  -0.584  -0.122  -0.871
1819  -1.887  -0.658  -0.700   -0.339  -0.389  -0.187  -0.259  -0.235  -0.460  -0.427  -0.561  -0.557
1820  -0.994  -0.082  -0.415   -0.529  -0.924  -0.414  -0.586  -0.274  -0.744  -0.663  -1.243  -0.930
1821  -1.157  -0.597  -0.532   -0.193  -0.572  -0.627  -0.872  -0.009  -0.152  -0.545  -0.809  -1.392
1822  -0.481  -0.535   0.273   -0.344  -0.181  -0.994   0.074  -0.645  -0.988  -0.589  -1.491  -0.603
1823  -0.204  -1.116  -0.813   -0.806  -1.330  -0.580  -0.468  -0.514  -1.000  -0.637  -0.657  -0.750
1824  -0.202  -0.691  -0.495    0.241  -0.361  -0.358  -0.243  -0.340  -0.560   0.124  -0.080   0.184
1825   0.787  -0.200  -0.322    0.182  -0.251  -0.114  -0.524   0.021  -0.333  -0.548  -0.090  -0.999
1826   0.126  -0.861  -0.138   -0.454  -0.376  -0.626   0.126   0.142  -0.092   0.291   0.196   0.719
1827   0.666  -0.109   0.166    0.225   0.552   0.694   0.187   0.085  -0.363   0.720   0.231   0.370
1828  -0.106  -0.757   0.262    0.097  -0.040  -0.426  -0.105  -0.160  -0.669  -0.004  -0.081  -0.498
1829  -0.162  -1.197  -0.174   -0.261  -0.712  -1.157  -0.105  -1.168  -0.524  -0.041   0.146   0.112
1830   0.028   0.121  -0.826   -0.512  -0.591  -0.297  -0.600  -0.321  -0.395  -0.326   0.286  -0.044
1831  -0.546  -0.647  -0.408   -0.311  -0.181  -0.320  -0.290  -0.622  -0.487  -0.694   0.330  -0.064
1832   0.656  -0.440  -0.439   -0.370  -0.827  -0.805  -1.039  -1.220  -0.713  -0.804  -0.442  -0.384
1833  -0.458  -0.426  -0.624   -0.561  -0.521  -0.504  -0.495  -0.622  -0.285  -0.732   0.291  -0.031
1834  -0.195  -0.504  -0.405   -0.186   0.035  -0.393  -0.466  -0.397  -0.490  -0.373  -0.293  -0.194
1835  -0.156  -0.877  -0.703   -1.195  -0.776  -1.012  -1.275  -1.375  -1.605  -1.501  -2.182  -2.216
1836  -1.177  -1.379  -1.513   -1.300  -1.088  -1.124  -1.534  -1.246  -1.217  -1.211  -1.103  -0.775
1837  -0.957  -0.891  -1.670   -0.714  -0.957  -0.790  -0.979  -1.119  -0.472  -1.590  -0.799  -0.673
1838  -2.663  -1.769  -1.484   -0.875  -0.723  -1.045  -0.947  -1.205  -0.895  -1.193  -1.544  -1.346
1839  -1.056  -1.007  -2.114   -0.460  -0.155  -0.054  -0.662  -0.484  -0.669  -0.724  -1.026  -0.626
1840  -0.469  -1.006  -1.309   -0.500   0.113  -0.177  -0.111  -0.565  -0.381   0.061  -0.570  -0.971
1841  -1.310  -0.787  -1.369   -0.869  -0.687  -0.628  -0.115  -0.611  -0.190  -0.221  -0.552  -0.670
1842   0.459  -0.575  -0.366   -0.478  -0.867  -0.404  -0.354  -0.448  -0.724  -0.568  -0.130   0.357
1843   0.366  -0.244  -0.139   -0.386  -1.343  -1.257  -1.072  -0.853  -1.265  -0.726  -0.906  -0.194
1844  -0.795  -1.286  -0.834   -0.890  -0.816  -0.668  -0.692  -0.963  -0.652  -0.873  -0.760  -0.996
1845  -0.422  -0.365  -0.977   -0.629  -0.751  -0.480  -0.171  -0.177  -0.155  -0.876  -0.605  -0.987
1846   0.063   0.200  -0.027   -0.606   0.086   0.150  -0.287   0.318  -0.115   0.286  -0.267   0.165
1847  -0.839  -0.288  -0.613   -0.535  -0.796  -0.495  -0.208  -0.154  -0.828  -0.728  -0.542  -0.667
1848  -0.500  -0.235  -0.134    0.286  -0.737  -0.268  -0.169   0.198  -0.621  -0.241  -0.606  -0.414
1849  -0.919  -0.124  -0.282    0.009  -0.802  -0.279  -0.265  -0.353  -0.310  -0.946  -0.559  -1.273
1850  -0.887  -0.630  -0.359   -1.034  -0.436  -0.247  -0.206  -0.102  -0.153  -0.038  -0.458  -0.655
1851  -0.347  -0.451  -0.524   -0.568  -0.163  -0.095  -0.014  -0.344   0.130   0.116  -0.503  -0.536
1852  -0.190  -0.544  -1.060   -0.824  -0.103  -0.168  -0.359  -0.280   0.131  -0.371  -0.095  -0.564
1853  -0.542  -0.197  -0.739   -0.270  -0.193   0.153  -0.443  -0.550  -0.294  -0.424  -1.090  -0.163
1854  -0.682  -0.783  -0.378    0.003  -0.450  -0.243   0.074   0.132  -0.399  -0.000  -0.058   0.164
1855  -0.175   0.329   0.062    0.262   0.026  -0.188  -0.713  -0.466   0.062  -0.180  -0.517  -0.928
1856  -0.281  -0.189   0.045   -0.482   0.039   0.201  -0.168  -0.634  -0.537  -0.612  -0.610  -0.920
1857  -0.361  -0.899  -0.543   -1.136  -0.452  -0.759  -0.551  -0.667  -0.563  -0.507  -0.478  -0.218
1858  -0.200  -0.427   0.101   -0.120  -0.178  -0.375  -0.309  -0.524  -0.732  -0.394  -0.841  -0.928
1859  -0.716  -0.216  -0.181    0.175   0.419   0.176  -0.583  -0.045  -0.734  -0.474  -0.420  -0.862
1860  -0.537  -0.492  -0.570   -0.195  -0.041  -0.125  -0.269  -0.527  -0.312  -0.252  -0.389  -1.130
1861  -0.636  -0.871  -0.454   -0.480  -0.083  -0.346  -0.362  -0.349  -0.446  -0.656  -0.255  -0.995
1862  -0.958  -0.517  -0.767   -0.719  -0.474  -0.390  -0.682  -0.317   0.053  -0.320  -1.079  -0.970
1863   0.157  -0.725  -0.450   -0.193  -0.225  -0.797  -0.807  -0.694  -0.931  -0.710  -0.420  -0.722
1864  -0.676  -0.761  -0.744   -0.794  -0.276  -0.297  -0.243  -0.567  -0.461  -0.124  -0.677  -0.884
1865   0.347   0.192  -0.270   -0.490  -0.474  -0.206  -0.100  -0.362  -0.190  -0.114  -0.110  -0.836
1866  -0.215  -0.654  -0.583   -0.611  -0.732  -0.618  -0.442  -0.445  -0.051  -0.602   0.197   0.342
1867   0.067  -0.359  -0.025   -0.406  -0.568  -0.379  -0.268  -0.171  -0.143  -0.155   0.036  -0.343
1868  -0.300  -0.741  -0.173   -0.013  -0.377  -0.357  -0.124  -0.280  -0.337   0.251  -0.802  -0.366
1869   0.170   0.636  -0.023   -0.073   0.209   0.062  -0.039  -0.245  -0.051  -0.403   0.099  -0.385
1870  -0.830  -0.612  -0.221   -0.213   0.096  -0.159  -0.158  -0.607  -0.442  -0.503  -0.445  -1.015
1871  -0.787  -0.439  -0.111   -0.477   0.152  -0.155  -0.315  -0.139  -0.255  -0.386  -0.736  -0.297
1872  -0.346  -0.134   0.018   -0.445  -0.130  -0.460  -0.313  -0.145  -0.016  -0.479  -0.871  -0.629
1873  -0.523  -0.004  -0.302   -0.427  -0.062  -0.207  -0.545  -0.014  -0.408  -0.505  -0.632  -0.036
1874  -0.151  -0.356  -0.906   -0.448  -0.564  -0.591  -0.607  -0.279  -0.223  -0.511  -0.554  -0.291
1875  -0.325  -0.477  -0.765   -0.716  -0.364  -0.275  -0.346  -0.556  -0.455  -0.463  -0.901  -0.784
1876  -0.140  -0.582  -0.247   -0.388  -0.786  -0.382  -0.116  -0.344  -0.274  -0.128  -0.850  -0.654
1877  -0.070   0.077  -0.231   -0.147   0.132  -0.416   0.192  -0.070  -0.274  -0.235  -0.164  -0.373
1878  -0.252   0.125   0.687    0.269  -0.240  -0.164   0.145   0.012   0.113   0.093  -0.012  -0.098
1879   0.216  -0.150  -0.504   -0.161  -0.585  -0.759  -0.576  -0.884  -0.614  -0.112  -0.484  -1.102
1880  -0.587  -0.905  -0.735   -0.765  -0.132  -0.312  -0.586  -0.246  -0.598  -0.422  -0.206   0.105
1881  -0.152  -0.035  -0.531   -0.062   0.043  -0.674  -0.472  -0.174  -0.356  -0.337  -0.803  -0.368
1882   0.397  -0.351  -0.592   -0.457  -0.240  -0.676  -0.493  -0.462  -0.578  -0.595  -0.902  -0.847
1883  -0.583  -1.061  -0.386   -0.405  -0.630  -0.164  -0.517  -0.553  -0.622  -0.462  -0.979  -0.540
1884  -0.325  -0.378  -0.990   -0.825  -0.853  -0.576  -0.710  -0.747  -0.984  -0.554  -0.679  -0.326
1885  -0.773  -0.828  -0.761   -0.712  -0.525  -1.195  -0.764  -0.757  -0.790  -0.525  -0.538  -0.020
1886  -0.512  -0.742  -0.771   -0.156  -0.589  -0.816  -0.386  -0.660  -0.428  -0.581  -0.802  -0.164
1887  -1.022  -0.802  -0.664   -0.514  -0.598  -0.711  -0.507  -0.744  -0.629  -0.413  -0.458  -0.402
1888  -0.401  -0.755  -0.699   -0.567  -0.565  -0.241  -0.390  -0.519  -0.250  -0.159  -0.206   0.176
1889  -0.207   0.357   0.366    0.068   0.034  -0.210  -0.278  -0.540  -0.522  -0.443  -0.787  -0.093
1890  -0.467  -0.391  -0.850   -0.482  -0.600  -0.648  -0.527  -0.574  -0.338  -0.143  -0.872  -0.412
1891  -0.429  -1.170  -0.494   -0.686  -0.348  -0.206  -0.631  -0.685  -0.383  -0.501  -0.707  -0.122
1892  -0.196  -0.547  -0.865   -0.711  -0.682  -0.558  -0.622  -0.476  -0.392  -0.303  -0.998  -0.604
1893  -1.174  -1.224  -0.445   -0.400  -0.426  -0.420  -0.209  -0.714  -0.290  -0.255  -0.263  -0.427
1894  -0.582  -0.144  -0.206   -0.276  -0.174  -0.575  -0.341  -0.088  -0.541  -0.268  -0.394  -0.521
1895  -0.846  -0.868  -0.433   -0.136  -0.134  -0.173  -0.278  -0.345  -0.234  -0.075  -0.368  -0.225
1896   0.138  -0.212  -0.649   -0.732  -0.301  -0.040  -0.281  -0.086  -0.423   0.097  -0.525  -0.165
1897  -0.174  -0.374  -0.772    0.013   0.146  -0.127   0.199  -0.105   0.006   0.094  -0.154  -0.230
1898   0.523  -0.649  -1.166   -0.333  -0.220   0.045  -0.036  -0.369   0.012  -0.282  -0.345  -0.105
1899   0.060  -0.305  -0.414   -0.256  -0.140  -0.422  -0.112  -0.005  -0.033   0.093   0.421  -0.252
1900  -0.601   0.297   0.125   -0.131   0.077   0.066  -0.229  -0.157  -0.078   0.502  -0.159   0.383
1901  -0.098   0.072   0.174    0.132   0.149   0.049   0.068  -0.099  -0.104  -0.235  -0.099  -0.015
1902   0.355   0.506  -0.307   -0.315  -0.244  -0.094  -0.225  -0.405  -0.185  -0.542  -0.706  -0.656
1903   0.226   0.285  -0.281   -0.598  -0.269  -0.161  -0.470  -0.720  -0.471  -0.350  -0.545  -0.536
1904  -0.581  -0.667  -0.687   -0.466  -0.309  -0.366  -0.452  -0.370  -0.558  -0.325   0.136  -0.102
1905  -0.093  -0.994  -0.781   -0.649  -0.252  -0.159  -0.105  -0.508  -0.398  -0.136  -0.052   0.092
1906  -0.161  -0.564  -0.386    0.210  -0.025   0.043  -0.042  -0.087  -0.175   0.121  -0.272   0.180
1907  -0.494  -0.759  -0.725   -0.653  -0.846  -0.686  -0.481  -0.474  -0.399   0.031  -0.778  -0.375
1908  -0.098  -0.229  -1.084   -0.642  -0.367  -0.307  -0.059  -0.591  -0.113  -0.166  -0.711  -0.435
1909  -0.846  -0.375  -0.540   -0.718  -0.560  -0.384  -0.316  -0.065  -0.003   0.048   0.240  -0.196
1910   0.084  -0.143  -0.593   -0.444  -0.222  -0.388   0.022  -0.189  -0.179  -0.232  -0.633  -0.509
1911  -0.385  -0.430  -0.775   -0.539  -0.404  -0.428  -0.373  -0.399  -0.495  -0.031  -0.065   0.166
1912   0.065   0.333  -0.824   -0.193  -0.048  -0.023  -0.355  -0.713  -0.714  -0.743  -0.492  -0.274
1913  -0.229  -0.686  -0.844   -0.447  -0.596  -0.532  -0.260  -0.221  -0.513  -0.250   0.057   0.681
1914   0.901   0.164  -0.386   -0.352  -0.274  -0.066   0.079  -0.092  -0.152   0.063  -0.272  -0.095
1915  -0.216   0.149  -0.016    0.113   0.106   0.058   0.073  -0.203  -0.220   0.011   0.253   0.079
1916   0.184  -0.040  -0.508   -0.300  -0.322  -0.442  -0.221  -0.226  -0.295  -0.292  -0.551  -0.943
1917  -0.183  -0.774  -0.947   -0.538  -0.950  -0.581   0.005  -0.373  -0.033  -0.571  -0.287  -1.085
1918  -0.217  -0.649  -0.598   -0.593  -0.682  -0.487  -0.281  -0.424  -0.085   0.135  -0.117  -0.487
1919  -0.179  -0.147  -0.518    0.094  -0.229  -0.068  -0.122  -0.228  -0.188  -0.026  -0.381  -0.281
1920   0.343  -0.271  -0.264   -0.142  -0.120  -0.203  -0.207  -0.219  -0.206  -0.245  -0.335  -0.644
1921   0.478   0.076  -0.312   -0.156  -0.033  -0.100   0.073  -0.232  -0.280  -0.019  -0.157   0.138
1922  -0.261  -0.568  -0.245    0.105  -0.170  -0.278  -0.095  -0.318  -0.315  -0.116  -0.028  -0.046
1923   0.208  -0.400  -0.453   -0.658  -0.353  -0.153  -0.304  -0.297  -0.176   0.167   0.106   0.435
1924  -0.122  -0.076  -0.043   -0.512  -0.267  -0.051  -0.047  -0.341  -0.172  -0.021   0.218  -0.131
1925  -0.078  -0.390  -0.378    0.031  -0.283  -0.341  -0.288  -0.299  -0.259  -0.007   0.099   0.673
1926   0.959   0.594   0.241   -0.264  -0.337  -0.200  -0.244  -0.254  -0.091   0.259   0.158  -0.235
1927  -0.140  -0.091  -0.484   -0.453  -0.123  -0.075   0.188  -0.063   0.049   0.631   0.288  -0.345
1928   0.357   0.135  -0.332   -0.098  -0.116  -0.173  -0.091  -0.096   0.104   0.247   0.099   0.301
1929  -0.182  -0.883  -0.294   -0.478  -0.393  -0.251  -0.347  -0.084  -0.451   0.091   0.009  -0.844
1930  -0.147  -0.013   0.114   -0.244  -0.083   0.158   0.220   0.137  -0.373   0.044   0.383   0.182
1931   0.230  -0.410  -0.219   -0.273  -0.364   0.047   0.236   0.113   0.147   0.621   0.066   0.265
1932   1.023  -0.302  -0.429    0.225  -0.108   0.037   0.124  -0.031   0.121   0.285  -0.252  -0.136
1933  -0.330  -0.554  -0.640   -0.408  -0.246  -0.121  -0.176  -0.163  -0.334   0.113  -0.285  -0.540
1934   0.010   0.614  -0.601   -0.426   0.120  -0.115  -0.128  -0.290  -0.271   0.209   0.318   0.258
1935  -0.266   0.934  -0.017   -0.599  -0.383  -0.236   0.076  -0.038  -0.053   0.128  -0.604  -0.114
1936  -0.261  -0.630  -0.302   -0.368  -0.138  -0.057   0.299   0.094  -0.068   0.130   0.005   0.256
1937  -0.078   0.263  -0.545   -0.344  -0.148  -0.015   0.051   0.048   0.312   0.460   0.216  -0.138
1938   0.456   0.240   0.219    0.271   0.133  -0.232   0.083   0.049   0.279   0.463   0.365  -0.103
1939   0.408   0.080  -0.549   -0.089   0.249   0.166  -0.004  -0.039  -0.128  -0.044   0.023   1.194
1940  -0.170   0.273  -0.010    0.288   0.042   0.121   0.262  -0.085   0.053   0.121  -0.107   0.292
1941  -0.029   0.393  -0.027    0.113   0.155   0.195   0.426   0.123  -0.228   0.302  -0.109   0.003
1942   0.449  -0.194  -0.065   -0.029  -0.046   0.041  -0.279  -0.177   0.059   0.224   0.234   0.151
1943  -0.016   0.346  -0.204    0.074   0.058  -0.282  -0.141  -0.324  -0.120   0.386   0.032   0.481
1944   0.903   0.458   0.152   -0.051  -0.013  -0.102  -0.028   0.120   0.355   0.451  -0.029  -0.089
1945   0.190  -0.376  -0.299    0.075  -0.198  -0.129  -0.133   0.417   0.055   0.336  -0.053  -0.556
1946   0.459   0.236  -0.238    0.308   0.105  -0.195  -0.037  -0.074  -0.061   0.027   0.063  -0.317
1947   0.131   0.096   0.375    0.131  -0.068   0.084  -0.053  -0.110   0.060   0.695   0.214  -0.016
1948   0.764   0.115  -0.433    0.034   0.286   0.004   0.068   0.003   0.051   0.332   0.055  -0.122
1949   0.687  -0.409  -0.329   -0.164   0.018  -0.068  -0.139  -0.081  -0.130   0.280  -0.028  -0.077
1950  -0.534  -0.533  -0.279   -0.319  -0.013  -0.110  -0.264  -0.356  -0.116   0.031  -0.716  -0.037
1951  -0.330  -0.796  -0.288   -0.071   0.110  -0.077  -0.136   0.029   0.230   0.397   0.096   0.654
1952   0.585   0.128  -0.425    0.094   0.016  -0.115   0.153   0.053   0.236  -0.112  -0.638  -0.016
1953   0.453   0.538   0.291    0.466   0.272   0.201  -0.021   0.095  -0.066   0.275  -0.290   0.387
1954  -0.355  -0.033  -0.187   -0.396  -0.437   0.055  -0.004  -0.069  -0.131   0.240   0.338   0.020
1955   0.812  -0.071  -0.884   -0.416  -0.182   0.010  -0.144   0.462  -0.002   0.324  -0.192  -0.336
1956   0.066  -0.453  -0.556   -0.498  -0.502  -0.243  -0.106  -0.662  -0.390  -0.313  -0.401  -0.097
1957  -0.050  -0.168  -0.449   -0.200  -0.174   0.169  -0.298   0.082   0.095   0.120   0.251   0.682
1958   1.057   0.536   0.040    0.090   0.182  -0.333   0.081  -0.355  -0.375   0.063   0.090   0.199
1959   0.477   0.199   0.453    0.430  -0.063   0.188   0.174  -0.042  -0.219  -0.137  -0.431   0.180
1960   0.228   0.652  -1.097   -0.386  -0.475  -0.056  -0.153  -0.126  -0.063   0.159  -0.342   0.591
1961   0.447   0.487   0.116    0.291   0.196   0.236  -0.017   0.010   0.147  -0.023   0.030  -0.145
1962   0.438   0.497   0.155    0.116  -0.266  -0.090  -0.199  -0.143  -0.163   0.159   0.123   0.334
1963   0.432   0.835  -0.366   -0.283  -0.400  -0.067   0.150   0.382   0.414   0.626   0.348   0.164
1964   0.326  -0.139  -0.578   -0.561  -0.450  -0.068  -0.046  -0.245  -0.548  -0.503  -0.206  -0.247
1965   0.352  -0.140  -0.218   -0.484  -0.179  -0.175  -0.264  -0.138  -0.447   0.178  -0.317   0.153
1966   0.030   0.130   0.095   -0.289  -0.184   0.091   0.195  -0.202  -0.016  -0.205  -0.181  -0.273
1967   0.206  -0.258  -0.042   -0.123   0.275  -0.313  -0.033  -0.154  -0.052   0.461   0.010   0.254
1968  -0.165   0.046   0.724   -0.055  -0.359  -0.247  -0.449  -0.426  -0.564   0.114  -0.264  -0.382
1969  -0.544  -0.756  -0.288    0.036  -0.066  -0.041  -0.170  -0.149  -0.171   0.125   0.239   0.556
1970   0.323   0.546  -0.135    0.137  -0.182   0.057   0.064  -0.282   0.109   0.063  -0.117  -0.123
1971   0.483  -0.226  -0.420   -0.178  -0.057  -0.259  -0.229  -0.103   0.065   0.085   0.083   0.238
1972  -0.545  -0.583  -0.131   -0.106  -0.205   0.121  -0.128   0.270  -0.164   0.049  -0.413   0.164
1973   0.551   0.712   0.420    0.512   0.447   0.504   0.247   0.062   0.052   0.298   0.038   0.201
1974  -0.247  -0.633  -0.230   -0.135  -0.133   0.018  -0.029   0.141  -0.336  -0.180  -0.290  -0.097
1975   0.500   0.206   0.261    0.154   0.381   0.114   0.054  -0.338   0.025  -0.057  -0.260   0.026
1976   0.372  -0.192  -0.902   -0.208  -0.497  -0.331  -0.160  -0.375  -0.163  -0.839  -0.503   0.095
1977  -0.011   0.279   0.335    0.333   0.365   0.390   0.309   0.245  -0.190  -0.067   0.403   0.171
1978   0.189   0.275   0.178    0.219   0.004  -0.253   0.087  -0.632  -0.051   0.027   0.199   0.165
1979   0.163  -0.301   0.029   -0.109  -0.134  -0.041  -0.257  -0.093   0.118   0.301   0.168   1.004
1980   0.479   0.515  -0.036    0.464   0.443   0.120   0.432   0.340   0.263   0.272   0.526   0.375
1981   1.321   0.877   0.801    0.443   0.164   0.340   0.390   0.682   0.156   0.162   0.141   0.941
1982   0.079   0.130  -0.568   -0.048  -0.017  -0.147   0.216  -0.081  -0.037  -0.002  -0.154   0.758
1983   0.954   0.679   0.265    0.205   0.390   0.049   0.009   0.380   0.631   0.180   0.672   0.250
1984   0.410  -0.124   0.264   -0.043   0.652  -0.093   0.068   0.070  -0.070   0.115  -0.295  -0.424
1985   0.532  -0.532   0.044    0.134   0.056   0.133  -0.354   0.196  -0.135   0.081  -0.129   0.208
1986   0.818   0.857   0.375    0.359   0.238  -0.036  -0.076   0.103  -0.221   0.085  -0.179   0.193
1987   0.679   1.029  -0.166    0.116   0.100   0.479   0.589  -0.007   0.403   0.355  -0.041   0.920
1988   0.944   0.228   0.526    0.547   0.481   0.633   0.431   0.619   0.595   0.722   0.197   0.766
1989   0.156   0.418   0.327    0.243  -0.115  -0.012   0.253   0.248   0.338   0.504   0.080   0.857
1990   0.727   0.509   1.315    0.705   0.511   0.413   0.445   0.219   0.132   0.568   0.806   0.806
1991   0.709   0.867   0.162    0.759   0.231   0.824   0.654   0.436   0.533   0.503   0.332   0.451
1992   1.077   0.708   0.488    0.088   0.138   0.151  -0.204  -0.110  -0.472   0.099  -0.258   0.439
1993   0.738   0.617   0.456    0.211   0.064   0.133   0.228  -0.005  -0.124   0.356  -0.372   0.462
1994   0.552  -0.305   0.325    0.562   0.367   0.720   0.403   0.078   0.489   0.754   0.710   0.505
1995   1.066   1.484   0.554    0.520   0.214   0.743   0.787   0.763   0.457   0.829   0.685   0.545
1996   0.466   0.852   0.171    0.196   0.241   0.231   0.544   0.699   0.256   0.238   0.465   0.757
1997   0.668   0.617   0.535    0.393   0.199   0.696   0.190   0.326   0.561   0.839   0.728   0.865
1998   0.902   1.644   0.542    0.917   0.946   1.078   1.027   1.021   0.572   0.669   0.317   1.109
1999   1.079   1.504   0.110    0.362   0.338   0.636   0.538   0.497   0.648   0.725   0.477   0.977
2000   0.462   0.995   0.727    1.059   0.496   0.629   0.515   0.642   0.524   0.196   0.176   0.301
2001   0.870   0.548   0.835    0.778   0.900   0.654   0.822   0.583   0.632   0.635   1.184   0.955
2002   1.546   1.439   1.344    0.713   0.895   0.721   1.052   0.685   0.864   0.722   0.817   0.494
2003   1.511   0.924   0.617    0.678   0.759   0.519   0.584   0.802   0.823   1.183   0.624   1.547
2004   1.076   1.317   0.952    0.746   0.145   0.484  -0.004   0.297   0.544   0.899   1.186   0.676
2005   1.298   0.753   1.142    1.099   0.824   1.040   0.874   0.626   1.124   1.409   1.339   1.290
2006   0.806   1.266   0.880    0.550   0.428   1.017   0.661   1.019   0.834   1.108   0.845   1.481
2007   2.120   1.090   0.990    1.339   1.167   0.950   0.905   0.848   0.821   1.127   0.982   0.953
2008   0.400   0.432   1.436    0.841   0.661   0.657   0.830   0.503   0.704   1.160   1.143   0.852
2009   1.228   0.975   0.663    0.864   0.789   0.826   0.956   0.783   1.064   0.842   0.981   0.780
2010   1.312   1.273   1.311    1.223   1.059   0.959   0.822   0.883   0.825   1.192   1.414   0.775
2011   0.839   0.578   0.653    0.990   0.578   0.900   1.150   1.130   0.852   1.132   0.702   1.001
2012   0.682   0.472   0.576    1.162   1.184   1.082   0.687   0.827   0.915   1.179   1.020   0.483
2013   1.219   1.026   0.774    0.561   0.821   1.159   0.607   0.862   1.060   0.974   1.280   1.088
2014   1.270   0.358   0.869    1.049   1.107   0.845   0.576   0.981   0.993   1.094   0.674   1.284
2015   1.421   1.453   1.262    0.817   0.987   1.078   0.765   0.891   0.937   1.532   1.303   1.926
2016   1.727   2.181   2.030    1.678   1.261   0.994   1.000   1.434   1.093   1.040   1.122   1.372
2017   1.674   1.790   1.719    1.092   1.228   0.827   1.000   1.027   0.962   1.322   1.051   1.555
2018   1.286   1.140   1.233    1.166   1.044   1.056   1.165   0.973   0.856   1.311   0.772   1.325
2019   1.543   1.265   1.664    1.359   0.969   1.088   1.124   1.036   1.121   1.499   1.191   1.833
2020   2.132   2.113   1.590    1.540   1.242   1.283   1.179   1.045   1.390   1.249   1.713   1.235
2021   1.358   0.786   1.232    0.939   1.026   1.193   1.278   1.200   1.195   1.554   1.287   1.419
2022   1.471   1.145   1.361    1.212   1.017   1.363   1.273   1.125   1.140   1.565   0.742   1.047
2023   1.302   1.408   1.805    1.079   0.992   1.373   1.549   1.634   2.095   2.057   2.060   2.029
2024   1.794   1.986   1.820    1.761   1.444   1.762   1.700   1.893   1.740   1.987   1.915   2.060
2025   2.405   1.659   1.851    1.758   1.274   1.287   1.094   1.379   1.686   1.813   1.805   1.484
2026   1.681   2.179 -99.000  -99.000 -99.000 -99.000 -99.000 -99.000 -99.000 -99.000 -99.000 -99.000
 -99
 originally from https://storage.googleapis.com/berkeley-earth-temperature-hr/global/Land_TAVG_monthly.txt
https://psl.noaa.gov/data/timeseries/month/
 Available at NOAA/PSL
      GLOBAL Land Only Temperature Index in degrees Celsius   base period: 1951-1980
Berkeley Data.
 High Res T version from Berkeley
