1850 2025
1850  -9.999  -9.999  -9.999   -9.999  -9.999  -9.999  -9.999  -9.999  -9.999  -9.999  -9.999  -9.999
1851  -9.999  -9.999  -9.999   -9.999  -9.999  -9.999  -9.999  -9.999  -9.999  -9.999  -9.999  -9.999
1852  -9.999  -9.999  -9.999   -9.999  -9.999  -9.999  -9.999  -9.999  -9.999  -9.999  -9.999  -9.999
1853  -9.999  -9.999  -9.999   -9.999  -9.999  -9.999  -9.999  -9.999  -9.999  -9.999  -9.999  -9.999
1854  -9.999  -9.999  -9.999   -9.999  -9.999  -9.999  -9.999  -9.999  -9.999  -9.999  -9.999  -9.999
1855  -9.999  -9.999  -9.999   -9.999  -9.999  -9.999  -9.999  -9.999  -9.999  -9.999  -9.999  -9.999
1856  -9.999  -9.999  -9.999   -9.999  -9.999  -9.999  -9.999  -9.999  -9.999  -9.999  -9.999  -9.999
1857  -1.193  -0.342  -0.785   -1.782  -1.146  -0.252  -0.175  -0.027  -0.535  -0.739  -0.748   0.265
1858   0.020  -1.537  -0.873   -0.427  -0.586   0.054  -0.341  -0.265  -0.155  -0.260  -1.931  -0.587
1859  -0.334  -0.095  -0.237   -0.314  -0.160  -0.103   0.158  -0.029  -0.547  -0.185  -0.481  -1.253
1860  -0.038  -1.328  -1.745   -0.530  -0.521  -0.197  -0.251  -0.013  -0.375  -0.621  -1.551  -2.072
1861  -2.206  -0.030   0.105   -0.726  -1.178   0.015  -0.108   0.198  -0.365  -0.357  -0.714  -0.483
1862  -1.326  -1.498  -0.385   -0.282  -0.203  -0.227  -0.506  -0.751  -0.345  -0.551  -1.006  -1.216
1863   1.115   0.221  -0.479   -0.473  -0.407  -0.528  -0.585  -0.353  -0.397  -0.721  -0.431  -0.574
1864  -1.630  -0.779  -0.399   -0.700  -0.773   0.258  -0.221  -0.544  -0.482  -1.426  -1.445  -1.513
1865  -0.203  -1.371  -1.542   -0.348  -0.449  -0.212   0.035  -0.425   0.188  -0.510   0.052  -0.504
1866   0.566  -0.646  -0.860   -0.284  -0.877  -0.029  -0.081  -0.538  -0.124  -0.894  -0.878  -0.570
1867  -0.636   0.373  -1.875   -0.704  -1.292  -0.312  -0.403  -0.294  -0.228  -0.174  -0.718  -1.257
1868  -1.300  -0.967  -0.334   -0.876   0.107   0.055   0.354   0.069  -0.429  -0.210  -1.142  -0.342
1869  -0.144   0.779  -1.202   -0.459  -0.473  -0.516  -0.425   0.117  -0.035  -1.001  -0.720  -0.505
1870  -0.032  -1.259  -1.096   -0.581  -0.161  -0.016  -0.020  -0.753  -0.301  -0.569  -0.185  -1.863
1871  -1.299  -1.292  -0.221   -0.442  -0.736  -0.516   0.004   0.065  -0.636  -0.691  -1.322  -1.393
1872  -0.214  -0.697  -0.758   -0.157  -0.077  -0.075  -0.134  -0.400  -0.274  -0.115  -0.491  -0.827
1873  -0.171  -0.713  -0.591   -1.012  -0.585   0.255  -0.168   0.085  -0.324  -0.478  -0.915  -0.100
1874   0.089  -0.517  -1.111   -0.639  -0.925  -0.432  -0.249  -0.345  -0.037  -0.324  -0.815  -0.453
1875  -1.131  -1.447  -1.514   -0.984  -0.270  -0.236  -0.233  -0.260  -0.579  -0.824  -1.279  -1.098
1876  -0.336  -0.361  -0.492   -0.335  -0.724  -0.072   0.125  -0.199  -0.214  -0.571  -1.408  -1.590
1877  -0.242  -0.134  -0.578   -0.786  -0.976  -0.068   0.292   0.211  -0.350  -0.487   0.088   0.193
1878  -0.326   0.406   0.676    0.280  -0.517  -0.121  -0.061   0.064   0.312   0.130  -0.078  -1.034
1879  -0.512  -0.539  -0.555   -0.663  -0.663  -0.558  -0.386  -0.295  -0.304  -0.146  -0.915  -1.364
1880  -0.002  -0.336  -0.503   -0.399  -0.249  -0.192  -0.300   0.096  -0.217  -1.043  -1.039  -0.646
1881  -1.201  -0.627  -0.744   -0.473  -0.065  -0.643  -0.254  -0.069  -0.031  -0.614  -0.675   0.175
1882   0.714   0.074   0.135   -0.710  -0.735  -0.676  -0.490   0.012   0.007  -0.330  -0.805  -1.046
1883  -1.041  -0.948  -1.094   -0.729  -0.617   0.034  -0.290  -0.368  -0.482  -0.512  -0.613  -0.403
1884  -0.553  -0.454  -0.791   -1.018  -1.102  -0.733  -0.686  -0.234  -0.493  -0.616  -1.098  -0.752
1885  -1.287  -0.886  -1.128   -0.929  -0.986  -0.735  -0.357  -0.554  -0.359  -0.577  -0.496  -0.037
1886  -0.781  -1.145  -0.988   -0.387  -0.486  -0.614  -0.262  -0.307  -0.145  -0.533  -0.504  -0.352
1887  -0.796  -0.915  -0.651   -0.794  -0.450  -0.457  -0.309  -0.465  -0.304  -0.858  -0.708  -0.655
1888  -1.160  -1.056  -1.429   -0.361  -0.760  -0.478  -0.393  -0.409  -0.239  -0.360  -0.398  -0.292
1889  -0.543  -0.492  -0.286   -0.014   0.134  -0.075  -0.260  -0.360  -0.543  -0.342  -0.752  -0.057
1890  -0.278  -0.485  -0.580   -0.322  -0.602  -0.249  -0.412  -0.410  -0.243  -0.562  -0.815  -0.709
1891  -0.997  -0.940  -0.683   -0.764  -0.475  -0.428  -0.418  -0.478  -0.217  -0.489  -0.960   0.103
1892  -0.697  -0.098  -0.910   -0.872  -0.789  -0.413  -0.438  -0.321  -0.274  -0.459  -0.854  -1.405
1893  -2.176  -1.591  -0.623   -0.697  -0.759  -0.456  -0.152  -0.378  -0.411  -0.275  -0.569  -0.362
1894  -0.678  -0.423  -0.251   -0.486  -0.582  -0.623  -0.439  -0.348  -0.686  -0.408  -0.454  -0.484
1895  -1.200  -1.540  -0.775   -0.447  -0.480  -0.382  -0.611  -0.326  -0.172  -0.318  -0.442  -0.274
1896  -0.343  -0.390  -0.891   -0.795  -0.363  -0.249  -0.245  -0.298  -0.240   0.037  -0.966  -0.173
1897  -0.647  -0.443  -0.863   -0.121  -0.079  -0.146  -0.084  -0.182  -0.016  -0.267  -0.498  -0.603
1898   0.266  -0.479  -1.389   -0.763  -0.625  -0.231  -0.319  -0.144  -0.133  -0.568  -0.380  -0.100
1899  -0.124  -0.742  -0.839   -0.296  -0.534  -0.609  -0.210  -0.216   0.026  -0.204   0.255  -0.646
1900  -0.520  -0.446  -0.489   -0.455  -0.273  -0.016  -0.260  -0.121  -0.260   0.316  -0.207   0.170
1901  -0.235  -0.559  -0.120   -0.051  -0.173   0.094  -0.006  -0.054  -0.114  -0.196  -0.356  -0.411
1902   0.044  -0.082  -0.336   -0.500  -0.442  -0.292  -0.448  -0.477  -0.397  -0.562  -0.659  -0.854
1903  -0.190   0.067  -0.215   -0.577  -0.586  -0.546  -0.502  -0.426  -0.351  -0.579  -0.691  -0.825
1904  -0.825  -0.707  -0.971   -0.584  -0.517  -0.491  -0.495  -0.404  -0.505  -0.404  -0.319  -0.461
1905  -0.516  -1.360  -0.580   -0.728  -0.403  -0.130  -0.289  -0.263  -0.189  -0.478  -0.029  -0.055
1906   0.067  -0.426  -0.549    0.088  -0.015  -0.113  -0.176  -0.161  -0.305  -0.178  -0.590  -0.166
1907  -0.610  -0.813  -0.590   -0.893  -0.941  -0.682  -0.456  -0.550  -0.376  -0.126  -0.773  -0.561
1908  -0.180  -0.369  -0.862   -0.584  -0.441  -0.328  -0.327  -0.477  -0.243  -0.516  -0.756  -0.391
1909  -0.647  -0.601  -0.827   -0.758  -0.746  -0.407  -0.377   0.017  -0.061  -0.086  -0.005  -0.628
1910  -0.078  -0.380  -0.392   -0.286  -0.335  -0.301  -0.194  -0.171  -0.199  -0.402  -0.796  -0.707
1911  -0.615  -0.936  -0.862   -0.735  -0.415  -0.417  -0.242  -0.223  -0.265  -0.380  -0.156  -0.081
1912  -0.480  -0.056  -0.588   -0.459  -0.289  -0.081  -0.561  -0.660  -0.639  -0.798  -0.602  -0.292
1913  -0.237  -0.690  -0.684   -0.255  -0.845  -0.652  -0.309  -0.138  -0.267  -0.323   0.170   0.269
1914   0.525   0.200  -0.096   -0.332  -0.110  -0.076  -0.109  -0.108  -0.167  -0.011  -0.384  -0.347
1915  -0.046   0.304  -0.618    0.074  -0.281  -0.168   0.045  -0.103   0.010  -0.194  -0.018  -0.080
1916   0.039  -0.101  -0.717   -0.365  -0.371  -0.523  -0.213  -0.187  -0.301  -0.329  -0.476  -0.925
1917  -0.641  -1.310  -1.232   -0.717  -1.161  -0.424  -0.076  -0.272  -0.114  -0.549  -0.354  -1.255
1918  -0.799  -0.589  -0.608   -0.635  -0.769  -0.438  -0.413  -0.342  -0.247   0.165  -0.290  -0.356
1919  -0.128  -0.275  -0.554   -0.085  -0.405  -0.124  -0.172  -0.166  -0.081  -0.259  -0.811  -0.567
1920  -0.099  -0.511  -0.091   -0.288  -0.200  -0.224  -0.065  -0.151  -0.058  -0.370  -0.564  -0.606
1921   0.302  -0.152  -0.052   -0.039   0.062   0.038  -0.014  -0.335  -0.180  -0.199  -0.608  -0.149
1922  -0.602  -0.504  -0.335   -0.100  -0.147  -0.149  -0.211  -0.214  -0.159  -0.275  -0.175  -0.218
1923  -0.014  -0.642  -0.381   -0.746  -0.388  -0.304  -0.446  -0.440  -0.183  -0.045   0.159   0.168
1924  -0.481  -0.519  -0.502   -0.625  -0.343  -0.171  -0.186  -0.214  -0.040  -0.155  -0.157  -0.552
1925  -0.356  -0.100  -0.298   -0.136  -0.350  -0.343  -0.366  -0.078  -0.214  -0.505  -0.065   0.178
1926   0.410   0.466   0.007   -0.370  -0.459  -0.166  -0.252  -0.050  -0.003  -0.099   0.086  -0.458
1927  -0.300  -0.169  -0.421   -0.421  -0.461  -0.209   0.000  -0.137   0.048   0.255  -0.026  -0.810
1928   0.050  -0.097  -0.527   -0.268  -0.298  -0.509  -0.096  -0.125  -0.001  -0.032   0.067  -0.063
1929  -0.740  -1.382  -0.522   -0.694  -0.424  -0.420  -0.395  -0.149  -0.248   0.020   0.001  -0.835
1930  -0.419  -0.165  -0.067   -0.179  -0.316  -0.083   0.007   0.055  -0.148  -0.173   0.120  -0.139
1931  -0.000  -0.500  -0.284   -0.405  -0.316   0.010   0.106   0.100  -0.022   0.167  -0.145   0.071
1932   0.827  -0.493  -0.694    0.000  -0.236  -0.196  -0.089  -0.050   0.090   0.081  -0.303  -0.169
1933  -0.559  -0.641  -0.587   -0.338  -0.230  -0.248  -0.025  -0.040  -0.087  -0.085  -0.388  -0.872
1934  -0.120   0.114  -0.471   -0.422   0.200  -0.020  -0.003  -0.014  -0.160  -0.005   0.182   0.091
1935  -0.481   0.678  -0.073   -0.596  -0.490  -0.207  -0.065  -0.051  -0.159   0.161  -0.589  -0.404
1936  -0.400  -0.904  -0.475   -0.341  -0.177  -0.047   0.260   0.089  -0.039   0.059   0.064   0.211
1937  -0.263   0.099  -0.753   -0.360  -0.057   0.079  -0.021   0.216   0.236   0.302   0.103  -0.356
1938   0.097   0.095   0.267    0.322   0.044  -0.081   0.071   0.116   0.238   0.427   0.306  -0.410
1939   0.042   0.017  -0.560   -0.261   0.022   0.087  -0.010   0.095  -0.154  -0.270  -0.048   0.697
1940  -0.806  -0.157  -0.227   -0.030  -0.187   0.146   0.126  -0.002   0.139  -0.021  -0.067   0.277
1941  -0.199   0.096  -0.360   -0.055  -0.012   0.123   0.171   0.050  -0.208   0.192  -0.210  -0.172
1942   0.041  -0.461  -0.304   -0.121  -0.115   0.092  -0.120  -0.043   0.093   0.066   0.078   0.001
1943  -0.452   0.245  -0.282    0.112   0.044  -0.259  -0.005  -0.163   0.024   0.391  -0.045   0.279
1944   0.651   0.251   0.013   -0.187  -0.065  -0.030   0.078   0.146   0.378   0.309  -0.083  -0.456
1945  -0.335  -0.521  -0.276    0.200  -0.279  -0.122  -0.210   0.410   0.151   0.082  -0.146  -0.699
1946   0.079   0.096  -0.385    0.169  -0.119  -0.248  -0.016  -0.059   0.037  -0.190  -0.032  -0.646
1947  -0.334  -0.363  -0.020    0.122  -0.036   0.029  -0.072   0.056   0.058   0.370   0.074  -0.303
1948   0.374  -0.120  -0.431   -0.044   0.125   0.110  -0.089  -0.047  -0.004   0.093  -0.024  -0.219
1949   0.334  -0.355  -0.406   -0.138  -0.124  -0.232  -0.187  -0.067  -0.094   0.119  -0.045  -0.355
1950  -0.597  -0.406  -0.262   -0.328  -0.164  -0.090  -0.234  -0.309  -0.147  -0.215  -0.708  -0.352
1951  -0.588  -0.848  -0.469   -0.111  -0.026  -0.120  -0.078   0.106   0.197   0.154  -0.047   0.389
1952   0.247   0.028  -0.433   -0.043  -0.059  -0.014   0.136   0.084   0.120  -0.142  -0.543  -0.227
1953   0.124   0.159   0.173    0.196   0.055   0.183  -0.010   0.159   0.099   0.188  -0.133   0.227
1954  -0.515  -0.221  -0.355   -0.198  -0.291  -0.096  -0.187  -0.058  -0.008   0.073   0.237  -0.244
1955   0.370  -0.159  -0.805   -0.371  -0.203  -0.103  -0.203   0.033  -0.029  -0.033  -0.418  -0.486
1956  -0.358  -0.717  -0.587   -0.526  -0.431  -0.280  -0.276  -0.405  -0.415  -0.331  -0.513  -0.399
1957  -0.263  -0.259  -0.468   -0.161  -0.133   0.056  -0.171   0.029   0.056  -0.090   0.126   0.301
1958   0.456   0.219  -0.070    0.007   0.025  -0.077   0.011  -0.052  -0.115  -0.003   0.058  -0.006
1959   0.104   0.068   0.185    0.059  -0.128   0.117   0.040   0.011   0.048  -0.149  -0.164  -0.019
1960   0.029   0.360  -0.693   -0.322  -0.313   0.059  -0.090  -0.006   0.054   0.008  -0.223   0.316
1961   0.078   0.248   0.081    0.119   0.100   0.085  -0.017  -0.021   0.054  -0.056   0.002  -0.187
1962   0.176   0.255  -0.012    0.038  -0.099  -0.149  -0.046  -0.065  -0.020   0.121   0.075   0.052
1963  -0.079   0.376  -0.320   -0.220  -0.179  -0.134   0.046   0.037   0.141   0.397   0.277  -0.111
1964  -0.038  -0.257  -0.498   -0.336  -0.177  -0.252  -0.201  -0.267  -0.275  -0.385  -0.299  -0.430
1965  -0.072  -0.449  -0.281   -0.464  -0.246  -0.133  -0.305  -0.233  -0.205  -0.052  -0.223  -0.143
1966  -0.212  -0.124  -0.133   -0.264  -0.191   0.065  -0.004   0.023  -0.015  -0.172  -0.150  -0.349
1967  -0.300  -0.445  -0.098   -0.075   0.134  -0.213  -0.113  -0.073  -0.125   0.349   0.013  -0.125
1968  -0.351  -0.272   0.336   -0.202  -0.309  -0.292  -0.211  -0.185  -0.191  -0.110  -0.250  -0.405
1969  -0.611  -0.723  -0.283   -0.001  -0.002  -0.082   0.038  -0.019  -0.065  -0.034   0.180   0.279
1970  -0.037   0.314  -0.248    0.019  -0.095   0.090  -0.012  -0.061   0.009  -0.173  -0.087  -0.315
1971  -0.089  -0.427  -0.475   -0.363  -0.297  -0.311  -0.175  -0.120  -0.011  -0.098  -0.035  -0.083
1972  -0.779  -0.653  -0.274   -0.180  -0.210  -0.058  -0.078  -0.080  -0.228  -0.092  -0.252   0.087
1973   0.166   0.542   0.387    0.256   0.163   0.260   0.099   0.044  -0.040  -0.007  -0.135  -0.084
1974  -0.452  -0.618  -0.197   -0.153  -0.246  -0.188  -0.086  -0.121  -0.236  -0.354  -0.337  -0.355
1975   0.133  -0.007   0.021    0.042  -0.003  -0.014  -0.039  -0.139   0.047  -0.196  -0.303  -0.321
1976  -0.082  -0.357  -0.740   -0.169  -0.313  -0.300  -0.299  -0.297  -0.221  -0.690  -0.450  -0.315
1977  -0.416   0.104   0.255    0.254   0.116   0.213   0.082  -0.004   0.022  -0.054   0.400   0.047
1978   0.046  -0.050   0.133    0.001  -0.046  -0.163  -0.078  -0.249  -0.076  -0.064   0.144  -0.134
1979  -0.110  -0.299   0.010   -0.247  -0.075   0.110   0.025   0.051   0.082   0.220   0.124   0.625
1980   0.094   0.237  -0.116    0.157   0.268   0.134   0.065   0.086   0.097   0.134   0.251   0.099
1981   0.732   0.604   0.515    0.404   0.106   0.146   0.098   0.240   0.112   0.050   0.161   0.484
1982  -0.219   0.107  -0.242    0.034  -0.008  -0.116   0.027   0.007   0.083  -0.127  -0.141   0.408
1983   0.709   0.472   0.355    0.145   0.149   0.115   0.260   0.325   0.392   0.207   0.563   0.121
1984   0.139  -0.096   0.042   -0.110   0.218   0.034  -0.011   0.041  -0.137   0.084  -0.166  -0.518
1985  -0.012  -0.278  -0.101   -0.017   0.058  -0.046  -0.141   0.116  -0.029   0.027  -0.043   0.051
1986   0.430   0.198   0.188    0.254   0.186   0.129  -0.046   0.017  -0.082  -0.009  -0.056   0.033
1987   0.172   0.687  -0.110    0.189   0.177   0.215   0.370   0.205   0.321   0.259   0.135   0.538
1988   0.652   0.281   0.382    0.315   0.374   0.435   0.354   0.314   0.375   0.336   0.090   0.459
1989   0.123   0.424   0.379    0.223   0.185   0.162   0.201   0.234   0.223   0.301   0.062   0.304
1990   0.380   0.514   1.177    0.590   0.408   0.448   0.289   0.366   0.217   0.480   0.587   0.395
1991   0.506   0.525   0.270    0.558   0.307   0.559   0.403   0.345   0.361   0.339   0.251   0.091
1992   0.690   0.526   0.410    0.063   0.112   0.039  -0.244  -0.094  -0.228  -0.194  -0.226   0.181
1993   0.436   0.442   0.324    0.175   0.226   0.223   0.142   0.104  -0.085   0.135  -0.317   0.271
1994   0.342  -0.166   0.314    0.408   0.350   0.400   0.237   0.263   0.313   0.465   0.543   0.421
1995   0.829   1.204   0.476    0.477   0.357   0.531   0.405   0.602   0.479   0.690   0.542   0.196
1996   0.201   0.451   0.137   -0.017   0.317   0.254   0.272   0.245   0.118   0.156   0.216   0.378
1997   0.406   0.577   0.516    0.331   0.319   0.528   0.390   0.491   0.542   0.622   0.538   0.597
1998   0.718   1.349   0.760    1.023   0.828   0.896   0.984   0.906   0.745   0.715   0.329   0.836
1999   0.750   1.156   0.223    0.503   0.387   0.456   0.475   0.439   0.579   0.536   0.394   0.731
2000   0.297   0.904   0.722    0.903   0.499   0.430   0.403   0.500   0.380   0.270   0.069   0.227
2001   0.637   0.507   0.766    0.665   0.707   0.536   0.623   0.777   0.578   0.630   1.003   0.577
2002   1.144   1.337   1.153    0.673   0.583   0.642   0.800   0.621   0.676   0.477   0.718   0.330
2003   1.007   0.626   0.553    0.612   0.804   0.685   0.634   0.792   0.749   0.917   0.673   1.038
2004   0.747   1.066   0.914    0.681   0.319   0.481   0.385   0.454   0.542   0.737   1.045   0.456
2005   0.917   0.564   0.885    0.989   0.725   0.867   0.798   0.692   0.956   1.077   1.153   0.753
2006   0.598   0.960   0.767    0.584   0.507   0.851   0.771   0.755   0.766   1.009   0.897   1.261
2007   1.633   0.964   0.957    1.088   0.804   0.611   0.627   0.792   0.813   0.941   0.765   0.800
2008   0.339   0.432   1.194    0.562   0.492   0.597   0.701   0.565   0.605   0.988   1.012   0.677
2009   0.791   0.831   0.636    0.835   0.579   0.659   0.588   0.830   0.996   0.743   0.831   0.540
2010   0.810   0.933   1.126    1.107   0.964   1.000   0.979   0.895   0.806   0.918   1.219   0.481
2011   0.464   0.422   0.585    0.880   0.572   0.805   0.795   0.780   0.854   0.964   0.672   0.872
2012   0.557   0.384   0.614    1.057   0.981   0.965   0.815   0.861   0.908   0.906   0.928   0.332
2013   0.923   0.978   0.719    0.650   0.814   0.914   0.709   0.758   0.801   0.889   1.101   0.864
2014   0.952   0.489   0.980    1.042   0.929   0.899   0.738   0.841   0.837   0.980   0.713   1.098
2015   1.204   1.201   1.237    0.899   1.027   1.089   0.838   1.014   1.056   1.238   1.301   1.769
2016   1.431   2.101   1.948    1.606   1.128   1.113   1.061   1.222   1.195   0.857   0.819   1.097
2017   1.356   1.590   1.476    1.091   0.948   0.979   1.078   1.086   1.065   1.042   0.931   1.229
2018   1.019   0.979   1.129    1.093   0.967   0.868   1.047   0.845   0.942   1.031   0.747   1.072
2019   1.298   1.112   1.536    1.294   0.923   1.165   0.971   0.946   1.121   1.226   1.049   1.565
2020   1.875   1.987   1.746    1.193   1.081   1.119   0.953   1.060   1.249   1.096   1.556   1.015
2021   1.073   0.850   1.153    1.004   0.943   1.232   1.201   1.105   1.118   1.252   1.091   1.114
2022   1.211   1.044   1.258    1.080   0.881   1.082   1.059   1.155   1.077   1.231   0.891   0.809
2023   1.310   1.339   1.622    0.898   1.061   1.335   1.496   1.606   1.772   1.866   1.827   1.768
2024   1.592   1.917   1.750    1.804   1.211   1.506   1.337   1.527   1.604   1.697   1.845   1.725
2025   1.939   1.446   1.798    1.640   1.214   1.170  -9.999  -9.999  -9.999  -9.999  -9.999  -9.999
 -9.999
 originally from from https://crudata.uea.ac.uk/cru/data/temperature/CRUTEM5.0_gl.txt 
https://psl.noaa.gov/data/timeseries/month/DS/CRUGLBLT/
 Available at NOAA/PSL
