 1870 2025
1870    -0.426    -0.602    -0.687    -0.386    -0.415    -0.423    -0.245    -0.155    -0.135    -0.224    -0.363    -0.415
1871    -0.384    -0.465    -0.490    -0.586    -0.745    -0.789    -0.383    -0.441    -0.646    -0.579    -0.561    -0.604
1872    -0.712    -0.629    -0.569    -0.661    -0.462    -0.481    -0.395    -0.443    -0.408    -0.463    -0.411    -0.649
1873    -0.728    -0.672    -0.713    -0.592    -0.687    -0.571    -0.442    -0.336    -0.145    -0.531    -0.556    -0.672
1874    -0.330    -0.416    -0.135    -0.209    -0.527    -0.445    -0.304    -0.682    -0.240    -0.250    -0.717    -0.420
1875    -0.440    -0.611    -0.693    -0.857    -0.532    -0.788    -0.646    -0.711    -0.564    -0.273    -0.024    -0.646
1876    -0.736    -0.538    -0.414    -0.412    -0.478    -0.797    -0.686    -0.687    -0.906    -0.852    -0.818    -0.782
1877    -0.658    -0.817    -0.624    -0.551    -0.351    -0.230     0.012    -0.647    -0.655    -0.648    -0.792    -0.334
1878     0.155     0.515     0.112     0.094     0.133     0.087     0.127    -0.071    -0.357     0.036    -0.352    -0.219
1879    -0.223    -0.300    -0.236    -0.355    -0.358    -0.448    -0.313    -0.333    -0.334    -0.386    -0.566    -0.655
1880    -0.741    -0.545    -0.432    -0.609    -0.760    -0.779    -0.355    -0.101    -0.260    -0.242    -0.231    -0.419
1881    -0.695    -0.319    -0.143    -0.046    -0.197    -0.580    -0.189    -0.248    -0.217    -0.214    -0.403    -0.288
1882    -0.131     0.043    -0.404    -0.370    -0.563    -0.744    -0.536    -0.306    -0.174    -0.317    -0.616    -0.699
1883    -0.050    -0.366    -0.493    -0.675    -0.615    -0.330    -0.273    -0.644    -0.457    -0.657    -0.631    -0.827
1884    -0.758    -0.673    -0.482    -0.659    -0.710    -0.657    -0.491    -0.216    -0.088    -0.310    -0.389    -0.379
1885    -0.321    -0.698    -0.575    -0.583    -0.639    -0.897    -0.818    -0.685    -0.443    -0.592    -0.351    -0.369
1886    -0.116    -0.101    -0.037    -0.146    -0.302    -0.575    -0.369    -0.115    -0.151    -0.356    -0.471    -0.754
1887    -0.561    -0.542    -0.575    -0.769    -0.816    -0.873    -0.637    -0.737    -0.900    -0.551    -0.681    -0.779
1888    -0.872    -0.403    -0.300    -0.191    -0.279    -0.499    -0.467    -0.291    -0.346    -0.183    -0.189    -0.243
1889    -0.047    -0.191     0.074    -0.003    -0.031    -0.304    -0.237    -0.176    -0.066    -0.173    -0.419    -0.714
1890    -0.962    -0.880    -0.564    -0.748    -0.852    -0.672    -0.600    -0.808    -0.556    -0.429    -0.666    -0.670
1891    -0.733    -0.403    -0.306    -0.497    -0.609    -0.721    -0.777    -0.929    -0.826    -0.793    -0.763    -0.772
1892    -0.483    -0.194    -0.480    -0.456    -0.369    -0.195    -0.450    -0.225     0.007    -0.568    -0.857    -0.897
1893    -0.869    -0.776    -0.464    -0.498    -0.614    -0.615    -0.403    -0.331    -0.357    -0.363    -0.649    -0.698
1894    -0.880    -0.596    -0.629    -0.562    -0.826    -0.948    -0.850    -1.094    -0.802    -0.799    -0.843    -0.733
1895    -0.785    -0.717    -0.672    -0.694    -0.755    -0.737    -0.576    -0.605    -0.455    -0.582    -0.320    -0.475
1896    -0.288    -0.143    -0.183    -0.312    -0.360    -0.423    -0.503    -0.574    -0.637    -0.885    -0.784    -0.515
1897    -0.290    -0.079    -0.106    -0.328    -0.468    -0.418    -0.160    -0.106    -0.065     0.247    -0.209    -0.224
1898    -0.417    -0.459    -0.722    -0.514    -0.476    -0.586    -0.161    -0.242    -0.181    -0.165    -0.509    -0.659
1899    -0.833    -0.859    -0.901    -0.855    -0.808    -0.729    -0.491    -0.568    -0.458    -0.434    -0.518    -0.224
1900    -0.283    -0.137    -0.184    -0.152    -0.376    -0.498    -0.307    -0.278    -0.199    -0.416    -0.505    -0.090
1901    -0.071    -0.134    -0.247    -0.292    -0.327    -0.450    -0.524    -0.339    -0.383    -0.367    -0.436    -0.388
1902    -0.411    -0.320    -0.550    -0.693    -0.731    -0.604    -0.721    -0.927    -0.945    -0.513    -0.818    -0.530
1903    -0.364    -0.243    -0.424    -0.311    -0.586    -0.414    -0.332    -0.355    -0.304    -0.296    -0.665    -0.696
1904    -1.016    -0.676    -0.793    -0.973    -0.790    -0.688    -0.578    -0.569    -0.413    -0.628    -0.617    -0.407
1905    -0.420    -0.351    -0.268    -0.606    -0.689    -0.267    -0.492    -0.630    -0.644    -0.420    -0.342    -0.145
1906    -0.151     0.024    -0.202    -0.132    -0.343    -0.350    -0.143    -0.005     0.259    -0.127    -0.439    -0.760
1907    -0.407    -0.526    -0.701    -0.378    -0.676    -0.762    -0.544    -0.478    -0.415    -0.523    -0.525    -0.559
1908    -0.403    -0.397    -0.725    -0.303    -0.597    -0.664    -0.415    -0.322    -0.599    -0.394    -0.453    -0.585
1909    -0.359    -0.473    -0.379    -0.383    -0.334    -0.355    -0.203    -0.242    -0.157    -0.342    -0.517    -0.551
1910    -0.340    -0.760    -0.542    -0.836    -0.622    -0.569    -0.136    -0.406    -0.235    -0.237    -0.604    -0.759
1911    -0.529    -0.539    -0.086    -0.375    -0.468    -0.441    -0.413    -0.365    -0.476    -0.407    -0.626    -0.625
1912    -0.484    -0.376    -0.681    -0.325    -0.662    -0.583    -0.240    -0.104    -0.112    -0.280    -0.341    -0.550
1913    -0.650    -0.359    -0.787    -0.737    -0.717    -0.920    -0.733    -0.711    -0.501    -0.736    -0.522    -0.459
1914    -0.413    -0.281    -0.311    -0.441    -0.556    -0.707    -0.365    -0.450    -0.627    -0.481    -0.116    -0.178
1915    -0.276    -0.154    -0.256    -0.155    -0.123    -0.102     0.050    -0.254    -0.093    -0.326    -0.385    -0.588
1916    -0.743    -0.728    -0.729    -0.661    -0.613    -0.380    -0.265    -0.086     0.178    -0.207    -0.676    -0.764
1917    -0.958    -0.853    -1.040    -0.731    -0.728    -0.585    -0.234    -0.205     0.110    -0.120    -0.429    -0.713
1918    -1.163    -1.297    -1.127    -0.846    -0.703    -0.745    -0.622    -0.749    -0.608    -0.568    -0.480    -0.586
1919    -0.306    -0.252    -0.309    -0.228    -0.142    -0.196    -0.408    -0.347    -0.314    -0.483    -0.847    -0.607
1920    -0.626    -0.662    -0.651    -0.673    -0.759    -0.769    -0.607    -0.260    -0.269    -0.555    -0.429    -0.616
1921    -0.662    -0.694    -0.795    -0.538    -0.863    -0.725    -0.469    -0.265    -0.467    -0.299    -0.492    -0.332
1922    -0.473    -0.455    -0.768    -0.613    -0.611    -0.618    -0.404    -0.392    -0.510    -0.335    -0.341    -0.746
1923    -0.799    -0.587    -0.550    -0.494    -0.440    -0.649    -0.527    -0.839    -1.009    -0.831    -0.827    -0.487
1924    -0.253    -0.002    -0.109    -0.285    -0.419    -0.321    -0.353    -0.448    -0.177    -0.586    -0.683    -0.625
1925    -0.806    -0.977    -0.834    -1.113    -0.775    -0.887    -0.522    -0.707    -0.877    -0.696    -0.572    -0.467
1926    -0.472    -0.271    -0.337    -0.311    -0.426    -0.617    -0.163    -0.531    -0.276    -0.411    -0.373    -0.409
1927    -0.687    -0.374    -0.576    -0.484    -0.680    -0.655    -0.225    -0.341    -0.228    -0.268    -0.537    -0.460
1928    -0.230    -0.146    -0.367    -0.575    -0.515    -0.333    -0.293    -0.021     0.069    -0.216    -0.381    -0.357
1929    -0.503    -0.509    -0.564    -0.416    -0.643    -0.703    -0.633    -0.506    -0.452    -0.418    -0.455    -0.409
1930    -0.276    -0.205    -0.225    -0.175    -0.418    -0.705    -0.465    -0.448    -0.094    -0.243    -0.467    -0.393
1931    -0.195     0.237     0.200     0.131    -0.040    -0.055     0.084    -0.112     0.131    -0.168    -0.311    -0.183
1932    -0.403    -0.378    -0.294    -0.591    -0.332    -0.385    -0.443    -0.215    -0.415    -0.180    -0.542    -0.725
1933    -0.311    -0.411    -0.642    -0.747    -0.322    -0.440    -0.211    -0.163     0.384    -0.096    -0.416    -0.474
1934    -0.623    -0.943    -1.044    -0.807    -0.894    -0.706    -0.462    -0.596    -0.227    -0.510    -0.510    -0.321
1935    -0.582    -0.305    -0.769    -0.344    -0.709    -0.729    -0.826    -0.732    -0.528    -0.532    -0.741    -0.593
1936    -0.537    -0.085    -0.297    -0.497    -0.544    -0.644    -0.487    -0.066     0.078    -0.051    -0.468    -0.115
1937    -0.398     0.030    -0.136    -0.149    -0.529    -0.240    -0.105    -0.291    -0.270    -0.222    -0.265    -0.532
1938    -0.360    -0.213    -0.355    -0.282    -0.461    -0.116    -0.044    -0.397    -0.180    -0.119    -0.155    -0.255
1939    -0.705    -0.719    -0.747    -0.506    -0.549    -0.514    -0.270    -0.345    -0.473    -0.600    -0.187    -0.418
1940    -0.564    -0.348    -0.095    -0.227    -0.289    -0.482    -0.110    -0.473    -0.169    -0.002    -0.031    -0.054
1941     0.095     0.343     0.098     0.140    -0.077     0.041     0.246     0.218    -0.049    -0.093    -0.250     0.121
1942    -0.124    -0.129     0.065    -0.061    -0.008     0.145    -0.167     0.342     0.170    -0.304    -0.294    -0.410
1943    -0.523    -0.513    -0.556    -0.618    -0.416    -0.775    -0.684    -0.582     0.039    -0.120    -0.122    -0.240
1944    -0.358    -0.695    -0.325    -0.405    -0.700    -0.348    -0.386    -0.434    -0.225    -0.087    -0.312    -0.275
1945     0.026    -0.038    -0.700    -0.521    -0.407    -0.231     0.139     0.135    -0.195    -0.321    -0.438    -0.231
1946    -0.646    -0.456    -0.330    -0.019    -0.784    -0.492    -0.603    -0.898    -0.670    -0.422    -0.734    -0.697
1947    -0.354    -0.649    -0.662    -0.857    -0.793    -0.653    -0.393    -0.232    -0.172    -0.448    -0.733    -0.862
1948    -0.727    -0.584    -0.560    -0.553    -0.684    -0.676    -0.414    -0.296    -0.387    -0.454    -0.587    -0.212
1949    -0.802    -0.814    -0.668    -0.885    -0.778    -0.767    -0.585    -0.757    -0.579    -0.592    -0.419    -0.518
1950    -0.705    -0.361    -0.131    -0.507    -0.569    -0.475    -0.564    -0.744    -0.412    -0.388    -0.820    -0.956
1951    -1.188    -1.052    -0.952    -0.568    -0.734    -0.466    -0.471    -0.675    -0.360    -0.334    -0.549    -0.324
1952    -0.479    -0.464    -0.586    -0.516    -0.437    -0.551    -0.333    -0.355    -0.190    -0.372    -0.576    -0.584
1953    -0.786    -0.795    -0.542    -0.435    -0.680    -0.386    -0.537    -0.597    -0.570    -0.416    -0.351    -0.164
1954    -0.239    -0.213    -0.379    -0.519    -0.158    -0.338    -0.375    -0.479    -0.427    -0.486    -0.569    -0.930
1955    -0.562    -0.725    -0.775    -0.765    -0.329    -0.729    -0.539    -0.358    -0.089    -0.295    -0.629    -0.498
1956    -0.629    -0.758    -0.689    -0.412    -0.468    -0.265    -0.065    -0.202    -0.188    -0.204    -0.385    -0.574
1957    -0.264    -0.130    -0.377    -0.278    -0.029    -0.222    -0.194    -0.291    -0.381    -0.256    -0.049    -0.332
1958     0.085    -0.025    -0.094    -0.148    -0.126     0.038     0.438     0.608     0.536     0.252     0.014     0.158
1959    -0.192     0.272     0.078    -0.169     0.097    -0.079    -0.213    -0.044    -0.064    -0.119    -0.054    -0.141
1960    -0.331    -0.464    -0.063     0.194     0.169    -0.044    -0.038    -0.264    -0.075     0.018    -0.104    -0.034
1961    -0.541    -0.521    -0.433     0.068    -0.328    -0.626    -1.018    -1.171    -0.973    -0.848    -0.829    -0.686
1962    -0.969    -1.054    -0.706    -0.469    -0.341    -0.379    -0.296    -0.254    -0.393    -0.305    -0.355    -0.378
1963    -0.837    -0.907    -0.803    -0.574    -0.473    -0.502    -0.731    -0.995    -0.705    -0.788    -0.586    -0.311
1964     0.219     0.370    -0.016    -0.161    -0.321    -0.370    -0.231    -0.449    -0.132    -0.043    -0.757    -0.762
1965    -0.614    -0.332    -0.725    -0.537    -0.499    -0.532    -0.474    -0.527    -0.414    -0.633    -0.414    -0.310
1966    -0.316    -0.013    -0.110    -0.212    -0.386    -0.496    -0.545    -0.737    -0.535    -0.325    -0.279    -0.499
1967    -0.776    -0.876    -0.848    -0.407    -0.393    -0.634    -0.983    -0.886    -0.856    -0.617    -0.508    -0.612
1968    -0.861    -0.826    -0.733    -0.588    -0.430    -0.402    -0.133    -0.098     0.166    -0.070    -0.135    -0.183
1969     0.000     0.044    -0.014    -0.009    -0.036    -0.039    -0.151    -0.243    -0.189    -0.065    -0.279    -0.117
1970    -0.213    -0.408    -0.139    -0.390    -0.450    -0.170    -0.023    -0.243     0.024    -0.125    -0.358    -0.549
1971    -0.958    -1.049    -1.177    -0.822    -0.632    -0.511    -0.397    -0.203    -0.101    -0.235    -0.626    -0.790
1972    -0.582    -0.361    -0.757    -0.565    -0.462    -0.677    -0.652    -0.496    -0.290    -0.223    -0.484    -0.328
1973     0.127    -0.022    -0.101     0.106    -0.113    -0.052     0.273     0.235     0.415     0.042    -0.357    -0.730
1974    -1.011    -0.912    -0.936    -0.693    -0.547    -0.490    -0.157    -0.094     0.016     0.006    -0.398    -0.293
1975    -0.383    -0.486    -0.515    -0.735    -0.542    -0.458    -0.146    -0.146     0.229    -0.082    -0.620    -0.832
1976    -0.890    -0.731    -0.779    -0.811    -0.668    -0.766    -0.960    -0.658    -0.443    -0.458    -0.473    -0.598
1977    -0.463    -0.470    -0.729    -0.348    -0.139    -0.148    -0.285    -0.252    -0.245    -0.498    -0.062    -0.127
1978     0.317     0.201     0.206    -0.330    -0.385    -0.646    -0.430    -0.305    -0.366    -0.193    -0.144    -0.325
1979    -0.364     0.053    -0.167    -0.180     0.051    -0.344    -0.236    -0.464    -0.236    -0.207    -0.256    -0.286
1980    -0.274    -0.227    -0.179    -0.309    -0.105    -0.241     0.173     0.335     0.323     0.293     0.087     0.109
1981    -0.227    -0.304    -0.153    -0.476    -0.427    -0.367     0.036     0.029     0.139     0.106    -0.278    -0.351
1982    -0.541    -0.573    -0.416    -0.450    -0.472    -0.596    -0.528    -0.534    -0.566    -0.630    -0.384     0.126
1983     0.464     0.678     0.791     0.715     0.236     0.148     0.001    -0.053     0.074     0.023     0.222    -0.114
1984    -0.294    -0.597    -0.452    -0.502    -0.458    -0.406    -0.238    -0.135     0.038    -0.017    -0.142    -0.271
1985    -0.072    -0.012    -0.112    -0.193    -0.356    -0.292    -0.136    -0.147    -0.212    -0.061    -0.472     0.057
1986    -0.364    -0.197    -0.274    -0.178    -0.096    -0.016     0.152    -0.024    -0.127    -0.179     0.118     0.136
1987    -0.011    -0.078     0.172     0.142     0.166    -0.020    -0.009     0.002    -0.061    -0.055     0.193    -0.013
1988     0.025     0.462     0.512     0.163     0.231     0.053     0.099     0.285     0.277     0.300    -0.068    -0.272
1989    -0.172    -0.342    -0.250    -0.177    -0.002     0.100     0.101     0.019     0.078     0.202     0.217     0.008
1990     0.009     0.490     0.148     0.217     0.108     0.078     0.115     0.241    -0.020     0.154    -0.025     0.111
1991     0.024     0.044     0.018    -0.114    -0.171    -0.140    -0.266    -0.353    -0.223    -0.161    -0.263    -0.207
1992     0.165     0.210     0.345     0.246     0.371     0.666     0.470     0.419     0.435     0.158     0.050     0.029
1993     0.019    -0.160    -0.074    -0.133    -0.057    -0.034    -0.052     0.045    -0.075    -0.224    -0.027    -0.072
1994    -0.135    -0.144    -0.512    -0.546    -0.618    -0.766    -0.798    -1.033    -0.923    -0.729    -0.425    -0.327
1995    -0.261    -0.138    -0.136     0.053     0.169     0.029     0.209     0.069     0.012     0.188     0.141    -0.211
1996    -0.030    -0.009    -0.070     0.068    -0.146     0.000     0.252     0.187     0.173     0.376     0.247    -0.030
1997    -0.328    -0.554    -0.232    -0.208    -0.249    -0.177    -0.482    -0.547    -0.588    -0.664    -0.868    -0.405
1998     0.136     0.385     0.689     0.511     0.399     0.386     0.649     0.742     0.528     0.621     0.402     0.084
1999    -0.119    -0.211    -0.169    -0.205    -0.250    -0.133    -0.231    -0.208    -0.070    -0.183    -0.125    -0.140
2000    -0.179    -0.355    -0.388    -0.365    -0.368    -0.444    -0.377    -0.247    -0.002     0.005     0.118    -0.056
2001    -0.055    -0.302    -0.089    -0.216    -0.110    -0.047     0.027     0.102     0.121     0.175     0.181     0.163
2002     0.259    -0.033     0.133     0.298     0.052     0.025     0.156     0.075     0.007    -0.186    -0.083     0.305
2003     0.205     0.225     0.187     0.190     0.106     0.018    -0.041    -0.086     0.116     0.179     0.049    -0.214
2004     0.080    -0.101    -0.179    -0.007     0.056    -0.106    -0.105    -0.005     0.022    -0.089     0.104     0.166
2005     0.117     0.513     0.473     0.033     0.113     0.167     0.308     0.250     0.431     0.267     0.019    -0.106
2006    -0.272     0.049    -0.016    -0.140     0.097    -0.064    -0.107    -0.167    -0.422    -0.537    -0.246     0.079
2007     0.026     0.127    -0.047    -0.055    -0.093     0.181    -0.062    -0.115    -0.194    -0.209    -0.201    -0.028
2008    -0.168    -0.291    -0.578    -0.344    -0.513    -0.424    -0.412    -0.188     0.058     0.007     0.012    -0.105
2009    -0.124    -0.205    -0.066    -0.180    -0.187     0.125     0.376     0.361     0.226     0.306     0.196     0.208
2010     0.090     0.475     0.140     0.224     0.314     0.319     0.249     0.232     0.140     0.358     0.241    -0.042
2011    -0.434    -0.390    -0.490    -0.467    -0.184    -0.139    -0.272    -0.223    -0.188    -0.187    -0.151     0.101
2012    -0.159    -0.151    -0.280     0.026     0.288    -0.067    -0.421    -0.358    -0.077     0.116     0.122    -0.055
2013     0.119     0.044     0.043     0.155     0.218     0.227     0.057     0.075     0.127     0.155     0.026    -0.152
2014     0.024     0.001     0.052     0.079     0.255     0.160     0.393     0.297     0.140     0.011     0.261     0.129
2015     0.017     0.192     0.225     0.137     0.207     0.134     0.293     0.022     0.301     0.105     0.253     0.496
2016     0.531     0.559     0.852     0.560     0.542     0.548     0.620     0.598     0.500     0.364     0.381     0.427
2017     0.130    -0.043    -0.328    -0.377    -0.233    -0.226    -0.094     0.081     0.142     0.238    -0.194    -0.289
2018    -0.189    -0.148     0.099     0.135    -0.072    -0.181    -0.198    -0.134    -0.276    -0.296    -0.133     0.012
2019     0.006    -0.112     0.029     0.119    -0.068    -0.098    -0.264    -0.184    -0.636    -0.245    -0.168     0.236
2020     0.502     0.521     0.368     0.522     0.136     0.059     0.123     0.289     0.194     0.081     0.083     0.005
2021    -0.128    -0.182    -0.135    -0.215     0.026    -0.011     0.320     0.145     0.136     0.022    -0.034     0.244
2022     0.296     0.119     0.131     0.225     0.065     0.245    -0.036     0.171     0.227     0.342     0.134     0.091
2023    -0.193    -0.213    -0.284    -0.148    -0.020    -0.064    -0.000    -0.075    -0.216    -0.020    -0.083     0.160
2024     0.384     0.748     0.303     0.342     0.323     0.346     0.585     0.352     0.442     0.639     0.819     0.261
2025     0.080     0.114     0.154     0.222 -9999.000 -9999.000 -9999.000 -9999.000 -9999.000 -9999.000 -9999.000 -9999.000
-9999
DMI EAST HadISST1.1
Created Mon Jun 16 09:50:15 MDT 2025
using SST anomaly area 10S:0,90E-110E  area averaged
Timeseries output created at NOAA PSL
https://psl.noaa.gov/gcos_wgsp/timeseries/DMI
Preliminary. 
