 1948 2015
 1948 5087.053 5062.317 5048.031 5240.766 5389.806 5515.312 5552.926 5486.606 5413.094 5268.543 5234.427 5115.076
 1949 5040.714 5005.364 5180.214 5163.094 5382.662 5482.952 5543.165 5474.709 5401.367 5274.809 5216.197 5130.213
 1950 5065.788 5095.988 5186.810 5245.021 5413.281 5467.827 5527.630 5467.437 5337.469 5256.324 5237.670 5254.029
 1951 5071.757 5061.517 5286.310 5283.130 5418.002 5531.714 5477.571 5480.723 5443.209 5246.322 5214.645 5043.558
 1952 5087.233 5179.766 5251.751 5256.608 5471.031 5481.990 5512.866 5508.267 5432.433 5279.450 5293.550 5260.716
 1953 5112.238 5133.736 5160.395 5387.752 5413.734 5437.468 5519.923 5502.377 5384.108 5218.152 5152.513 5029.855
 1954 5109.959 5074.596 5194.281 5251.963 5465.380 5468.656 5533.730 5509.640 5381.588 5243.191 5136.793 5077.244
 1955 5192.079 5212.683 5218.001 5283.314 5389.604 5489.247 5437.994 5450.452 5353.421 5399.872 5303.611 5171.025
 1956 5139.185 5175.809 5144.305 5338.060 5288.195 5474.848 5537.000 5511.820 5385.514 5257.439 5173.754 5071.919
 1957 4990.034 5210.365 5253.326 5256.393 5405.782 5525.706 5569.009 5493.176 5452.262 5210.966 5227.725 5113.275
 1958 5160.738 5237.198 5310.279 5262.758 5428.504 5505.352 5562.636 5511.871 5389.856 5277.810 5168.329 5183.260
 1959 5251.201 4989.387 5084.833 5278.620 5398.536 5473.703 5509.638 5489.852 5368.069 5266.672 5224.049 5122.297
 1960 5220.182 5273.103 5190.827 5241.950 5407.300 5478.375 5534.771 5551.758 5375.826 5383.717 5230.643 5098.234
 1961 5106.363 5042.487 5097.443 5323.757 5375.321 5418.767 5532.768 5443.819 5359.845 5310.531 5228.859 5276.081
 1962 5034.390 5095.432 5372.042 5226.263 5396.896 5442.084 5584.061 5476.456 5385.014 5284.291 5222.775 5153.256
 1963 5222.763 5215.571 5152.980 5305.491 5292.520 5466.896 5520.287 5496.190 5321.705 5224.820 5240.975 5194.695
 1964 5133.706 5148.353 5118.189 5265.903 5352.980 5415.548 5456.240 5548.818 5405.910 5259.731 5219.966 5158.459
 1965 5111.786 5260.176 5234.980 5230.694 5434.926 5431.570 5533.248 5456.400 5371.136 5263.730 5328.259 5140.682
 1966 5199.899 5215.344 5174.178 5293.269 5357.786 5421.589 5513.217 5571.527 5404.660 5349.562 5175.701 5133.927
 1967 5211.490 5024.531 5076.609 5194.091 5436.228 5403.437 5528.194 5448.983 5368.935 5252.929 5145.410 5235.108
 1968 5119.072 5175.162 5103.298 5309.996 5438.591 5448.462 5545.918 5495.894 5468.867 5397.147 5253.658 5209.768
 1969 5269.059 5257.067 5180.980 5213.421 5397.181 5428.118 5490.377 5528.569 5327.453 5235.098 5241.022 5197.847
 1970 5163.546 5124.989 5248.526 5266.089 5320.876 5407.458 5499.711 5490.531 5383.410 5358.564 5209.869 5184.696
 1971 5132.842 5088.683 5241.192 5299.319 5332.487 5527.880 5522.006 5448.297 5374.138 5277.296 5218.668 5057.865
 1972 5040.665 5069.714 5106.680 5260.314 5356.589 5393.927 5502.759 5446.547 5406.841 5253.713 5177.262 5044.725
 1973 5087.114 5052.422 5128.540 5329.846 5377.225 5444.095 5505.077 5514.862 5397.276 5344.783 5278.118 5152.007
 1974 5029.153 5118.712 5121.239 5239.784 5414.020 5468.988 5522.035 5499.749 5325.641 5322.742 5196.447 5057.801
 1975 5015.787 5112.501 5136.339 5304.603 5414.130 5492.326 5477.604 5499.390 5336.533 5324.726 5196.000 5094.455
 1976 5094.506 4995.954 5060.663 5260.150 5366.064 5423.165 5526.043 5421.949 5457.874 5260.363 5184.320 5194.429
 1977 5231.715 5172.589 5228.105 5254.651 5417.148 5474.813 5524.004 5505.148 5364.491 5270.985 5211.557 5145.019
 1978 5057.251 5253.476 5073.717 5319.714 5338.248 5397.136 5555.464 5495.867 5382.161 5233.906 5057.094 5296.620
 1979 5204.184 5107.846 5161.525 5368.358 5409.185 5425.673 5505.655 5479.558 5361.667 5308.140 5166.078 5085.873
 1980 5223.666 5142.956 5205.213 5222.753 5444.163 5465.565 5526.359 5541.607 5379.380 5334.785 5243.020 5121.023
 1981 5128.594 5081.833 5225.698 5290.200 5353.175 5499.669 5509.745 5473.493 5450.877 5338.526 5218.944 5233.859
 1982 5172.283 5058.210 5095.924 5217.991 5390.786 5534.051 5492.104 5470.866 5316.386 5296.351 5129.317 5053.694
 1983 4998.544 5139.901 5119.366 5310.054 5405.075 5442.353 5483.638 5427.381 5420.796 5249.731 5246.165 5104.244
 1984 4982.192 5054.724 5196.074 5238.727 5361.848 5484.587 5537.770 5449.657 5377.839 5275.896 5203.540 5048.453
 1985 5218.557 5169.454 5154.799 5261.594 5419.849 5492.029 5497.293 5512.259 5431.426 5281.228 5262.926 5205.037
 1986 5077.021 5248.936 5000.388 5297.892 5366.179 5411.901 5504.902 5509.294 5433.558 5160.356 5113.088 5065.298
 1987 5155.766 5165.779 5170.333 5211.103 5360.993 5516.728 5500.788 5524.374 5404.837 5268.567 5215.355 5215.340
 1988 5044.321 5136.157 5201.713 5315.082 5383.141 5423.739 5528.614 5465.511 5416.189 5339.530 5248.437 5075.133
 1989 4989.346 4963.488 5014.951 5272.642 5319.580 5472.718 5499.056 5447.102 5321.884 5276.762 5217.819 5153.713
 1990 5044.566 4979.785 5054.742 5155.325 5411.787 5464.121 5512.489 5484.365 5362.456 5264.272 5262.303 5066.906
 1991 5037.181 5091.496 5204.851 5249.968 5369.594 5498.797 5539.615 5427.078 5405.589 5314.338 5187.634 5069.243
 1992 5080.125 4996.504 5131.652 5214.859 5288.232 5445.973 5491.167 5438.395 5392.122 5389.121 5122.790 5081.724
 1993 4958.435 5075.928 5065.399 5230.612 5451.550 5485.105 5570.149 5498.376 5401.327 5348.902 5060.972 5108.134
 1994 5077.757 5118.666 5056.075 5278.232 5410.867 5388.303 5481.200 5477.093 5427.662 5332.611 5200.984 5094.699
 1995 5091.670 5035.346 5113.888 5378.817 5439.647 5472.230 5522.251 5485.153 5381.661 5296.813 5324.213 5209.524
 1996 5103.988 5148.619 5205.224 5355.677 5400.893 5455.220 5486.039 5457.660 5433.868 5290.500 5243.499 5250.328
 1997 5113.061 4982.665 5111.679 5286.820 5420.958 5519.109 5503.589 5461.058 5382.204 5363.731 5231.359 5153.290
 1998 5176.813 5071.725 5142.719 5339.697 5417.663 5564.494 5541.142 5482.591 5482.239 5293.363 5259.880 5114.515
 1999 5084.875 5117.611 5250.881 5342.893 5349.023 5414.704 5521.381 5482.875 5391.690 5274.083 5185.773 5117.886
 2000 5097.759 5037.153 5177.342 5313.837 5354.783 5461.862 5540.334 5518.319 5376.215 5250.395 5284.788 5235.323
 2001 5078.333 5123.461 5253.819 5278.884 5413.492 5484.647 5526.244 5486.056 5431.606 5298.292 5160.664 5263.007
 2002 5068.612 5036.991 5140.870 5235.738 5394.199 5468.492 5502.688 5495.351 5441.561 5378.435 5230.265 5191.736
 2003 5163.106 5055.285 5136.101 5270.499 5380.854 5479.757 5531.845 5539.403 5426.652 5366.742 5205.983 5185.290
 2004 5167.278 5183.464 5140.664 5280.114 5402.650 5498.178 5482.748 5520.258 5394.971 5378.823 5238.981 5047.551
 2005 5090.650 5227.250 5283.605 5318.079 5445.825 5471.685 5545.712 5482.510 5397.070 5334.786 5251.697 5165.975
 2006 5072.611 5215.086 5305.911 5244.771 5441.987 5434.565 5522.603 5533.876 5429.013 5415.266 5184.580 5102.390
 2007 5108.950 5224.906 5117.925 5278.552 5337.430 5541.480 5553.552 5534.713 5386.192 5298.402 5227.956 5084.153
 2008 5089.318 5062.934 5174.005 5350.514 5473.086 5540.476 5557.333 5517.940 5371.059 5280.932 5245.188 5102.906
 2009 5113.350 5200.558 5185.462 5273.294 5325.898 5506.833 5598.880 5496.482 5351.087 5323.221 5204.199 5305.296
 2010 5235.867 5317.014 5239.570 5349.310 5479.965 5502.373 5533.987 5571.040 5446.211 5349.697 5321.455 5358.111
 2011 5209.548 5034.625 5122.689 5090.977 5368.565 5542.426 5543.406 5549.691 5351.766 5279.758 5175.084 5034.709
 2012 5092.652 5118.867 5145.050 5311.799 5439.187 5581.834 5570.575 5539.196 5401.993 5378.799 5224.649 5238.175
 2013 5116.576 5182.903 5341.772 5263.734 5347.895 5453.371 5514.840 5459.603 5391.104 5344.083 5157.424 5059.765
 2014 5131.948 5105.232 5099.374 5237.871 5415.063 5516.119 5549.693 5542.672 5347.165 5333.705 5210.528 5113.466
 2015 5026.289 5025.772 5074.753 5231.018 5315.022 -999.000 -999.000 -999.000 -999.000 -999.000 -999.000 -999.000
 -999.
 GBI from NCEP R1 at NOAA/PSL
