  1958 2014
 1958    0.12916E+26   0.95972E+25   0.28580E+25   0.13774E+25  -0.20015E+25  -0.33243E+25  -0.90345E+25  -0.11525E+26  -0.13595E+26  -0.12198E+26  -0.41718E+25   0.16197E+25
 1959    0.30234E+25  -0.42952E+25  -0.13620E+26  -0.13720E+26  -0.10261E+26  -0.33559E+24  -0.92315E+24  -0.42541E+24  -0.17711E+25   0.17453E+25   0.50245E+25   0.39912E+25
 1960    0.11576E+25  -0.13902E+25  -0.35569E+25  -0.33670E+25  -0.94071E+25  -0.12535E+26  -0.15770E+26  -0.16745E+26  -0.13510E+26  -0.88619E+25  -0.62901E+24  -0.25939E+24
 1961   -0.38415E+25  -0.57622E+25  -0.10714E+26  -0.79270E+25  -0.81138E+25  -0.10717E+23   0.34960E+25  -0.82952E+24  -0.63605E+25  -0.11817E+26  -0.72420E+25  -0.53849E+25
 1962   -0.54062E+25  -0.75960E+25  -0.80970E+25  -0.46735E+25  -0.65357E+25  -0.54745E+25  -0.96657E+25  -0.10750E+26  -0.12973E+26  -0.11044E+26  -0.73480E+25  -0.11175E+26
 1963   -0.18280E+26  -0.22942E+26  -0.19418E+26  -0.12091E+26  -0.71240E+25  -0.50446E+25  -0.13631E+25   0.74212E+23   0.19283E+25  -0.32200E+24  -0.26350E+24   0.28127E+25
 1964    0.31569E+25   0.97642E+24  -0.80235E+25  -0.10137E+26  -0.10714E+26  -0.93074E+25  -0.13594E+26  -0.18618E+26  -0.19983E+26  -0.16947E+26  -0.15252E+26  -0.14339E+26
 1965   -0.16511E+26  -0.14698E+26  -0.15647E+26  -0.14641E+26  -0.13902E+26  -0.12039E+26  -0.10471E+26  -0.10327E+26  -0.92405E+25  -0.85177E+25  -0.96649E+25  -0.76015E+25
 1966   -0.89359E+25  -0.91158E+25  -0.92522E+25  -0.52451E+25  -0.36527E+25  -0.43646E+25  -0.35210E+25  -0.54972E+24   0.28702E+25   0.46699E+24  -0.27762E+25  -0.89459E+25
 1967   -0.11312E+26  -0.10497E+26  -0.90992E+25  -0.81845E+25  -0.10633E+26  -0.10007E+26  -0.10559E+26  -0.11840E+26  -0.14815E+26  -0.15055E+26  -0.95528E+25  -0.94515E+25
 1968   -0.57644E+25  -0.11912E+26  -0.73621E+25  -0.10390E+26  -0.62605E+25  -0.64884E+25  -0.36466E+24   0.15875E+25  -0.41375E+24  -0.29602E+25  -0.20271E+25   0.19537E+25
 1969    0.47720E+25   0.95775E+25   0.11429E+26   0.93888E+25   0.65025E+25   0.54282E+25   0.28001E+25   0.45588E+25   0.40155E+25   0.43346E+25  -0.17949E+24   0.35076E+25
 1970    0.75884E+25   0.98499E+25   0.33556E+25  -0.42393E+25  -0.10259E+26  -0.13203E+26  -0.16248E+26  -0.19482E+26  -0.18902E+26  -0.12695E+26  -0.85118E+25  -0.75141E+25
 1971   -0.14483E+26  -0.16284E+26  -0.17712E+26  -0.10438E+26  -0.74221E+25  -0.32004E+25  -0.35024E+25  -0.39854E+25  -0.46550E+25  -0.25697E+25  -0.36344E+25  -0.35133E+25
 1972   -0.41132E+25  -0.91011E+24  -0.79786E+24  -0.52978E+24   0.96031E+24   0.34340E+25   0.12190E+25  -0.12417E+25  -0.72640E+25  -0.91768E+25  -0.75992E+25  -0.45826E+25
 1973   -0.21655E+23  -0.16513E+25  -0.41110E+25  -0.77027E+25  -0.63239E+25  -0.14588E+25   0.79018E+24   0.52787E+24  -0.31835E+25  -0.29173E+25  -0.77737E+25  -0.13665E+26
 1974   -0.22045E+26  -0.22678E+26  -0.18777E+26  -0.12846E+26  -0.94918E+25  -0.76817E+25  -0.39799E+25  -0.67413E+25  -0.86251E+25  -0.11451E+26  -0.10886E+26  -0.10751E+26
 1975   -0.11395E+26  -0.11184E+26  -0.12215E+26  -0.13944E+26  -0.12735E+26  -0.10642E+26  -0.89952E+25  -0.11040E+26  -0.91340E+25  -0.83761E+25  -0.72780E+25  -0.98398E+25
 1976   -0.12655E+26  -0.92422E+25  -0.60517E+25  -0.43199E+24  -0.24661E+25  -0.78653E+24  -0.28448E+25   0.36364E+25   0.62936E+25   0.46575E+25  -0.16991E+24  -0.60035E+25
 1977   -0.10630E+26  -0.14063E+26  -0.15119E+26  -0.10870E+26  -0.10598E+26  -0.11144E+26  -0.12608E+26  -0.79856E+25  -0.43746E+25  -0.69790E+24   0.33568E+25   0.71573E+25
 1978    0.17452E+26   0.17528E+26   0.15402E+26   0.80847E+25   0.16897E+25  -0.65318E+24  -0.26728E+25  -0.25566E+25  -0.22219E+25  -0.19768E+25   0.20073E+25   0.93038E+25
 1979    0.10367E+26   0.95502E+25   0.58758E+25   0.70381E+25   0.71542E+25   0.68022E+25   0.77607E+25   0.60490E+25   0.57634E+25  -0.74886E+24  -0.74622E+23   0.13335E+25
 1980    0.40093E+25   0.18772E+25  -0.27919E+25  -0.22842E+25   0.50988E+24   0.45135E+25   0.59368E+25   0.87034E+25   0.83832E+25   0.78399E+25   0.53230E+25   0.27410E+25
 1981   -0.42352E+24   0.27990E+25   0.57678E+25   0.93904E+25   0.83257E+25   0.20386E+25   0.61047E+23  -0.55527E+25  -0.32680E+25  -0.57853E+25  -0.44490E+25  -0.56166E+25
 1982   -0.41683E+25  -0.56237E+25  -0.18561E+25   0.10261E+25   0.88096E+25   0.11443E+26   0.11805E+26   0.11784E+26   0.97852E+25   0.11675E+26   0.12920E+26   0.22381E+26
 1983    0.33082E+26   0.38247E+26   0.32834E+26   0.22438E+26   0.17741E+26   0.13834E+26   0.12866E+26   0.45620E+25   0.17978E+24  -0.11923E+25  -0.18225E+25  -0.72974E+25
 1984   -0.19018E+26  -0.23132E+26  -0.21609E+26  -0.17548E+26  -0.18271E+26  -0.18914E+26  -0.14649E+26  -0.95995E+25  -0.48761E+25  -0.63890E+25  -0.92235E+25  -0.93066E+25
 1985   -0.11293E+26  -0.53816E+25  -0.45476E+25   0.12944E+25   0.28421E+25   0.24825E+25   0.83814E+24  -0.21019E+25   0.44607E+25   0.87392E+25   0.10221E+26   0.39147E+25
 1986    0.14690E+25  -0.59841E+25  -0.64982E+25  -0.76243E+25  -0.45721E+25  -0.16573E+25  -0.56464E+24   0.28830E+25   0.40051E+25   0.91048E+24  -0.11860E+25  -0.49250E+25
 1987   -0.14873E+25   0.38979E+25   0.51292E+25   0.27493E+25   0.20699E+25   0.58058E+25   0.10772E+26   0.14494E+26   0.16525E+26   0.17376E+26   0.15290E+26   0.12986E+26
 1988    0.14527E+26   0.11211E+26   0.10302E+26   0.58965E+25   0.27016E+25  -0.40798E+25  -0.10637E+26  -0.15227E+26  -0.13168E+26  -0.93403E+25  -0.90058E+25  -0.11919E+26
 1989   -0.17503E+26  -0.17158E+26  -0.17057E+26  -0.13293E+26  -0.91459E+25  -0.46083E+25  -0.17879E+25  -0.42824E+25  -0.40753E+25  -0.11317E+25   0.42113E+25   0.31503E+25
 1990    0.64727E+25   0.84951E+25   0.12839E+26   0.69253E+25   0.65489E+25   0.58708E+25   0.10644E+26   0.95181E+25   0.97161E+25   0.58947E+25   0.44555E+25   0.41808E+25
 1991    0.48551E+25   0.48974E+25   0.19062E+25  -0.43716E+24   0.15283E+25   0.17532E+25   0.29486E+24  -0.30383E+23  -0.46449E+25  -0.33989E+25  -0.36032E+25   0.64018E+25
 1992    0.10408E+26   0.14980E+26   0.15191E+26   0.12613E+26   0.67996E+25   0.60171E+24   0.37644E+25   0.27318E+25   0.43448E+25   0.28232E+24   0.39512E+25   0.92825E+25
 1993    0.14320E+26   0.13241E+26   0.12508E+26   0.11717E+26   0.13431E+26   0.10234E+26   0.88733E+25   0.51811E+25   0.48999E+25   0.14112E+25  -0.15562E+24  -0.32727E+25
 1994   -0.44583E+25  -0.51293E+25  -0.65066E+25  -0.65166E+25  -0.92056E+25  -0.93168E+25  -0.11402E+26  -0.51600E+25  -0.36495E+25  -0.20362E+25  -0.19679E+24   0.65235E+25
 1995    0.12094E+26   0.14269E+26   0.12409E+26   0.11930E+26   0.10458E+26   0.73933E+25   0.36552E+25   0.11965E+25   0.44050E+24   0.33528E+25   0.57714E+25   0.16349E+25
 1996   -0.50170E+25  -0.11270E+26  -0.99309E+25  -0.69563E+25  -0.57456E+25  -0.45255E+25  -0.79348E+25  -0.10498E+26  -0.11103E+26  -0.80894E+25  -0.51529E+25  -0.22059E+25
 1997   -0.38159E+25   0.39297E+25   0.90782E+25   0.18159E+26   0.16706E+26   0.17217E+26   0.19872E+26   0.22675E+26   0.24423E+26   0.22769E+26   0.16581E+26   0.15099E+26
 1998    0.18257E+26   0.22170E+26   0.19468E+26   0.15051E+26   0.55829E+25  -0.33693E+25  -0.13548E+26  -0.14446E+26  -0.10421E+26  -0.38116E+25  -0.38118E+25  -0.49756E+25
 1999   -0.82726E+25  -0.88472E+25  -0.89667E+25  -0.99598E+25  -0.51604E+25  -0.43916E+25  -0.15625E+25  -0.51301E+25  -0.50111E+25  -0.46916E+25  -0.24786E+25  -0.36380E+25
 2000   -0.93639E+25  -0.15757E+26  -0.19328E+26  -0.18288E+26  -0.15366E+26  -0.11308E+26  -0.84004E+25  -0.88062E+25  -0.86631E+25  -0.99419E+25  -0.64994E+25  -0.10583E+26
 2001   -0.12064E+26  -0.12651E+26  -0.12841E+26  -0.10716E+26  -0.15222E+26  -0.11029E+26  -0.95792E+25  -0.72531E+25  -0.45762E+25  -0.38715E+25   0.43742E+25   0.46164E+25
 2002    0.79029E+25   0.48098E+25   0.14174E+25   0.23510E+24  -0.34534E+25   0.19338E+25  -0.80887E+24   0.52856E+24  -0.27469E+25  -0.42842E+25   0.18107E+25   0.53282E+25
 2003    0.79463E+25   0.38381E+25  -0.65836E+24  -0.33485E+25  -0.67890E+25  -0.73461E+25  -0.47565E+25  -0.27537E+25  -0.10432E+25  -0.36571E+25  -0.48743E+25   0.59824E+24
 2004    0.40244E+25   0.61647E+25   0.19962E+25   0.14748E+25   0.86463E+24  -0.96919E+24   0.17147E+25  -0.33550E+24   0.31963E+24  -0.19987E+25   0.23078E+25   0.53560E+25
 2005    0.11890E+26   0.13008E+26   0.90997E+25  -0.13889E+24  -0.61158E+25  -0.10517E+26  -0.12416E+26  -0.13587E+26  -0.13656E+26  -0.13519E+26  -0.12822E+26  -0.11476E+26
 2006   -0.71736E+25  -0.55812E+25  -0.38834E+25  -0.47961E+25  -0.61206E+25  -0.52445E+24  -0.83088E+24   0.17334E+25   0.21682E+24  -0.14288E+25  -0.18322E+25  -0.53722E+24
 2007    0.28702E+24  -0.37019E+25  -0.86611E+25  -0.10092E+26  -0.87788E+25  -0.10772E+26  -0.18688E+26  -0.21411E+26  -0.25133E+26  -0.19178E+26  -0.17294E+26  -0.10853E+26
 2008   -0.99508E+25  -0.11925E+26  -0.15009E+26  -0.13127E+26  -0.90037E+25  -0.52637E+25  -0.52408E+25  -0.30953E+25  -0.41513E+25  -0.16287E+25  -0.21815E+25  -0.42230E+25
 2009   -0.11222E+26  -0.12643E+26  -0.10052E+26  -0.44544E+25  -0.75729E+24  -0.85388E+23   0.10161E+25  -0.13088E+25  -0.20788E+25  -0.44170E+25  -0.21885E+25  -0.34290E+24
 2010    0.83480E+25   0.72391E+25   0.89353E+25   0.20431E+25  -0.30406E+25  -0.12482E+26  -0.17236E+26  -0.18367E+26  -0.11312E+26  -0.78146E+25  -0.46798E+25  -0.76328E+25
 2011   -0.90054E+25  -0.82498E+25  -0.82522E+25  -0.50657E+25  -0.43237E+25  -0.40434E+25  -0.76469E+25  -0.70585E+25  -0.52803E+25  -0.36477E+25  -0.29736E+25  -0.62404E+24
 2012   -0.39507E+25  -0.63932E+25  -0.11389E+26  -0.11915E+26  -0.13113E+26  -0.13407E+26  -0.12962E+26  -0.11831E+26  -0.11991E+26  -0.60390E+25  -0.51239E+25   0.21630E+25
 2013    0.41023E+22   0.65031E+25   0.54571E+25   0.69410E+25   0.10823E+24  -0.40518E+25  -0.52551E+25  -0.33906E+25  -0.25977E+25  -0.31953E+25  -0.19105E+25  -0.49472E+24
 2014    0.52933E+24  -0.31610E+24   0.00000E+00  -0.99990E+02  -0.99990E+02  -0.99990E+02  -0.99990E+02  -0.99990E+02  -0.99990E+02  -0.99990E+02  -0.99990E+02  -0.99990E+02
 -99.99
