1950 2021
1950    0.0     0.0     0.0     0.0     27.6    3.2     8.4     17.1    32.0    33.4    34.0    4.2
1951    0.3     0.0     15.2    5.4     37.5    7.2     24.6    38.5    20.7    58.4    22.5    53.5
1952    0.0     0.0     0.0     0.0     0.0     18.1    26.8    25.2    43.4    82.3    81.1    43.2
1953    18.1    8.8     0.0     0.0     4.5     42.8    35.9    123.4   45.1    47.8    21.7    32.6
1954    0.0     0.0     1.8     0.0     11.2    0.0     4.8     46.6    65.9    44.2    130.9   0.2
1955    4.1     0.0     6.3     18.8    0.0     4.1     56.6    11.8    78.0    32.4    2.0     35.7
1956    0.0     0.0     23.8    38.5    0.0     0.5     34.7    48.0    95.2    35.6    24.1    5.3
1957    18.8    0.0     0.0     8.3     50.6    40.8    11.2    37.2    125.7   46.2    101.5   0.0
1958    44.7    0.0     0.0     0.0     43.9    18.9    103.7   25.6    104.9   48.6    32.5    23.0
1959    0.0     1.7     7.3     26.4    0.0     0.0     10.0    65.5    88.4    94.4    30.1    72.1
1960    1.6     0.0     0.0     3.2     1.5     35.8    45.2    110.4   5.3     67.1    10.5    47.7
1961    0.8     0.3     27.1    0.7     25.5    5.4     22.8    34.5    116.7   70.7    35.7    25.5
1962    0.0     2.5     0.0     29.8    7.8     0.0     32.6    110.1   40.2    107.3   90.0    2.7
1963    0.0     0.0     0.0     17.2    15.5    53.0    44.4    76.1    50.9    86.6    0.0     42.3
1964    0.0     0.0     0.0     0.0     14.3    9.9     75.3    72.5    113.8   36.0    40.2    41.1
1965    7.2     1.6     0.4     1.5     9.8     45.6    55.3    115.3   98.4    68.5    32.0    0.8
1966    0.0     0.0     0.0     10.8    31.1    27.3    12.5    46.4    111.6   35.1    20.3    7.1
1967    0.0     1.0     10.6    24.7    0.4     6.4     34.5    40.3    125.3   72.4    80.4    2.0
1968    0.0     0.0     0.0     18.2    1.1     19.7    25.3    41.2    126.0   70.7    54.5    0.0
1969    9.5     0.0     0.9     12.4    0.0     0.0     28.8    18.0    40.3    57.7    35.0    1.1
1970    0.0     21.2    0.0     0.0     0.0     6.0     23.8    78.8    57.7    73.4    26.7    0.0
1971    1.6     0.0     0.2     18.6    53.4    14.1    82.6    69.6    84.7    27.0    28.4    0.0
1972    8.3     0.0     0.0     0.0     3.3     21.9    141.9   57.0    48.5    75.0    26.7    30.4
1973    0.0     0.0     0.0     0.0     0.0     0.0     45.3    23.3    10.3    64.1    5.0     0.0
1974    1.5     0.0     2.8     2.1     8.9     13.4    31.1    32.1    31.9    38.5    39.6    3.4
1975    5.2     0.0     0.0     0.0     0.0     0.0     0.5     37.3    37.3    41.1    49.6    0.0
1976    5.2     2.0     0.0     33.0    57.0    29.0    57.5    23.8    53.6    1.0     36.9    2.1
1977    0.0     0.0     1.5     0.0     0.0     2.7     25.9    3.4     44.3    24.8    30.1    31.3
1978    3.2     0.0     0.0     13.4    0.0     2.7     41.2    28.6    36.3    86.0    25.5    0.0
1979    27.8    0.0     7.2     10.3    0.6     0.0     21.6    50.4    36.8    80.4    22.8    20.7
1980    0.0     0.0     0.0     2.6     43.6    3.6     28.8    34.9    36.0    53.1    31.9    3.2
1981    0.0     0.0     11.0    3.3     2.9     11.9    14.0    34.7    61.8    22.7    33.8    30.9
1982    0.0     0.0     27.9    4.4     11.4    8.2     60.6    84.4    69.2    65.5    13.1    11.5
1983    0.0     0.0     0.0     0.0     0.0     0.2     24.4    59.8    57.1    15.2    59.8    3.1
1984    0.0     0.0     0.0     0.0     0.0     6.7     49.1    29.7    27.3    70.9    74.5    15.8
1985    3.2     0.0     0.0     0.0     10.3    24.9    10.9    69.2    23.5    70.6    2.1     16.7
1986    0.0     6.0     0.0     6.7     26.8    7.1     39.4    65.1    51.9    42.5    23.3    65.4
1987    8.1     0.0     0.0     0.6     0.0     5.9     65.9    77.6    102.1   56.0    32.4    8.0
1988    28.1    0.0     0.0     0.0     2.1     11.2    18.7    21.0    53.2    63.9    28.0    1.7
1989    3.7     0.0     0.0     22.3    9.3     12.0    43.7    30.5    22.5    101.5   30.7    28.9
1990    5.7     0.0     0.0     1.1     6.7     34.0    26.4    66.6    61.3    29.4    111.6   35.8
1991    0.0     0.0     10.3    1.3     39.4    6.9     35.9    30.2    99.4    84.2    99.3    7.3
1992    8.0     0.4     0.0     0.0     0.0     27.1    12.2    97.2    74.6    127.4   123.2   0.0
1993    0.0     0.0     4.8     0.0     0.6     27.0    17.2    73.2    47.9    48.5    15.1    32.8
1994    0.0     0.0     0.0     8.7     10.5    5.2     49.3    106.6   105.9   112.5   33.9    22.0
1995    0.0     0.0     0.0     0.7     0.0     6.5     22.9    38.0    76.0    67.5    38.9    4.6
1996    0.0     0.0     0.0     2.5     29.5    0.0     83.4    71.4    139.3   29.7    47.6    13.0
1997    2.4     0.0     0.0     46.9    10.7    48.3    30.3    101.6   106.0   107.8   50.6    65.9
1998    0.0     0.0     0.0     0.0     0.0     0.0     1.3     31.2    44.2    61.2    3.7     11.4
1999    0.2     0.5     0.0     14.0    2.9     13.9    3.3     22.4    32.0    17.9    2.7     0.0
2000    0.0     0.0     0.0     0.0     18.6    0.0     30.6    73.5    83.1    22.9    12.5    3.3
2001    8.5     0.0     0.0     0.0     4.1     8.5     41.9    61.2    79.1    62.3    15.4    34.9
2002    1.6     1.0     30.2    0.0     16.8    8.4     143.7   72.2    64.9    12.3    14.7    24.9
2003    2.4     0.0     0.0     46.2    22.2    14.3    31.3    40.2    57.2    61.1    59.4    3.2
2004    0.0     0.5     1.5     44.7    35.5    82.5    22.9    104.2   65.9    76.2    25.4    21.4
2005    4.2     0.0     5.2     14.5    0.7     34.5    36.9    67.8    92.2    42.5    10.6    0.9
2006    0.0     0.0     0.7     0.0     27.5    1.3     42.3    69.7    92.0    31.7    32.3    23.8
2007    0.0     0.0     0.1     7.5     17.4    0.0     27.8    48.7    44.9    42.8    30.3    0.0
2008    0.4     0.0     0.0     10.7    38.7    16.8    12.6    15.9    68.5    1.7     3.5     9.7
2009    0.0     0.0     0.0     0.0     19.8    7.2     3.0     42.9    52.8    104.7   44.4    3.4
2010    0.0     0.0     1.9     0.0     0.0     0.0     12.8    15.2    30.7    59.8    0.0     1.1
2011    0.0     0.0     0.0     0.0     30.3    3.5     42.0    57.6    47.4    6.0     0.0     2.8
2012    0.0     0.0     2.9     0.4     8.7     37.4    13.3    80.7    77.0    42.6    5.0     34.3
2013    2.1     0.0     0.0     0.0     0.0     4.9     22.3    32.3    47.0    121.2   46.6    0.0
2014    0.2     0.1     5.6     5.0     0.1     2.0     63.2    54.8    20.4    63.7    28.8    33.8
2015    3.3     8.6     20.5    17.1    59.6    2.1     94.3    109.9   55.3    55.7    22.5    14.0
2016    0.0     0.0     0.0     0.0     0.0     0.0     29.8    51.3    74.3    75.9    12.1    18.4
2017    0.0     0.0     0.0     0.9     0.0     1.1     45.5    46.2    28.2    31.4    6.5     9.4
2018    0.2     1.1     9.9     1.1     0.4     7.6     62.0    79.1    108.2   71.5    20.5    0.0
2019    2.2     31.4    0.1     0.0     0.0     0.1     3.0     48.3    40.5    70.6    57.8    22.9
2020    0.0     0.0     0.0     0.0     7.4     0.4     0.0     29.8    41.3    50.0    23.9    0.0
2021    0.0     1.5     0.0     43.3    1.4     6.1     19.5    11.6    72.9    17.2    0.2     35.8
 -99.0
 From Klotzbach CSU
 NW Pacific ACE
 stored at NOAA/PSL
 updated mar 2024
 https://psl.noaa.gov/data/timeseries/month/    
 units="10^4 kt^2"