1971 2021
1971    0.0     0.0     0.0     0.0     6.1     4.3     51.4    29.3    33.5    14.3    0.4     0.0
1972    0.0     0.0     0.0     0.0     0.0     7.4     1.2     99.6    15.9    11.4    1.6     0.0
1973    0.0     0.0     0.0     0.0     0.0     31.6    50.9    5.3     9.4     17.4    0.0     0.0
1974    0.0     0.0     0.0     0.0     1.4     17.7    7.8     47.0    4.2     12.2    0.0     0.0
1975    0.0     0.0     0.0     0.0     0.0     4.5     39.3    30.0    27.2    9.0     2.5     0.0
1976    0.0     0.0     0.0     0.0     0.0     26.1    10.9    36.0    31.4    17.1    0.0     0.0
1977    0.0     0.0     0.0     0.0     2.4     0.9     5.0     4.2     5.7     4.1     0.0     0.0
1978    0.0     0.0     0.0     0.0     1.4     27.2    101.2   41.4    18.0    18.7    0.0     0.0
1979    0.0     0.0     0.0     0.0     0.0     5.8     11.4    21.5    3.4     13.6    1.8     0.0
1980    0.0     0.0     0.0     0.7     0.0     16.1    3.8     29.7    27.1    1.0     0.0     0.0
1981    0.0     0.0     0.0     0.0     0.1     2.6     17.3    21.8    9.9     21.1    0.0     0.0
1982    0.0     0.0     0.0     0.0     4.3     1.3     43.9    29.3    48.2    26.4    7.8     0.0
1983    0.0     0.0     0.0     0.0     11.2    16.9    31.5    20.8    62.4    59.6    0.4     3.5
1984    0.0     0.0     0.0     0.0     5.4     35.1    45.9    35.5    59.3    8.9     3.4     0.0
1985    0.0     0.0     0.0     0.0     0.0     32.7    40.5    20.7    73.8    24.9    0.3     0.0
1986    0.0     0.0     0.0     0.0     3.5     5.4     26.6    30.9    17.4    23.9    0.0     0.0
1987    0.0     0.0     0.0     0.0     0.0     0.5     16.7    39.3    58.1    19.4    0.0     0.0
1988    0.0     0.0     0.0     0.0     0.0     3.9     15.5    53.3    38.8    2.8     0.0     0.0
1989    1.1     0.0     0.0     0.0     0.0     10.9    17.0    39.4    28.2    15.2    0.0     0.0
1990    0.0     0.0     0.0     0.0     4.6     17.5    70.7    32.9    61.4    62.2    0.0     0.0
1991    0.0     0.0     0.0     0.0     2.5     31.1    8.0     26.3    53.2    52.1    7.2     0.0
1992    5.3     7.9     0.6     0.0     0.0     27.4    86.4    17.0    112.1   37.5    0.0     0.0
1993    0.0     0.0     0.0     0.0     0.0     7.3     40.5    99.6    52.5    1.9     0.0     0.0
1994    0.0     0.0     0.0     0.0     0.0     5.9     70.2    62.5    40.2    6.3     0.0     0.0
1995    0.0     0.0     0.0     0.0     0.0     10.7    38.0    13.5    38.0    0.0     0.0     0.0
1996    0.0     0.0     0.0     0.0     0.6     12.3    9.0     12.6    14.2    5.2     0.0     0.0
1997    0.0     0.0     0.0     0.0     0.0     5.4     33.6    53.4    58.1    12.5    3.5     4.3
1998    0.0     0.0     0.0     0.0     0.0     21.9    22.8    53.4    4.9     32.7    0.0     0.0
1999    0.0     0.0     0.0     0.0     0.0     5.9     17.8    58.2    6.7     1.7     0.0     0.0
2000    0.0     0.0     0.0     0.0     8.4     20.0    25.5    20.4    12.4    6.4     2.9     0.0
2001    0.0     0.0     0.0     0.0     17.9    2.1     9.2     9.4     40.2    8.4     3.5     0.0
2002    0.0     0.0     0.0     0.0     10.2    1.5     29.9    32.3    21.7    23.7    5.3     0.0
2003    0.0     0.0     0.0     0.0     4.1     3.0     3.6     17.9    10.6    17.4    0.0     0.0
2004    0.0     0.0     0.0     0.0     1.1     0.0     15.7    9.9     43.6    0.8     0.0     0.0
2005    0.0     0.0     0.0     0.0     2.8     2.1     2.4     22.3    62.4    4.5     0.0     0.0
2006    0.0     0.0     0.0     0.0     1.1     0.0     49.2    73.6    17.1    7.6     8.4     0.0
2007    0.0     0.0     0.0     0.0     1.5     1.1     5.2     25.9    13.7    5.2     0.0     0.0
2008    0.0     0.0     0.0     0.0     0.8     5.0     31.9    16.5    2.4     26.0    1.1     0.0
2009    0.0     0.0     0.0     0.0     0.0     3.3     12.4    54.8    18.9    37.0    0.0     0.0
2010    0.0     0.0     0.0     0.0     0.5     38.0    0.0     10.9    0.6     0.0     0.0     1.3
2011    0.0     0.0     0.0     0.0     0.0     15.2    18.3    22.3    31.2    22.8    11.1    0.0
2012    0.0     0.0     0.0     0.0     9.4     3.6     40.9    13.0    19.9    10.1    1.7     0.0
2013    0.0     0.0     0.0     0.0     2.5     5.0     15.5    21.9    7.2     22.0    0.7     0.0
2014    0.0     0.0     0.0     0.0     18.6    14.2    8.6     87.1    39.3    26.2    8.3     0.0
2015    0.0     0.0     0.0     0.0     9.0     40.8    23.2    90.1    49.3    63.9    14.0    0.0
2016    9.0     0.0     0.0     0.0     0.0     0.0     79.0    42.4    38.1    14.7    1.8     0.0
2017    0.0     0.0     0.0     0.0     0.5     5.8     66.8    12.3    14.2    1.1     0.0     0.0
2018    0.0     0.0     0.0     0.0     0.0     27.2    10.4    127.5   72.1    78.0    2.8     0.0
2019    0.0     0.0     0.0     0.0     0.0     3.2     34.0    12.3    44.8    2.0     1.4     0.0
2020    0.0     0.0     0.0     0.0     0.2     0.2     26.2    21.6    7.4     19.5    2.1     0.0
2021    0.0     0.0     0.0     0.0     0.9     11.7    24.0    42.3    3.7     10.6    0.9     0.0
 -99.0
Frmo Klotzhbach CSU
NE Pacific ACE
stored at NOAA/PSL
updated Mar 2024
https://psl.noaa.gov/data/timeseries/month/  
units="10^4 kt^2"