1971 2021
1971    0.00    0.00    0.00    0.00    2.25    1.25    12.00   8.25    11.00   3.75    0.00    0.00
1972    0.00    0.00    0.00    0.00    0.00    1.00    0.00    26.25   3.00    3.50    0.00    0.00
1973    0.00    0.00    0.00    0.00    0.00    6.25    14.75   0.50    2.50    4.50    0.00    0.00
1974    0.00    0.00    0.00    0.00    0.00    4.25    1.50    12.25   1.00    3.75    0.00    0.00
1975    0.00    0.00    0.00    0.00    0.00    0.50    9.75    7.50    7.00    2.00    0.00    0.00
1976    0.00    0.00    0.00    0.00    0.00    6.00    2.75    7.25    8.00    3.25    0.00    0.00
1977    0.00    0.00    0.00    0.00    0.00    0.00    0.75    1.50    1.50    1.50    0.00    0.00
1978    0.00    0.00    0.00    0.00    0.25    6.00    26.50   9.50    4.25    5.00    0.00    0.00
1979    0.00    0.00    0.00    0.00    0.00    1.00    3.25    6.00    0.50    3.00    0.00    0.00
1980    0.00    0.00    0.00    0.00    0.00    5.00    0.25    9.75    7.75    0.00    0.00    0.00
1981    0.00    0.00    0.00    0.00    0.00    0.25    5.00    4.25    2.75    6.00    0.00    0.00
1982    0.00    0.00    0.00    0.00    0.00    0.00    11.00   6.25    13.50   6.75    1.75    0.00
1983    0.00    0.00    0.00    0.00    2.50    4.00    6.50    5.00    15.00   13.75   0.00    1.00
1984    0.00    0.00    0.00    0.00    0.25    6.75    12.50   9.25    15.75   1.75    0.00    0.00
1985    0.00    0.00    0.00    0.00    0.00    10.00   8.25    3.00    19.75   8.75    0.00    0.00
1986    0.00    0.00    0.00    0.00    0.75    1.75    7.00    7.75    4.50    7.00    0.00    0.00
1987    0.00    0.00    0.00    0.00    0.00    0.00    1.50    9.00    14.75   4.25    0.00    0.00
1988    0.00    0.00    0.00    0.00    0.00    0.00    1.50    15.25   12.75   0.00    0.00    0.00
1989    0.00    0.00    0.00    0.00    0.00    2.00    6.25    10.00   5.50    3.50    0.00    0.00
1990    0.00    0.00    0.00    0.00    1.25    3.00    18.50   8.00    14.00   13.50   0.00    0.00
1991    0.00    0.00    0.00    0.00    0.00    8.50    0.75    7.25    12.00   13.75   1.75    0.00
1992    2.00    2.25    0.00    0.00    0.00    6.25    21.50   2.00    24.25   7.25    0.00    0.00
1993    0.00    0.00    0.00    0.00    0.00    1.50    10.00   26.00   13.25   0.00    0.00    0.00
1994    0.00    0.00    0.00    0.00    0.00    1.25    11.50   9.75    8.50    2.00    0.00    0.00
1995    0.00    0.00    0.00    0.00    0.00    2.50    7.50    2.00    10.25   0.00    0.00    0.00
1996    0.00    0.00    0.00    0.00    0.00    3.75    2.50    2.50    3.00    1.25    0.00    0.00
1997    0.00    0.00    0.00    0.00    0.00    0.00    9.25    8.75    11.75   2.50    1.25    0.00
1998    0.00    0.00    0.00    0.00    0.00    4.75    5.75    12.75   0.50    9.25    0.00    0.00
1999    0.00    0.00    0.00    0.00    0.00    1.75    4.50    15.75   1.50    0.00    0.00    0.00
2000    0.00    0.00    0.00    0.00    2.50    4.00    5.50    2.00    2.75    0.00    0.00    0.00
2001    0.00    0.00    0.00    0.00    4.25    0.00    0.25    3.50    8.25    1.25    1.00    0.00
2002    0.00    0.00    0.00    0.00    2.75    0.00    6.25    6.75    3.50    4.25    2.50    0.00
2003    0.00    0.00    0.00    0.00    0.00    0.00    0.00    4.50    2.75    3.75    0.00    0.00
2004    0.00    0.00    0.00    0.00    0.00    0.00    3.25    1.50    9.25    0.00    0.00    0.00
2005    0.00    0.00    0.00    0.00    0.25    0.00    0.00    6.75    15.00   1.50    0.00    0.00
2006    0.00    0.00    0.00    0.00    0.00    0.00    10.75   16.25   3.75    1.50    1.75    0.00
2007    0.00    0.00    0.00    0.00    0.00    0.00    0.25    5.00    3.50    0.00    0.00    0.00
2008    0.00    0.00    0.00    0.00    0.00    0.00    9.25    3.50    0.00    6.25    0.00    0.00
2009    0.00    0.00    0.00    0.00    0.00    0.75    2.50    10.00   3.50    6.25    0.00    0.00
2010    0.00    0.00    0.00    0.00    0.00    9.25    0.00    2.25    0.00    0.00    0.00    0.00
2011    0.00    0.00    0.00    0.00    0.00    3.50    3.75    5.25    6.75    5.25    2.25    0.00
2012    0.00    0.00    0.00    0.00    2.00    1.00    10.50   2.75    3.50    1.75    0.00    0.00
2013    0.00    0.00    0.00    0.00    0.25    1.25    3.00    5.00    1.25    3.75    0.00    0.00
2014    0.00    0.00    0.00    0.00    4.00    3.25    0.50    20.50   8.75    5.25    2.25    0.00
2015    0.00    0.00    0.00    0.00    2.25    10.25   4.75    19.25   10.75   12.25   2.75    0.00
2016    1.75    0.00    0.00    0.00    0.00    0.00    16.50   7.50    9.50    3.25    0.00    0.00
2017    0.00    0.00    0.00    0.00    0.00    1.50    13.75   2.50    2.25    0.00    0.00    0.00
2018    0.00    0.00    0.00    0.00    0.00    5.00    2.75    26.00   19.50   15.00   0.00    0.00
2019    0.00    0.00    0.00    0.00    0.00    0.25    7.25    1.00    8.25    0.00    0.00    0.00
2020    0.00    0.00    0.00    0.00    0.00    0.00    5.25    5.00    0.00    4.00    0.00    0.00
2021    0.00    0.00    0.00    0.00    0.00    2.25    4.50    10.50   1.00    3.25    0.00    0.00
 -99.0
 NE Pacific Hurricane days/month
 from Phil Klotabach
 store Mar 2024
 NOAA PSL
 https://psl.noaa.gov/data/timeseries/month/  
 units="days"