1851 2022
1851    0.00    0.00    0.00    0.00    0.00    1.25    0.25    6.00    0.00    0.00    0.00    0.00
1852    0.00    0.00    0.00    0.00    0.00    0.00    0.00    7.00    12.25   4.25    0.00    0.00
1853    0.00    0.00    0.00    0.00    0.00    0.00    0.00    0.00    16.50   4.00    0.00    0.00
1854    0.00    0.00    0.00    0.00    0.00    1.25    0.00    0.00    6.00    0.00    0.00    0.00
1855    0.00    0.00    0.00    0.00    0.00    0.00    0.00    2.00    2.00    0.00    0.00    0.00
1856    0.00    0.00    0.00    0.00    0.00    0.00    0.00    11.25   1.50    0.00    0.00    0.00
1857    0.00    0.00    0.00    0.00    0.00    0.00    0.00    0.00    15.00   0.00    0.00    0.00
1858    0.00    0.00    0.00    0.00    0.00    0.25    0.00    0.25    11.00   3.50    0.00    0.00
1859    0.00    0.00    0.00    0.00    0.00    0.00    0.25    3.00    5.50    7.75    0.00    0.00
1860    0.00    0.00    0.00    0.00    0.00    0.00    0.00    5.75    5.25    6.50    0.00    0.00
1861    0.00    0.00    0.00    0.00    0.00    0.00    3.50    8.50    0.75    0.00    0.75    0.00
1862    0.00    0.00    0.00    0.00    0.00    0.00    0.00    3.25    7.50    2.50    0.00    0.00
1863    0.00    0.00    0.00    0.00    0.00    0.00    0.00    10.25   5.50    0.00    0.00    0.00
1864    0.00    0.00    0.00    0.00    0.00    0.00    2.00    6.00    0.00    1.50    0.00    0.00
1865    0.00    0.00    0.00    0.00    0.00    0.00    0.00    0.00    8.50    4.50    0.00    0.00
1866    0.00    0.00    0.00    0.00    0.00    0.00    4.25    4.50    12.25   5.00    0.00    0.00
1867    0.00    0.00    0.00    0.00    0.00    0.50    4.00    4.25    3.00    7.50    0.00    0.00
1868    0.00    0.00    0.00    0.00    0.00    0.00    0.00    0.00    4.50    6.00    0.00    0.00
1869    0.00    0.00    0.00    0.00    0.00    0.00    0.00    3.50    11.50   1.25    0.00    0.00
1870    0.00    0.00    0.00    0.00    0.00    0.00    0.25    0.50    11.00   15.25   1.25    0.00
1871    0.00    0.00    0.00    0.00    0.00    0.00    0.00    12.50   3.75    6.25    0.00    0.00
1872    0.00    0.00    0.00    0.00    0.00    0.00    0.00    8.00    10.00   4.25    0.00    0.00
1873    0.00    0.00    0.00    0.00    0.00    0.00    0.00    10.50   4.25    6.00    0.00    0.00
1874    0.00    0.00    0.00    0.00    0.00    0.00    0.00    2.50    6.50    0.00    2.00    0.00
1875    0.00    0.00    0.00    0.00    0.00    0.00    0.00    4.00    17.25   5.00    0.00    0.00
1876    0.00    0.00    0.00    0.00    0.00    0.00    0.00    0.00    5.50    9.75    0.00    0.00
1877    0.00    0.00    0.00    0.00    0.00    0.00    0.00    0.00    18.00   2.75    0.00    0.00
1878    0.00    0.00    0.00    0.00    0.00    0.00    0.00    10.25   16.50   23.50   0.00    0.00
1879    0.00    0.00    0.00    0.00    0.00    0.00    0.00    9.25    1.00    0.50    1.50    0.00
1880    0.00    0.00    0.00    0.00    0.00    0.00    0.00    16.00   7.75    11.75   0.00    0.00
1881    0.00    0.00    0.00    0.00    0.00    0.00    0.00    12.00   3.00    0.00    0.00    0.00
1882    0.00    0.00    0.00    0.00    0.00    0.00    0.00    1.25    10.50   6.25    0.00    0.00
1883    0.00    0.00    0.00    0.00    0.00    0.00    0.00    12.50   8.00    0.00    0.00    0.00
1884    0.00    0.00    0.00    0.00    0.00    0.00    0.00    0.00    16.25   6.25    0.00    0.00
1885    0.00    0.00    0.00    0.00    0.00    0.00    0.00    8.50    4.50    0.50    0.00    0.00
1886    0.00    0.00    0.00    0.00    0.00    6.75    5.00    21.75   11.75   4.25    0.00    0.00
1887    0.00    0.00    0.00    0.00    0.00    0.00    6.75    11.50   13.25   11.75   1.75    2.00
1888    0.00    0.00    0.00    0.00    0.00    0.75    0.00    6.00    7.00    2.00    5.25    0.00
1889    0.00    0.00    0.00    0.00    0.75    0.50    0.00    1.75    19.25   0.00    0.00    0.00
1890    0.00    0.00    0.00    0.00    0.00    0.00    0.00    5.50    0.75    1.00    0.00    0.00
1891    0.00    0.00    0.00    0.00    0.00    0.00    2.25    16.50   12.00   8.75    0.00    0.00
1892    0.00    0.00    0.00    0.00    0.00    0.00    0.00    3.00    18.25   11.25   0.00    0.00
1893    0.00    0.00    0.00    0.00    0.00    2.25    1.75    34.25   7.75    15.50   0.00    0.00
1894    0.00    0.00    0.00    0.00    0.00    0.00    0.00    0.00    17.00   22.00   0.00    0.00
1895    0.00    0.00    0.00    0.00    0.00    0.00    0.00    6.75    0.00    9.75    0.00    0.00
1896    0.00    0.00    0.00    0.00    0.00    0.00    2.25    1.25    23.50   6.75    7.75    0.00
1897    0.00    0.00    0.00    0.00    0.00    0.00    0.00    0.00    10.75   1.00    0.00    0.00
1898    0.00    0.00    0.00    0.00    0.00    0.00    0.00    1.25    20.00   2.25    0.00    0.00
1899    0.00    0.00    0.00    0.00    0.00    0.00    1.00    19.25   13.75   3.00    0.00    0.00
1900    0.00    0.00    0.00    0.00    0.00    0.00    0.00    0.00    19.25   0.00    0.00    0.00
1901    0.00    0.00    0.00    0.00    0.00    0.00    1.50    4.75    11.00   0.00    1.50    0.00
1902    0.00    0.00    0.00    0.00    0.00    0.75    0.00    0.00    2.50    3.75    0.00    0.00
1903    0.00    0.00    0.00    0.00    0.00    0.00    1.50    9.00    7.00    7.25    5.50    0.00
1904    0.00    0.00    0.00    0.00    0.00    0.50    0.00    0.00    2.25    2.50    0.00    0.00
1905    0.00    0.00    0.00    0.00    0.00    0.00    0.00    0.00    0.00    3.25    0.00    0.00
1906    0.00    0.00    0.00    0.00    0.00    4.25    0.00    3.50    20.00   8.25    0.50    0.00
1907    0.00    0.00    0.00    0.00    0.00    0.00    0.00    0.00    0.00    0.00    0.00    0.00
1908    0.00    0.00    2.25    0.00    2.00    0.00    1.75    0.00    12.75   7.75    0.00    0.00
1909    0.00    0.00    0.00    0.00    0.00    1.00    3.50    7.50    5.00    4.25    2.75    0.00
1910    0.00    0.00    0.00    0.00    0.00    0.00    0.00    0.00    12.25   6.25    0.00    0.00
1911    0.00    0.00    0.00    0.00    0.00    0.00    0.00    4.75    2.25    0.00    0.00    0.00
1912    0.00    0.00    0.00    0.00    0.00    0.00    0.00    0.00    2.25    5.25    6.25    0.00
1913    0.00    0.00    0.00    0.00    0.00    1.00    0.00    0.00    2.00    1.00    0.00    0.00
1914    0.00    0.00    0.00    0.00    0.00    0.00    0.00    0.00    0.00    0.00    0.00    0.00
1915    0.00    0.00    0.00    0.00    0.00    0.00    0.00    11.25   19.25   0.00    0.00    0.00
1916    0.00    0.00    0.00    0.00    0.00    0.00    11.00   8.50    8.00    9.25    0.00    0.00
1917    0.00    0.00    0.00    0.00    0.00    0.00    0.00    0.75    12.75   0.00    0.00    0.00
1918    0.00    0.00    0.00    0.00    0.00    0.00    0.00    3.75    3.75    0.00    0.00    0.00
1919    0.00    0.00    0.00    0.00    0.00    0.00    0.00    0.00    9.25    0.00    0.00    0.00
1920    0.00    0.00    0.00    0.00    0.00    0.00    0.00    0.00    7.75    0.00    0.00    0.00
1921    0.00    0.00    0.00    0.00    0.00    2.50    0.00    0.00    12.00   7.75    0.00    0.00
1922    0.00    0.00    0.00    0.00    0.00    0.00    0.00    0.00    10.00   4.00    0.00    0.00
1923    0.00    0.00    0.00    0.00    0.00    0.00    0.00    0.00    10.50   1.25    0.00    0.00
1924    0.00    0.00    0.00    0.00    0.00    0.00    0.00    10.50   3.75    5.25    3.00    0.00
1925    0.00    0.00    0.00    0.00    0.00    0.00    0.00    1.00    0.00    0.00    0.00    0.00
1926    0.00    0.00    0.00    0.00    0.00    0.00    5.50    10.00   34.50   8.50    0.00    0.00
1927    0.00    0.00    0.00    0.00    0.00    0.00    0.00    5.25    6.75    0.00    0.00    0.00
1928    0.00    0.00    0.00    0.00    0.00    0.00    0.00    4.50    8.25    2.25    0.00    0.00
1929    0.00    0.00    0.00    0.00    0.00    1.25    0.00    0.00    7.50    1.00    0.00    0.00
1930    0.00    0.00    0.00    0.00    0.00    0.00    0.00    4.50    7.00    0.00    0.00    0.00
1931    0.00    0.00    0.00    0.00    0.00    0.00    0.00    0.00    5.25    0.00    0.00    0.00
1932    0.00    0.00    0.00    0.00    0.00    0.00    0.00    2.50    10.50   0.00    14.75   0.00
1933    0.00    0.00    0.00    0.00    0.00    3.50    11.00   12.00   24.00   6.50    0.00    0.00
1934    0.00    0.00    0.00    0.00    0.00    5.25    2.75    2.00    2.75    2.00    4.00    0.00
1935    0.00    0.00    0.00    0.00    0.00    0.00    0.00    6.50    10.00   3.25    4.50    0.00
1936    0.00    0.00    0.00    0.00    0.00    0.25    1.50    7.00    17.00   0.00    0.00    0.00
1937    0.00    0.00    0.00    0.00    0.00    0.00    0.00    0.00    15.00   1.00    0.00    0.00
1938    1.00    0.00    0.00    0.00    0.00    0.00    0.00    7.50    7.00    0.00    0.00    0.00
1939    0.00    0.00    0.00    0.00    0.00    0.00    0.00    1.50    0.00    4.25    0.75    0.00
1940    0.00    0.00    0.00    0.00    0.00    0.00    0.00    7.25    9.50    1.75    0.00    0.00
1941    0.00    0.00    0.00    0.00    0.00    0.00    0.00    0.00    8.50    3.00    0.00    0.00
1942    0.00    0.00    0.00    0.00    0.00    0.00    0.00    10.50   0.00    0.00    2.50    0.00
1943    0.00    0.00    0.00    0.00    0.00    0.00    1.50    6.00    10.50   4.50    0.00    0.00
1944    0.00    0.00    0.00    0.00    0.00    0.00    2.50    6.75    8.50    6.75    0.00    0.00
1945    0.00    0.00    0.00    0.00    0.00    3.25    0.00    3.25    5.25    3.75    0.00    0.00
1946    0.00    0.00    0.00    0.00    0.00    0.00    1.50    0.00    2.00    2.00    0.00    0.00
1947    0.00    0.00    0.00    0.00    0.00    0.00    0.00    3.00    8.00    7.50    0.00    0.00
1948    0.00    0.00    0.00    0.00    0.00    0.00    0.00    5.50    10.00   4.50    0.75    0.00
1949    0.00    0.00    0.00    0.00    0.00    0.00    0.00    8.00    8.75    4.25    0.00    0.00
1950    0.00    0.00    0.00    0.00    0.00    0.00    0.00    16.00   24.25   12.75   0.00    0.00
1951    0.00    0.00    0.00    0.00    6.50    0.00    0.00    7.00    15.50   4.25    0.00    1.00
1952    0.00    0.00    0.00    0.00    0.00    0.00    0.00    1.75    8.75    5.00    0.00    0.00
1953    0.00    0.00    0.00    0.00    0.00    0.00    0.00    2.75    13.75   2.50    0.00    0.00
1954    0.00    0.00    0.00    0.00    0.00    1.00    0.00    4.00    5.75    14.75   0.00    0.50
1955    2.00    0.00    0.00    0.00    0.00    0.00    0.00    16.50   23.50   1.00    0.00    0.00
1956    0.00    0.00    0.00    0.00    0.00    0.00    0.50    8.50    1.50    0.00    2.50    0.00
1957    0.00    0.00    0.00    0.00    0.00    2.25    0.00    0.00    18.75   0.00    0.00    0.00
1958    0.00    0.00    0.00    0.00    0.00    0.00    0.00    11.00   10.75   5.00    0.00    0.00
1959    0.00    0.00    0.00    0.00    0.00    0.50    1.75    0.00    6.00    8.00    0.00    0.00
1960    0.00    0.00    0.00    0.00    0.00    0.00    0.50    1.75    12.75   0.00    0.00    0.00
1961    0.00    0.00    0.00    0.00    0.00    0.00    4.00    0.00    33.00   8.25    1.00    0.00
1962    0.00    0.00    0.00    0.00    0.00    0.00    0.00    1.50    0.00    7.75    0.50    2.00
1963    0.00    0.00    0.00    0.00    0.00    0.00    0.00    8.00    4.75    19.50   0.00    0.00
1964    0.00    0.00    0.00    0.00    0.00    0.00    0.00    6.50    26.25   6.50    0.00    0.00
1965    0.00    0.00    0.00    0.00    0.00    0.00    0.00    2.50    15.25   1.75    0.00    0.00
1966    0.00    0.00    0.00    0.00    0.00    4.50    5.50    7.50    7.75    8.00    3.00    0.00
1967    0.00    0.00    0.00    0.00    0.00    0.00    0.00    0.00    25.50   7.00    0.00    0.00
1968    0.00    0.00    0.00    0.00    0.00    2.25    0.00    2.50    2.00    3.50    0.00    0.00
1969    0.00    0.00    0.00    0.00    0.00    0.00    0.00    11.50   5.75    10.00   4.00    0.00
1970    0.00    0.00    0.00    0.00    0.25    0.00    0.00    3.50    1.75    7.75    0.00    0.00
1971    0.00    0.00    0.00    0.00    0.00    0.00    0.00    3.25    25.50   0.00    0.00    0.00
1972    0.00    0.00    0.00    0.00    0.00    1.50    0.00    3.50    1.25    0.00    0.00    0.00
1973    0.00    0.00    0.00    0.00    0.00    0.00    2.50    0.75    3.75    3.00    0.00    0.00
1974    0.00    0.00    0.00    0.00    0.00    0.00    0.00    3.75    10.50   0.00    0.00    0.00
1975    0.00    0.00    0.00    0.00    0.00    0.00    1.25    2.75    13.75   2.75    0.00    0.00
1976    0.00    0.00    0.00    0.00    0.00    0.00    0.00    14.50   8.75    2.25    0.00    0.00
1977    0.00    0.00    0.00    0.00    0.00    0.00    0.00    1.25    4.50    1.00    0.00    0.00
1978    0.00    0.00    0.00    0.00    0.00    0.00    0.00    1.50    10.75   1.25    0.00    0.00
1979    0.00    0.00    0.00    0.00    0.00    0.00    0.75    4.75    16.00   0.25    0.00    0.00
1980    0.00    0.00    0.00    0.00    0.00    0.00    0.00    13.00   15.50   6.00    3.75    0.00
1981    0.00    0.00    0.00    0.00    0.00    0.00    0.00    0.50    20.75   0.25    1.00    0.00
1982    0.00    0.00    0.00    0.00    0.00    0.50    0.00    0.00    5.25    0.00    0.00    0.00
1983    0.00    0.00    0.00    0.00    0.00    0.00    0.00    2.25    1.25    0.00    0.00    0.00
1984    0.00    0.00    0.00    0.00    0.00    0.00    0.00    0.00    3.75    7.00    4.75    2.75
1985    0.00    0.00    0.00    0.00    0.00    0.00    0.50    5.25    8.00    1.75    5.75    0.00
1986    0.00    0.00    0.00    0.00    0.00    1.00    0.00    1.00    7.25    0.00    1.25    0.00
1987    0.00    0.00    0.00    0.00    0.00    0.00    0.00    1.75    2.75    0.50    0.00    0.00
1988    0.00    0.00    0.00    0.00    0.00    0.00    0.00    0.00    16.25   5.00    0.00    0.00
1989    0.00    0.00    0.00    0.00    0.00    0.00    0.00    11.25   20.00   0.50    0.00    0.00
1990    0.00    0.00    0.00    0.00    0.00    0.00    2.25    7.50    10.00   7.00    0.00    0.00
1991    0.00    0.00    0.00    0.00    0.00    0.00    0.00    2.25    3.75    1.75    0.50    0.00
1992    0.00    0.00    0.00    0.00    0.00    0.00    0.00    4.50    9.50    2.00    0.00    0.00
1993    0.00    0.00    0.00    0.00    0.00    0.00    0.00    4.50    5.00    0.00    0.00    0.00
1994    0.00    0.00    0.00    0.00    0.00    0.00    0.00    2.00    0.00    0.00    5.25    0.00
1995    0.00    0.00    0.00    0.00    0.00    0.75    0.00    25.25   22.50   11.25   0.50    0.00
1996    0.00    0.00    0.00    0.00    0.00    0.00    6.50    11.25   17.50   9.25    0.50    0.00
1997    0.00    0.00    0.00    0.00    0.00    0.00    2.25    0.00    7.25    0.00    0.00    0.00
1998    0.00    0.00    0.00    0.00    0.00    0.00    0.00    13.00   28.00   6.00    1.00    0.50
1999    0.00    0.00    0.00    0.00    0.00    0.00    0.00    14.25   15.75   6.25    4.75    0.00
2000    0.00    0.00    0.00    0.00    0.00    0.00    0.00    14.00   13.50   5.25    0.00    0.00
2001    0.00    0.00    0.00    0.00    0.00    0.00    0.00    0.00    15.50   3.25    6.75    0.00
2002    0.00    0.00    0.00    0.00    0.00    0.00    0.00    0.00    8.00    2.75    0.00    0.00
2003    0.00    0.00    0.00    0.00    0.00    0.00    2.00    2.25    23.00   5.50    0.00    0.00
2004    0.00    0.00    0.00    0.00    0.00    0.00    0.00    15.25   29.75   0.50    0.00    0.00
2005    0.00    0.00    0.00    0.00    0.00    0.00    11.25   7.00    16.75   9.75    0.00    5.00
2006    0.00    0.00    0.00    0.00    0.00    0.00    0.00    0.25    19.50   1.50    0.00    0.00
2007    0.00    0.00    0.00    0.00    0.00    0.00    0.00    6.75    4.50    0.00    1.00    0.00
2008    0.00    0.00    0.00    0.00    0.00    0.00    8.75    3.00    13.50   3.00    2.25    0.00
2009    0.00    0.00    0.00    0.00    0.00    0.00    0.00    7.00    2.75    0.00    2.25    0.00
2010    0.00    0.00    0.00    0.00    0.00    1.00    0.50    9.50    18.50   7.50    1.50    0.00
2011    0.00    0.00    0.00    0.00    0.00    0.00    0.00    6.25    12.25   7.50    0.00    0.00
2012    0.00    0.00    0.00    0.00    0.00    0.75    0.00    6.00    13.75   8.00    0.00    0.00
2013    0.00    0.00    0.00    0.00    0.00    0.00    0.00    0.00    3.25    0.00    0.00    0.00
2014    0.00    0.00    0.00    0.00    0.00    0.00    2.25    4.25    4.50    6.75    0.00    0.00
2015    0.00    0.00    0.00    0.00    0.00    0.00    0.00    3.50    1.00    6.50    1.00    0.00
2016    1.25    0.00    0.00    0.00    0.00    0.00    0.00    6.00    3.50    15.50   1.50    0.00
2017    0.00    0.00    0.00    0.00    0.00    0.00    0.00    5.50    41.00   5.25    0.00    0.00
2018    0.00    0.00    0.00    0.00    0.00    0.00    3.25    0.00    13.25   11.00   0.00    0.00
2019    0.00    0.00    0.00    0.00    0.00    0.00    0.25    3.25    18.00   2.00    0.00    0.00
2020    0.00    0.00    0.00    0.00    0.00    0.00    1.75    4.00    13.25   11.25   5.00    0.00
2021    0.00    0.00    0.00    0.00    0.00    0.00    1.25    5.75    16.50   4.25    0.00    0.00
2022    0.00    0.00    0.00    0.00    0.00    0.00    0.00    0.00    19.00   0.75    2.25    0.00
 -99.0
 Number of days with hurricane in Atlantic
 From Phil Klotzbach
 stored Mar 2024
 NOAA/PSL
 https://psl.noaa.gov/data/timeseries/month/ 
