1950 2021
1950    0.00    0.00    0.00    0.00    6.50    1.00    0.25    4.50    8.00    10.50   8.25    1.00
1951    0.00    0.00    3.75    1.25    10.25   2.25    6.00    11.75   6.25    14.00   7.75    16.25
1952    0.00    0.00    0.00    0.00    0.00    5.00    6.25    8.00    7.00    16.75   17.25   8.75
1953    3.00    3.75    0.00    0.00    0.75    8.25    8.25    23.25   10.25   10.75   5.25    7.50
1954    0.00    0.00    0.00    0.00    2.25    0.00    1.75    11.00   17.00   17.75   24.00   0.00
1955    0.25    0.00    1.50    7.00    0.00    1.00    11.75   2.25    17.75   9.25    0.25    6.75
1956    0.00    0.00    7.50    8.50    0.00    0.00    5.00    12.00   23.75   9.00    7.75    2.00
1957    3.00    0.00    0.00    2.00    13.00   6.75    3.50    8.00    35.00   9.50    19.50   0.00
1958    8.75    0.00    0.00    0.00    6.75    6.75    21.75   7.75    18.75   13.00   7.00    4.75
1959    0.00    0.00    0.00    6.75    0.00    0.00    2.75    14.50   15.75   15.25   6.25    14.25
1960    0.00    0.00    0.00    1.00    0.00    7.25    12.00   27.50   0.00    20.00   2.00    11.25
1961    0.00    0.00    5.50    0.00    5.50    1.25    5.50    10.25   16.75   13.00   6.00    5.00
1962    0.00    0.00    0.00    5.75    1.50    0.00    10.50   26.25   6.00    26.75   15.75   0.00
1963    0.00    0.00    0.00    3.50    5.00    11.75   9.25    18.50   11.25   19.50   0.00    9.25
1964    0.00    0.00    0.00    0.00    4.25    3.25    17.00   18.00   22.25   10.00   6.50    5.75
1965    1.00    0.00    0.00    0.25    3.00    8.75    14.75   21.00   19.50   13.25   5.00    0.00
1966    0.00    0.00    0.00    3.75    8.25    4.75    3.25    9.25    19.25   11.50   3.25    2.00
1967    0.00    0.00    1.50    6.00    0.00    2.25    8.75    4.50    31.00   17.25   17.50   0.00
1968    0.00    0.00    0.00    4.75    0.25    6.00    5.00    4.50    28.75   15.25   11.25   0.00
1969    3.50    0.00    0.00    3.50    0.00    0.00    5.25    4.75    7.00    13.75   9.25    0.00
1970    0.00    4.75    0.00    0.00    0.00    1.50    4.50    21.25   13.75   17.25   4.00    0.00
1971    0.00    0.00    0.00    3.50    10.00   4.75    17.00   21.25   18.00   6.25    5.50    0.00
1972    2.25    0.00    0.00    0.00    0.75    5.25    35.75   13.25   13.50   16.25   8.25    7.75
1973    0.00    0.00    0.00    0.00    0.00    0.00    9.75    6.25    2.25    15.50   0.00    0.00
1974    0.00    0.00    0.00    0.00    1.50    2.25    8.00    6.00    8.75    12.25   9.75    0.25
1975    0.75    0.00    0.00    0.00    0.00    0.00    0.00    8.25    10.25   7.50    8.25    0.00
1976    1.75    0.25    0.00    8.00    10.25   8.00    11.50   4.25    12.50   0.00    6.00    0.00
1977    0.00    0.00    0.00    0.00    0.00    0.00    7.00    0.50    7.50    5.25    6.00    6.75
1978    0.00    0.00    0.00    3.50    0.00    0.00    12.25   4.50    8.75    15.00   3.75    0.00
1979    7.75    0.00    2.00    2.00    0.00    0.00    4.25    12.25   9.25    15.25   3.75    3.50
1980    0.00    0.00    0.00    0.00    9.00    0.00    6.25    9.25    7.75    11.25   7.50    0.00
1981    0.00    0.00    3.00    0.00    0.00    3.25    1.50    7.75    13.50   6.75    7.00    7.75
1982    0.00    0.00    4.75    0.75    3.25    2.25    13.00   21.00   20.75   15.00   3.00    2.25
1983    0.00    0.00    0.00    0.00    0.00    0.00    6.25    10.25   12.25   2.00    11.50   0.00
1984    0.00    0.00    0.00    0.00    0.00    0.00    13.75   5.50    5.75    15.25   18.25   3.25
1985    0.00    0.00    0.00    0.00    3.00    8.00    1.75    20.00   5.00    16.25   0.00    4.75
1986    0.00    1.25    0.00    1.75    5.00    1.75    9.25    16.50   15.00   12.00   5.00    16.75
1987    2.00    0.00    0.00    0.00    0.00    2.00    14.25   18.25   24.50   13.50   7.25    2.25
1988    7.00    0.00    0.00    0.00    0.50    3.25    4.75    4.50    12.00   16.50   7.00    0.00
1989    0.00    0.00    0.00    4.00    2.25    2.25    8.00    8.50    3.75    26.00   7.25    7.00
1990    1.75    0.00    0.00    0.00    1.75    9.00    5.75    19.00   16.75   8.50    22.25   7.00
1991    0.00    0.00    1.50    0.00    7.50    2.00    10.00   6.25    21.25   18.25   17.75   2.75
1992    2.00    0.00    0.00    0.00    0.00    6.50    3.00    19.00   18.75   30.25   25.25   0.00
1993    0.00    0.00    0.00    0.00    0.00    5.50    2.75    19.50   11.00   9.25    2.50    8.50
1994    0.00    0.00    0.00    1.50    3.25    0.00    9.00    23.50   19.50   27.00   6.75    4.50
1995    0.00    0.00    0.00    0.00    0.00    0.00    5.75    7.75    16.25   16.50   5.75    0.00
1996    0.00    0.00    0.00    0.00    5.50    0.00    18.25   19.00   32.75   8.75    7.50    3.25
1997    0.00    0.00    0.00    9.25    2.50    11.25   5.75    24.50   24.25   17.25   9.00    10.50
1998    0.00    0.00    0.00    0.00    0.00    0.00    0.00    7.25    12.25   14.25   0.00    3.50
1999    0.00    0.00    0.00    2.75    1.00    4.25    0.50    7.00    5.50    5.25    0.50    0.00
2000    0.00    0.00    0.00    0.00    3.75    0.00    7.25    17.25   20.00   6.50    2.75    0.00
2001    1.75    0.00    0.00    0.00    0.00    2.00    14.00   14.75   26.00   14.25   3.00    5.75
2002    0.00    0.00    6.50    0.00    3.50    1.75    27.50   17.25   16.25   2.75    5.25    5.50
2003    0.00    0.00    0.00    9.25    4.25    2.75    6.75    12.00   12.25   15.50   13.25   0.50
2004    0.00    0.00    0.00    9.50    6.25    17.00   5.00    22.25   13.50   18.75   7.50    2.75
2005    0.50    0.00    1.25    3.25    0.00    8.00    5.75    15.25   19.50   11.00   1.75    0.00
2006    0.00    0.00    0.00    0.00    7.25    0.00    9.50    10.50   20.50   7.50    6.50    8.25
2007    0.00    0.00    0.00    2.25    3.75    0.00    6.75    10.50   12.25   8.75    9.00    0.00
2008    0.00    0.00    0.00    3.00    7.50    4.25    3.00    3.50    13.00   0.00    0.00    2.25
2009    0.00    0.00    0.00    0.00    4.25    1.25    0.50    9.00    9.50    20.50   7.00    1.25
2010    0.00    0.00    0.00    0.00    0.00    0.00    2.75    2.00    8.00    13.25   0.00    0.00
2011    0.00    0.00    0.00    0.00    5.25    0.00    8.75    12.25   12.00   1.00    0.00    0.00
2012    0.00    0.00    0.00    0.00    2.25    8.00    1.75    19.75   12.25   9.50    0.75    7.25
2013    0.00    0.00    0.00    0.00    0.00    0.00    5.00    6.00    10.25   27.75   8.50    0.00
2014    0.00    0.00    0.75    1.25    0.00    0.00    14.25   12.00   3.75    12.50   4.50    5.50
2015    0.75    2.25    3.25    3.25    12.75   0.00    22.50   23.50   14.75   13.75   5.75    3.00
2016    0.00    0.00    0.00    0.00    0.00    0.00    4.00    8.25    15.75   15.75   3.50    3.75
2017    0.00    0.00    0.00    0.00    0.00    0.00    10.25   12.75   6.50    6.50    1.25    1.50
2018    0.00    0.00    1.75    0.00    0.00    0.00    10.50   17.50   20.50   12.25   5.75    0.00
2019    0.00    6.50    0.00    0.00    0.00    0.00    0.00    8.25    9.75    13.25   12.25   5.75
2020    0.00    0.00    0.00    0.00    2.00    0.00    0.00    7.00    7.50    9.50    4.75    0.00
2021    0.00    0.00    0.00    7.75    0.00    1.00    5.50    0.00    12.75   3.25    0.00    7.75
 -99.0
NW Pacific Hurricane days/month
 from Phil Klotzbach
 stored mar 2024 at
 NOAA/PSL
 https://psl.noaa.gov/data/timeseries/month/     
 units="days/mn"