1851 2022
1851    0.0     0.0     0.0     0.0     0.0     4.9     0.9     21.8    4.0     4.6     0.0     0.0
1852    0.0     0.0     0.0     0.0     0.0     0.0     0.0     26.4    31.2    15.7    0.0     0.0
1853    0.0     0.0     0.0     0.0     0.0     0.0     0.0     2.3     63.9    10.3    0.0     0.0
1854    0.0     0.0     0.0     0.0     0.0     3.9     0.0     0.4     23.1    3.7     0.0     0.0
1855    0.0     0.0     0.0     0.0     0.0     0.0     0.0     10.9    7.3     0.0     0.0     0.0
1856    0.0     0.0     0.0     0.0     0.0     0.0     0.0     38.4    10.5    0.0     0.0     0.0
1857    0.0     0.0     0.0     0.0     0.0     1.0     1.0     0.0     44.8    0.0     0.0     0.0
1858    0.0     0.0     0.0     0.0     0.0     0.5     0.0     0.5     32.4    11.4    0.0     0.0
1859    0.0     0.0     0.0     0.0     0.0     0.0     0.8     9.7     13.5    31.7    0.0     0.0
1860    0.0     0.0     0.0     0.0     0.0     0.0     0.0     22.4    22.7    16.9    0.0     0.0
1861    0.0     0.0     0.0     0.0     0.0     0.0     12.8    24.7    2.7     5.6     4.0     0.0
1862    0.0     0.0     0.0     0.0     0.0     3.0     0.0     10.0    23.4    5.2     4.4     0.0
1863    0.0     0.0     0.0     0.0     0.0     0.0     0.0     28.4    22.0    0.0     0.0     0.0
1864    0.0     0.0     0.0     0.0     0.0     0.0     5.7     11.8    4.4     4.7     0.0     0.0
1865    0.0     0.0     0.0     0.0     0.3     0.3     0.0     6.1     27.8    14.7    0.0     0.0
1866    0.0     0.0     0.0     0.0     0.0     0.0     14.3    14.0    34.8    20.6    0.0     0.0
1867    0.0     0.0     0.0     0.0     0.0     3.0     8.7     10.5    10.0    27.8    0.0     0.0
1868    0.0     0.0     0.0     0.0     0.0     0.0     0.0     0.0     11.0    23.7    0.0     0.0
1869    0.0     0.0     0.0     0.0     0.0     0.0     0.0     10.6    35.7    4.7     0.0     0.0
1870    0.0     0.0     0.0     0.0     0.0     0.0     0.5     2.7     37.0    43.3    4.4     0.0
1871    0.0     0.0     0.0     0.0     0.0     5.7     0.0     52.9    13.5    16.3    0.0     0.0
1872    0.0     0.0     0.0     0.0     0.0     0.0     3.3     23.5    23.6    15.0    0.0     0.0
1873    0.0     0.0     0.0     0.0     0.0     1.0     0.0     33.4    16.2    18.9    0.0     0.0
1874    0.0     0.0     0.0     0.0     0.0     0.0     2.8     10.3    26.0    0.8     7.1     0.0
1875    0.0     0.0     0.0     0.0     0.0     0.0     0.0     7.8     48.3    16.4    0.0     0.0
1876    0.0     0.0     0.0     0.0     0.0     0.0     0.0     0.0     23.7    33.4    0.0     0.0
1877    0.0     0.0     0.0     0.0     0.0     0.0     0.0     5.1     50.6    16.0    1.6     0.0
1878    0.0     0.0     0.0     0.0     0.0     0.0     1.8     31.5    50.8    87.8    7.4     1.6
1879    0.0     0.0     0.0     0.0     0.0     0.0     0.0     35.7    5.2     17.4    5.3     0.0
1880    0.0     0.0     0.0     0.0     0.0     2.6     0.0     60.1    27.6    40.8    0.0     0.0
1881    0.0     0.0     0.0     0.0     0.0     0.0     0.0     44.3    15.0    0.0     0.0     0.0
1882    0.0     0.0     0.0     0.0     0.0     0.0     0.0     2.5     35.8    21.3    0.0     0.0
1883    0.0     0.0     0.0     0.0     0.0     0.0     0.0     36.1    28.3    2.3     0.0     0.0
1884    0.0     0.0     0.0     0.0     0.0     0.0     0.0     0.0     51.8    20.3    0.0     0.0
1885    0.0     0.0     0.0     0.0     0.0     0.0     0.0     28.7    24.3    5.3     0.0     0.0
1886    0.0     0.0     0.0     0.0     0.0     20.6    15.4    71.0    36.3    22.9    0.0     0.0
1887    0.0     0.0     0.0     0.0     7.3     1.1     20.5    54.3    39.5    38.8    4.9     15.0
1888    0.0     0.0     0.0     0.0     0.0     2.6     1.5     20.8    27.6    7.8     24.6    0.0
1889    0.0     0.0     0.0     0.0     5.9     5.3     0.0     12.4    72.9    7.5     0.0     0.0
1890    0.0     0.0     0.0     0.0     1.2     0.0     0.0     26.9    2.2     2.6     0.4     0.0
1891    0.0     0.0     0.0     0.0     0.0     0.0     7.3     39.5    37.2    29.5    2.5     0.0
1892    0.0     0.0     0.0     0.0     0.0     5.4     0.0     8.4     62.1    40.0    0.0     0.0
1893    0.0     0.0     0.0     0.0     0.0     10.3    5.6     119.7   22.9    67.5    5.2     0.0
1894    0.0     0.0     0.0     0.0     0.0     2.0     0.0     4.3     53.1    76.1    0.0     0.0
1895    0.0     0.0     0.0     0.0     0.0     0.0     0.0     23.3    1.6     43.8    0.0     0.0
1896    0.0     0.0     0.0     0.0     0.0     0.0     7.7     3.6     77.9    22.5    24.4    0.0
1897    0.0     0.0     0.0     0.0     0.0     0.0     0.0     0.4     37.6    16.6    0.0     0.0
1898    0.0     0.0     0.0     0.0     0.0     0.0     0.0     4.3     77.1    29.2    2.8     0.0
1899    0.0     0.0     0.0     0.0     0.0     0.5     3.8     78.5    48.6    17.4    2.3     0.0
1900    0.0     0.0     0.0     0.0     0.0     0.0     0.0     3.1     73.7    6.5     0.0     0.0
1901    0.0     0.0     0.0     0.0     0.0     1.0     20.3    20.9    43.0    7.3     6.6     0.0
1902    0.0     0.0     0.0     0.0     0.0     6.7     0.0     0.0     8.9     12.5    4.6     0.0
1903    0.0     0.0     0.0     0.0     0.0     0.0     5.9     29.0    30.5    24.2    12.5    0.0
1904    0.0     0.0     0.0     0.0     0.0     2.9     0.0     0.0     11.3    14.4    1.7     0.0
1905    0.0     0.0     0.0     0.0     0.0     0.0     0.0     0.0     8.8     19.6    0.0     0.0
1906    0.0     0.0     0.0     0.0     0.0     18.1    0.0     12.8    94.6    33.3    4.0     0.0
1907    0.0     0.0     0.0     0.0     0.0     3.8     0.0     0.0     3.4     2.0     3.9     0.0
1908    0.0     0.0     5.8     0.0     6.0     0.0     9.8     3.9     45.5    24.0    0.0     0.0
1909    0.0     0.0     0.0     0.0     0.0     9.8     9.8     26.9    19.7    17.2    9.9     0.0
1910    0.0     0.0     0.0     0.0     0.0     0.0     0.0     1.6     33.3    29.1    0.0     0.0
1911    0.0     0.0     0.0     0.0     0.0     0.0     0.0     17.7    13.8    3.1     0.0     0.0
1912    0.0     0.0     0.0     0.0     0.0     8.2     2.2     0.0     8.9     17.3    20.6    0.0
1913    0.0     0.0     0.0     0.0     0.0     5.9     0.0     6.0     17.2    6.5     0.0     0.0
1914    0.0     0.0     0.0     0.0     0.0     0.0     0.0     0.0     2.5     0.0     0.0     0.0
1915    0.0     0.0     0.0     0.0     0.0     0.0     0.5     47.2    82.4    0.0     0.0     0.0
1916    0.0     0.0     0.0     0.0     1.5     0.0     38.8    32.8    31.3    36.2    3.4     0.0
1917    0.0     0.0     0.0     0.0     0.0     0.0     1.5     6.6     52.5    0.0     0.0     0.0
1918    0.0     0.0     0.0     0.0     0.0     0.0     0.0     21.0    18.9    0.0     0.0     0.0
1919    0.0     0.0     0.0     0.0     0.0     0.0     2.0     0.0     49.3    0.3     3.5     0.0
1920    0.0     0.0     0.0     0.0     0.0     0.0     0.0     0.0     29.8    0.0     0.0     0.0
1921    0.0     0.0     0.0     0.0     0.0     8.7     0.0     0.0     46.2    29.4    2.2     0.0
1922    0.0     0.0     0.0     0.0     0.0     0.8     0.0     0.0     39.7    14.1    0.0     0.0
1923    0.0     0.0     0.0     0.0     0.0     1.8     0.0     0.0     34.1    13.4    0.0     0.0
1924    0.0     0.0     0.0     0.0     0.0     1.6     2.0     37.8    19.0    29.9    10.0    0.0
1925    0.0     0.0     0.0     0.0     0.0     0.0     0.0     4.1     1.0     0.0     1.8     0.3
1926    0.0     0.0     0.0     0.0     0.0     0.0     22.4    37.0    132.2   36.5    1.5     0.0
1927    0.0     0.0     0.0     0.0     0.0     0.0     0.0     21.6    28.1    3.8     3.0     0.0
1928    0.0     0.0     0.0     0.0     0.0     0.0     0.0     19.5    55.3    8.7     0.0     0.0
1929    0.0     0.0     0.0     0.0     0.0     4.2     0.0     0.0     33.5    10.3    0.0     0.0
1930    0.0     0.0     0.0     0.0     0.0     0.0     0.0     19.4    27.9    2.4     0.0     0.0
1931    0.0     0.0     0.0     0.0     0.0     2.3     2.5     6.5     27.2    2.1     7.2     0.0
1932    0.0     0.0     0.0     0.0     4.3     0.0     0.0     11.9    71.2    11.2    71.0    0.0
1933    0.0     0.0     0.0     0.0     3.1     9.8     35.8    64.4    111.3   28.2    6.0     0.0
1934    0.0     0.0     0.0     0.0     0.0     19.5    9.1     8.5     16.7    10.0    15.2    0.0
1935    0.0     0.0     0.0     0.0     1.8     0.0     0.0     26.8    46.1    13.4    18.2    0.0
1936    0.0     0.0     0.0     0.0     0.0     7.2     7.0     24.4    58.1    0.7     0.0     2.4
1937    0.0     0.0     0.0     0.0     0.0     0.0     2.1     8.6     51.0    4.1     0.0     0.0
1938    4.2     0.0     0.0     0.0     0.0     0.0     0.0     23.8    41.5    5.3     2.8     0.0
1939    0.0     0.0     0.0     0.0     0.0     4.3     0.0     9.3     2.4     20.4    7.4     0.0
1940    0.0     0.0     0.0     0.0     4.7     0.0     0.0     24.6    32.5    6.0     0.0     0.0
1941    0.0     0.0     0.0     0.0     0.0     0.0     0.0     0.0     36.2    15.5    0.0     0.0
1942    0.0     0.0     0.0     0.0     0.0     0.0     0.0     36.1    9.9     7.0     9.5     0.0
1943    0.0     0.0     0.0     0.0     0.0     0.0     5.8     29.1    39.6    19.6    0.0     0.0
1944    0.0     0.0     0.0     0.0     0.0     0.0     11.3    24.8    36.7    29.5    2.2     0.0
1945    0.0     0.0     0.0     0.0     0.0     9.0     1.0     20.3    22.8    10.3    0.0     0.0
1946    0.0     0.0     0.0     0.0     0.0     0.9     4.1     0.5     6.0     7.4     0.7     0.0
1947    0.0     0.0     0.0     0.0     0.0     0.0     0.2     14.2    45.3    28.8    0.0     0.0
1948    0.0     0.0     0.0     0.0     2.5     0.0     0.4     19.1    49.2    20.6    3.3     0.0
1949    0.0     0.0     0.0     0.0     0.0     0.0     0.0     26.5    43.8    22.7    3.5     0.0
1950    0.0     0.0     0.0     0.0     0.0     0.0     0.0     63.2    93.8    52.3    2.0     0.0
1951    5.4     0.0     0.0     0.0     16.1    0.0     0.0     24.3    57.8    17.4    0.0     5.3
1952    0.0     1.3     0.0     0.0     0.0     0.0     0.0     10.3    32.4    21.6    3.5     0.0
1953    0.0     0.0     0.0     0.0     1.8     5.5     1.8     8.5     58.6    18.7    1.9     1.7
1954    0.0     0.0     0.0     0.0     1.2     7.4     4.0     13.7    29.8    45.9    0.7     1.7
1955    6.5     0.0     0.0     0.0     0.0     0.0     0.4     62.5    85.3    10.0    0.0     0.0
1956    0.0     0.0     0.0     0.0     0.0     2.3     1.8     28.4    9.4     3.9     10.8    0.0
1957    0.0     0.0     0.0     0.0     0.0     9.5     0.0     2.1     63.7    3.4     0.0     0.0
1958    0.0     0.0     0.0     0.0     1.2     1.2     0.0     48.1    45.9    13.2    0.0     0.0
1959    0.0     0.0     0.0     0.0     2.1     5.0     7.2     6.0     28.2    28.6    0.0     0.0
1960    0.0     0.0     0.0     0.0     0.0     1.1     9.6     5.1     57.2    0.0     0.0     0.0
1961    0.0     0.0     0.0     0.0     0.0     0.0     11.2    0.0     122.3   41.6    13.7    0.0
1962    0.0     0.0     0.0     0.0     0.0     0.3     1.5     8.5     5.5     24.3    3.9     6.4
1963    0.0     0.0     0.0     0.0     0.0     1.4     0.0     25.8    21.8    63.1    0.0     0.0
1964    0.0     0.0     0.0     0.0     0.0     4.4     3.8     31.5    87.2    24.6    1.6     0.0
1965    0.0     0.0     0.0     0.0     0.0     1.5     0.0     11.0    60.9    12.1    1.3     0.0
1966    0.0     0.0     0.0     0.0     0.0     14.4    19.2    21.2    38.5    30.1    15.3    0.0
1967    0.0     0.0     0.0     0.0     0.0     1.8     0.0     1.5     95.7    25.8    0.5     0.0
1968    0.0     0.0     0.0     0.0     0.0     13.5    0.0     8.3     14.6    10.2    0.0     0.0
1969    0.0     0.0     0.0     0.0     0.0     0.0     3.5     56.7    32.5    42.4    14.2    0.0
1970    0.0     0.0     0.0     0.0     3.4     0.0     2.4     17.2    10.2    29.6    3.0     0.9
1971    0.0     0.0     0.0     0.0     0.0     0.0     1.8     10.8    73.9    1.7     8.6     0.0
1972    0.0     0.0     0.0     0.0     2.1     6.8     0.0     13.9    11.1    0.0     1.8     0.0
1973    0.0     0.0     0.0     0.0     0.0     0.0     7.3     6.7     19.9    14.0    0.0     0.0
1974    0.0     0.0     0.0     0.0     0.0     1.0     1.7     17.6    45.4    2.6     0.0     0.0
1975    0.0     0.0     0.0     0.0     0.0     2.0     7.9     9.5     42.9    11.2    0.0     2.5
1976    0.0     0.0     0.0     0.0     2.0     0.0     1.1     46.4    25.1    9.6     0.0     0.0
1977    0.0     0.0     0.0     0.0     0.0     0.0     0.0     3.1     19.0    3.2     0.0     0.0
1978    1.7     0.0     0.0     0.0     0.0     0.0     0.5     7.5     46.4    6.9     0.2     0.0
1979    0.0     0.0     0.0     0.0     0.0     0.8     3.7     33.4    53.3    1.6     0.0     0.0
1980    0.0     0.0     0.0     0.0     0.0     0.0     0.0     66.1    51.7    18.6    12.5    0.0
1981    0.0     0.0     0.0     0.0     0.7     1.7     0.3     7.9     76.1    2.9     10.8    0.0
1982    0.0     0.0     0.0     0.0     0.0     5.1     0.0     3.2     21.5    1.6     0.0     0.0
1983    0.0     0.0     0.0     0.0     0.0     0.0     0.0     9.5     7.9     0.0     0.0     0.0
1984    0.0     0.0     0.0     0.0     0.0     0.0     0.0     3.3     30.6    21.3    12.9    16.2
1985    0.0     0.0     0.0     0.0     0.0     0.0     4.9     18.4    33.7    11.6    19.4    0.0
1986    0.0     0.0     0.0     0.0     0.0     5.1     0.0     5.6     21.2    0.0     3.8     0.0
1987    0.0     0.0     0.0     0.0     0.0     0.0     0.0     14.9    16.2    3.3     0.0     0.0
1988    0.0     0.0     0.0     0.0     0.0     0.0     0.0     2.0     72.0    24.0    5.0     0.0
1989    0.0     0.0     0.0     0.0     0.0     0.9     2.5     34.7    90.1    4.0     0.8     1.8
1990    0.0     0.0     0.0     0.0     0.0     0.0     8.1     32.9    25.7    30.1    0.0     0.0
1991    0.0     0.0     0.0     0.0     0.0     0.0     1.3     8.0     18.0    5.9     2.4     0.0
1992    0.0     0.0     0.0     1.1     0.0     0.0     0.0     28.4    38.0    8.7     0.0     0.0
1993    0.0     0.0     0.0     0.0     0.0     0.5     0.0     19.9    18.1    0.0     0.0     0.0
1994    0.0     0.0     0.0     0.0     0.0     0.0     1.6     8.3     2.9     0.0     19.3    0.0
1995    0.0     0.0     0.0     0.0     0.0     3.1     11.1    79.8    86.7    45.1    1.6     0.0
1996    0.0     0.0     0.0     0.0     0.0     0.8     21.3    55.5    57.5    25.0    6.1     0.0
1997    0.0     0.0     0.0     0.0     0.0     0.8     11.2    0.0     26.6    2.2     0.0     0.0
1998    0.0     0.0     0.0     0.0     0.0     0.0     1.9     42.8    88.0    39.5    7.6     1.4
1999    0.0     0.0     0.0     0.0     0.0     3.4     0.0     54.4    78.1    20.8    19.9    0.0
2000    0.0     0.0     0.0     0.0     0.0     0.0     0.0     43.7    52.2    23.3    0.0     0.0
2001    0.0     0.0     0.0     0.0     0.0     1.3     0.0     10.0    51.9    17.1    28.8    1.1
2002    0.0     0.0     0.0     0.0     0.0     0.0     1.5     3.4     46.8    15.7    0.0     0.0
2003    0.0     0.0     0.0     3.2     0.0     1.2     14.0    11.5    111.1   30.5    0.0     4.8
2004    0.0     0.0     0.0     0.0     0.0     0.0     0.0     64.7    155.0   5.2     1.1     0.8
2005    0.0     0.0     0.0     0.0     0.0     2.9     60.4    39.2    68.2    52.4    9.0     13.2
2006    4.8     0.0     0.0     0.0     0.0     2.8     2.9     9.6     59.6    3.6     0.0     0.0
2007    0.0     0.0     0.0     0.0     0.9     0.8     0.5     35.8    29.0    2.6     3.0     1.3
2008    0.0     0.0     0.0     0.0     0.5     0.2     37.6    25.8    61.2    11.2    9.2     0.0
2009    0.0     0.0     0.0     0.0     0.0     0.0     0.0     30.1    11.2    3.2     8.1     0.0
2010    0.0     0.0     0.0     0.0     0.0     5.8     2.3     37.0    88.5    24.6    7.3     0.0
2011    0.0     0.0     0.0     0.0     0.0     1.9     7.2     27.6    54.2    31.7    3.7     0.0
2012    0.0     0.0     0.0     0.0     4.4     6.8     0.0     36.0    56.9    28.5    0.0     0.0
2013    0.0     0.0     0.0     0.0     0.0     2.4     5.1     2.2     16.1    5.4     3.5     1.5
2014    0.0     0.0     0.0     0.0     0.0     0.0     6.9     13.4    16.6    29.8    0.0     0.0
2015    0.0     0.0     0.0     0.0     2.1     1.1     1.1     15.8    12.3    26.6    3.7     0.0
2016    4.2     0.0     0.0     0.0     0.6     2.1     0.0     28.8    27.3    71.3    8.3     0.0
2017    0.0     0.0     0.0     0.8     0.0     2.4     1.4     25.8    174.1   18.8    1.7     0.0
2018    0.0     0.0     0.0     0.0     1.8     0.0     12.2    2.9     72.8    42.9    0.0     0.0
2019    0.0     0.0     0.0     0.0     0.4     0.0     3.5     16.4    93.4    12.6    5.9     0.0
2020    0.0     0.0     0.0     0.0     2.1     4.6     11.0    25.3    62.9    38.7    35.8    0.0
2021    0.0     0.0     0.0     0.0     0.8     2.5     9.9     31.2    74.8    21.9    4.4     0.0
2022    0.0     0.0     0.0     0.0     0.0     1.6     1.3     0.0     76.2    5.4     10.2    0.0
  -99.0
 Atlantic Hurricane Ace/month
 from Phil Klotzbach
 stored Mar 2024
 at NOAA/PSL
 Atlantic Hurricane ACE. Landsea and Franklin (2013): http://journals.ametsoc.org/doi/abs/10.1175/MWR-D-12-00254.1.
 https://psl.noaa.gov/data/timeseries/month/
 units="10^4 kt^2"