  1905 2017
1905     -99.     -99.     -99.     -99.     -99.     -99.     -99.     -99.     -99.  458528.  401644.  226871.
1906  244314.  292534.  678174. 1204640. 3635101. 5014167. 2950460. 1605086. 1503159.  739807.  503006.  353312.
1907  356760.  377349.  789130. 1465838. 2702179. 5967232. 5103491. 1920787.  955414.  608812.  377467.  268130.
1908  276192.  379543.  664762. 1041224. 1595614. 2922360. 1924283. 1117477.  598088.  483627.  395707.  312145.
1909  378989.  317458.  763721. 1120492. 3349297. 7203254. 4109919. 1880422. 1526396.  680646.  489990.  377548.
1910  289322.  493565. 1403871. 1730475. 3298793. 3101705. 1373125.  866631.  630999.  616468.  445769.  345922.
1911  367374.  482597.  902111.  951815. 2924637. 4124342. 2353784. 1016615.  593647. 1138004.  442055.  353041.
1912  346041.  327037.  538143.  902408. 3684152. 6151096. 3206236. 1362372.  631542.  636273.  533066.  305039.
1913  354040.  314036.  523341. 1829662. 3270773. 3144987. 1984477.  874871.  701627.  670352.  538369.  329845.
1914  369539.  401134.  876055. 1593815. 4685651. 6296012. 3116693. 1405438.  783864.  964927.  527355.  334330.
1915  304134.  397336.  525839. 1483872. 2427137. 3642472. 2147795.  853538.  528868.  557983.  411050.  343248.
1916  393996.  424367. 1391402. 1802735. 3736188. 4752149. 2633061. 1931864.  809499. 1402792.  495715.  369117.
1917  260297.  351858.  506892. 1545288. 3763312. 7772051. 4940893. 1618992.  822052.  510346.  448052.  402771.
1918  356293.  373570.  655998.  901047. 2760606. 5393082. 2288860.  968226.  691873.  569909.  496385.  410088.
1919  287188.  316951.  653288. 1414719. 3231443. 2597757. 1537304.  904499.  531938.  377401.  404787.  394092.
1920  406940.  601644.  685472.  983984. 5917499. 6993901. 3165232. 1376497.  620527.  534996.  596367.  404572.
1921  414071.  456635.  943676.  930238. 4180109. 8467231. 2849389. 1972571.  953215.  488368.  417789.  453491.
1922  351437.  438927.  907265. 1185878. 4699578. 5761054. 2159890. 1148518.  657391.  336581.  400845.  399832.
1923  375212.  340452.  449461. 1316359. 3835398. 5077612. 3053686. 1744686. 1013539.  747522.  646295.  423825.
1924  312564.  506890.  508913. 1665561. 3264099. 3780821. 1672022.  720755.  389827.  388361.  392567.  275417.
1925  262125.  403157.  607575. 1382195. 2536635. 2860902. 2086524. 1040652. 1174711. 1020530.  608566.  447131.
1926  359577.  353543.  643799. 1634988. 3546066. 4075706. 1998872.  966236.  459006.  461696.  334893.  379348.
1927  337439.  388832.  605740. 1269471. 4135924. 4064755. 3135304. 1321496. 2116962.  979882.  739253.  444154.
1928  469629.  463036.  754898. 1025978. 4580808. 4271762. 2241461. 1048281.  558717.  625418.  570090.  344257.
1929  331823.  346061.  923749. 1698113. 4276260. 5414639. 2744488. 2389753. 1742400.  964744.  560310.  437244.
1930  298790.  485407.  575245. 1792671. 2168481. 3724824. 1693721. 1891015.  691053.  587559.  423714.  288560.
1931  263662.  366638.  429833.  597640. 1387684. 2042728. 1147598.  671677.  424426.  536284.  353321.  252642.
1932  272930.  557282.  673831. 1676128. 4286246. 4193513. 2684942. 1364498.  693905.  367644.  378380.  272887.
1933  273377.  255953.  501362.  515700. 1604249. 4680018. 1898288.  818373.  563832.  440664.  297779.  333907.
1934  308075.  303394.  349072.  557262. 1480351. 1018245.  721126.  532811.  284828.  212899.  181355.  228772.
1935  254933.  274011.  339574.  685733. 1585305. 4708552. 2255472.  959192.  594224.  387726.  319435.  266192.
1936  264047.  318399.  459898. 1400149. 4032422. 3360120. 1709054. 1262461.  705479.  376632.  443083.  317127.
1937  200331.  414259.  700570. 1559558. 3833664. 2958383. 1923465.  838115.  596566.  505920.  384592.  390633.
1938  325636.  354576.  794138. 1659082. 3599127. 5324845. 2503358. 1027382. 1050775.  618499.  479804.  411097.
1939  348487.  300376.  809304. 1228539. 2865279. 2250281. 1104801.  629627.  671962.  358134.  312958.  284314.
1940  261838.  301174.  439069.  735512. 2442459. 2212811.  984226.  522322.  525462.  731809.  410101.  364873.
1941  355941.  430079.  675567. 1127132. 5323093. 4598652. 2428433. 1190375.  683285. 1813960.  913231.  576929.
1942  404450.  395910.  660985. 2902862. 3500486. 4834784. 2074078.  938573.  412011.  358326.  373655.  369016.
1943  345094.  344573.  533607. 1624861. 2446508. 3294191. 2132619. 1188466.  613563.  386115.  442637.  379167.
1944  284953.  344393.  515043. 1060878. 3622415. 4760167. 2526378.  857685.  332678.  378318.  378988.  307526.
1945  330444.  359434.  430301.  790464. 3150282. 3358331. 2468347. 1465735.  494543.  538329.  434400.  319918.
1946  348056.  313504.  506085. 1141099. 1970811. 2755500. 1432801.  852859.  449366.  430011.  472765.  422598.
1947  265000.  353367.  656705.  844051. 3600478. 3790869. 2726585. 1575216.  778634.  830410.  577524.  440646.
1948  375948.  432004.  624879. 1728270. 4032836. 3915190. 1662639.  887163.  372680.  361999.  399745.  345940.
1949  326825.  350930.  692323. 1377417. 3474042. 5116808. 2809867.  985996.  420280.  539732.  475823.  363538.
1950  346883.  394728.  631678. 1270496. 2239296. 3782182. 2027117.  817607.  428841.  423062.  355831.  422695.
1951  307758.  356588.  416528.  564533. 2034805. 3694508. 2205007. 1172271.  532247.  430044.  451352.  340253.
1952  490658.  385654.  435309. 2329319. 5569121. 6201051. 2317967. 1255129.  694186.  376061.  376582.  374385.
1953  402474.  365207.  458845.  554827. 1285021. 3910327. 1662389. 1032517.  405366.  318406.  427066.  342974.
1954  317925.  341586.  388722.  666898. 1753441. 1396009. 1255884.  664718.  494512.  570813.  355936.  289658.
1955  254680.  252729.  590617.  697977. 1950795. 2332135. 1220313.  920244.  359573.  225234.  274490.  335121.
1956  379784.  279980.  513692.  993694. 2814517. 3534913. 1151798.  703754.  298120.  193813.  304643.  258166.
1957  295275.  331116.  508805.  868604. 2805792. 6669099. 4906010. 2007877. 1010603.  756358.  838468.  502956.
1958  392045.  536727.  688965. 1599996. 4597690. 4562509. 1308184.  677219.  438820.  333453.  358554.  368349.
1959  306407.  313512.  350118.  463516. 1380376. 2826173. 1448923.  766845.  316311.  557316.  517710.  350962.
1960  289809.  314720.  749816. 1720737. 1977890. 3222979. 1361812.  582813.  328283.  361418.  348931.  264952.
1961  244498.  318919.  368225.  637529. 1642974. 2528584.  956734.  718990.  856024.  819598.  547420.  370764.
1962  334494.  774737.  545028. 2532520. 4119768. 3849168. 2550866.  912852.  412135.  555007.  448064.  342970.
1963  201557.  370712.  575260.  763590. 1808387. 1839152.  911665.  683519.  669169.  298163.  320322.  227585.
1964  228419.  237709.  304453.  625131. 2339107. 2879083. 1694287.  872763.  328428.  251758.  289023.  326909.
1965  348183.  358076.  409947. 1340340. 3304458. 5540882. 3804207. 1593732.  866156.  858756.  561492.  536466.
1966  398867.  371156.  933426. 1234216. 2412775. 1862712. 1034712.  576416.  358769.  326107.  342157.  374038.
1967  273505.  323276.  568909.  578857. 1770183. 3868328. 2097389.  854715.  409527.  259954.  330727.  234853.
1968  316884.  384459.  518730.  605856. 2123290. 4929849. 1734024. 1453636.  415025.  440545.  396908.  309405.
1969  405737.  369100.  556679. 1903075. 3740992. 2907353. 2034887.  883277.  595518.  694654.  526354.  387905.
1970  368849.  356782.  432545.  565486. 3564437. 4063989. 2040393.  913384. 1126116.  629619.  495124.  391774.
1971  433513.  457823.  608728. 1356767. 2484636. 4371870. 2087946.  926457.  623115.  651011.  528766.  454617.
1972  448788.  445815.  816009.  828047. 1981721. 3760649. 1211075.  706752.  565150. 1260321.  641607.  450466.
1973  423685.  491124.  890799. 1438117. 4576234. 4846986. 2680970.  952839.  617634.  400019.  457912.  381382.
1974  393185.  360612.  777254.  957546. 3351473. 3264349. 1518772.  733546.  369296.  407773.  484722.  302342.
1975  342075.  359698.  624008.  889610. 2780992. 4978618. 3857109. 1005395.  531444.  379963.  400202.  385619.
1976  331588.  470742.  551702.  869300. 2511757. 2770235. 1290616.  742669.  495413.  413053.  346140.  249569.
1977  288845.  300364.  269032.  374750.  616110.  947806.  656971.  589996.  383831.  313183.  326381.  313344.
1978  368326.  315558.  647797. 1295785. 2765971. 4925050. 2430750.  787002.  403669.  337811.  484111.  396350.
1979  378731.  400176.  819969. 1858396. 4008429. 5024064. 2479530. 1032190.  390028.  324668.  383942.  341836.
1980  454814.  621549.  655948. 1533258. 4411450. 5201915. 2031055.  666240.  685475.  352607.  413916.  414663.
1981  332319.  321303.  403287.  680819. 1246754. 2314271. 1090590.  501558.  575884.  672460.  434631.  352948.
1982  295310.  394974.  687185. 1064939. 3212503. 4241781. 2770305. 1570519. 1020876.  887132.  635938.  548467.
1983  419548.  485317.  985549. 1268766. 3827844. 7541216. 4410778. 1941233.  765990.  844606.  571189.  541439.
1984  290676.  458023.  787162. 1582902. 6583376. 6435157. 3385627. 1823642.  888826.  906691.  663264.  556611.
1985  480705.  451725. 1203146. 3105867. 5312587. 4681621. 2060834.  975215.  641811.  879834.  638565.  568198.
1986  416639.  681240. 1063970. 2388121. 4287470. 6102713. 3145863. 1231615.  901055. 1162233.  927027.  607306.
1987  404773.  645717. 1017625. 2158745. 3702780. 3034077. 1343147.  981470.  569800.  494457.  609124.  327095.
1988  307887.  451748.  732760. 1225313. 2199417. 2748582. 1277147.  787062.  477630.  409131.  283366.  260944.
1989  222083.  360831.  872997. 1291521. 1778584. 1900009. 1066505.  739470.  344129.  304892.  326339.  245370.
1990  266122.  267972.  428196.  694214. 1309652. 2633045. 1322104.  643630.  523536.  576699.  429723.  244321.
1991  308189.  387148.  535324.  945975. 2361799. 3428823. 1432997.  907253.  768201.  325122.  549575.  356929.
1992  307262.  466122.  678690. 1246016. 2497785. 2062162. 1226543.  816360.  544911.  367887.  426490.  286001.
1993  537159.  492885. 1002048. 1560017. 4904073. 5077555. 2289723. 1088321.  649655.  538151.  412652.  347165.
1994  375163.  355853.  708445.  927765. 2495467. 2418105.  917464.  607103.  483125.  496877.  396092.  374476.
1995  332822.  435724.  932703.  862832. 2642354. 6422751. 4852632. 1546501.  563335.  537651.  464974.  380144.
1996  365856.  483713.  523381. 1218499. 3562189. 3603751. 1810436.  636453.  466083.  498274.  605830.  443538.
1997  458925.  385123. 1173452. 1700892. 4911190. 6051008. 2176510. 1463219. 1316685.  957040.  636013.  454381.
1998  493365.  441150.  828491. 1518917. 3878484. 3568589. 2377057. 1128181.  686902.  681440.  711796.  390381.
1999  466549.  442103.  664609.  914527. 2833326. 4483228. 2338624. 1612008.  913302.  460266.  385793.  357783.
2000  401044.  416701.  554737. 1213675. 2690228. 2185674.  944248.  503049.  428105.  450521.  395646.  350280.
2001  317107.  336063.  655612. 1000852. 3039642. 2233662. 1033651.  781198.  431219.  279305.  334165.  281321.
2002  278104.  255261.  382879.  623556.  819910. 1056135.  646998.  388039.  523486.  347788.  412507.  285890.
2003  280313.  267557.  519549.  713210. 2267104. 2913716. 1175393.  594706.  674207.  380644.  414571.  335558.
2004  288258.  317030.  760099. 1129639. 2039278. 1783703. 1039535.  484520.  471655.  621933.  570151.  421046.
2005  664047.  558718.  714482. 1773872. 4162443. 4340300. 1935650.  855759.  492798.  737770.  507145.  378097.
2006  396846.  329381.  540433. 1537460. 3236147. 2500058. 1148532.  778003.  537796. 1563307.  578096.  401877.
2007  336776.  455287. 1012740. 1191051. 2547492. 2129562. 1054421.  816445.  478067.  570652.  414005.  409944.
2008  366643.  475282.  742476. 1366520. 3584777. 4807009. 2222805.  868207.  483852.  437092.  430053.  333792.
2009  384648.  385922.  565055. 1224375. 4161444. 3469178. 1857938.  641402.  413135.  373993.  400256.  255798.
2010  368235.  368110.  625184. 1329650. 2176476. 3755955. 1253398.  952266.  471063.  553768.  401141.  462317.
2011  310300.  315645.  641391. 1249372. 3079503. 6692850. 4487378. 1289725.  706980.  633754.  526635.  360693.
2012  381335.  384156.  733441. 1222084. 1361768. 1078277.  742466.  634145.  374353.  343757.  313908.  224977.
2013  214558.  289611.  359154.  546359. 1965860. 1965036.  866221.  726630. 1147389.  647380.  522376.  337509.
2014  309753.  374205.  562789. 1269040. 2932211. 3933470. 1527013.  898802.  788190.  881291.  466666.  423841.
2015  408885.  526361.  704024.  852180. 2116574. 4266392. 1650872.  669410.  477162.  626882.  442893.  317262.
2016  359890.  447960.  681379. 1107182. 2989020. 3954977. 1394344.  647331.  511572.  563386.  428837.  344264.
2017  414828.  601676. 1313269. 1916965. 2206554. 4482383. 1866046.  930417.  405868.  570923.  426523.  326319.
 -99
 units: ft per month
 Upper Colorado Natural Flow (at Lees' Ferry)
 from USBR
 https://www.usbr.gov/lc/region/g4000/NaturalFlow/index.html
 downloaded and reformatted 8/23/2018 by NOAA/ESRL/PSL
 Provisional. the data is subject to change over the ENTIRE record.
 To cite: Accessed at the PSL webpage
    https://psl.noaa.gov/gcos_wgsp/Timeseries/Data/LeesFerryNatlFlow.mon.data on YYYY/MM/DD.
