  1796 2005
 1796  1011.5 1011.9 1009.6 1006.9 1003.7 1003.4 1003.8 1004.4 1005.8 1007.0 1008.5 1010.4
 1797  1012.0 1010.6 1007.8 1004.8 1001.3 1002.0 1002.0 1002.8 1005.3 1005.7 1009.9 1011.3
 1798  1012.5 1009.3 1009.2 1005.7 1002.4 1003.2 1003.4 1005.4 1005.3 1005.4 1010.6 1013.1
 1799  1011.1 1011.1 1008.9 1007.9 1002.9 1003.4 1002.9 1004.4 1006.0 1009.5 1011.0 1011.6
 1800  1011.9 1011.2 1008.9 1005.6 1002.5 1002.9 1003.8 1004.5 1006.7 1007.3 1009.3 1010.0
 1801  1011.0 1010.1 1007.7 1005.3 1001.9 1002.6 1003.1 1003.8 1004.6 1006.3 1008.7 1011.1
 1802  1010.7 1010.2 1008.1 1004.5 1003.2 1003.3 1003.1 1005.6 1006.0 1008.2 1009.3 1009.1
 1803  1011.7 1010.2 1009.6 1007.0 1004.1 1003.9 1004.4 1005.9 1005.4 1010.7 1011.1 1012.6
 1804  1012.4 1011.6 1009.0 1007.0 1000.9 1003.9 1003.9 1005.7 1006.0 1008.3 1010.9 1013.9
 1805  1012.6 1011.1 1008.9 1007.0 1002.8 1003.0 1004.4 1005.1 1006.0 1007.9 1010.1 1013.2
 1806  1012.6 1010.4 1008.5 1005.9 1003.1 1004.1 1003.1 1004.0 1005.1 1007.2 1007.2 1010.1
 1807  1010.6 1009.5 1007.6 1005.3 1002.1 1002.8 1003.1 1004.2 1005.1 1006.7 1009.3 1011.8
 1808  1011.3 1010.3 1008.4 1006.0 1002.7 1003.5 1003.9 1004.9 1006.0 1007.3 1009.8 1012.2
 1809  1011.5 1010.3 1008.4 1005.8 1002.7 1003.2 1003.6 1004.5 1005.1 1007.0 1009.5 1011.6
 1810  1011.0 1009.9 1008.0 1005.6 1002.6 1003.0 1003.4 1004.4 1005.2 1006.9 1009.5 1011.7
 1811  1011.1 1010.0 1008.1 1005.7 1002.8 1003.2 1003.5 1004.5 1005.2 1007.1 1009.6 1011.4
 1812  1011.0 1010.0 1008.0 1005.7 1002.8 1003.1 1003.4 1004.4 1005.0 1007.0 1009.5 1011.1
 1813  1010.0 1008.9 1007.5 1004.5 1001.9 1003.4 1003.9 1004.9 1005.8 1006.4 1009.5 1013.8
 1814  1012.5 1011.3 1010.2 1006.4 1005.0 1003.8 1004.1 1004.3 1006.0 1006.6 1010.3 1011.4
 1815  1012.5 1009.6 1008.0 1005.3 1003.3 1003.9 1002.9 1005.3 1005.1 1007.6 1009.8 1011.3
 1816  1013.0 1011.9 1008.8 1006.0 1005.6 1002.3 1003.2 1003.4 1004.5 1008.7 1009.0 1011.6
 1817  1013.0 1011.6 1008.6 1007.7 1004.6 1004.2 1004.1 1004.1 1004.5 1007.2 1007.9 1011.8
 1818  1011.0 1010.3 1008.8 1008.3 1002.9 1002.2 1003.6 1001.5 1004.1 1006.4 1008.8 1010.9
 1819  1010.2 1011.1 1007.2 1005.6 1001.6 1003.3 1001.9 1003.5 1004.5 1005.4 1007.3 1011.7
 1820  1008.7 1009.0 1008.1 1006.1 1003.2 1004.3 1005.9 1005.6 1006.0 1008.6 1011.9 1010.4
 1821  1010.4 1012.0 1009.5 1009.2 1004.0 1005.3 1005.1 1005.6 1005.8 1009.8 1011.8 1014.0
 1822  1012.1 1011.5 1009.4 1008.4 1002.4 1003.9 1003.4 1004.4 1004.8 1006.7 1009.8 1011.6
 1823  1012.5 1012.1 1009.2 1006.3 1003.2 1002.7 1003.2 1004.6 1005.1 1008.4 1011.6 1013.0
 1824  1013.3 1010.9 1010.5 1007.5 1003.1 1002.0 1004.2 1005.2 1006.7 1008.3 1009.9 1014.6
 1825  1013.4 1011.4 1010.1 1007.6 1004.4 1003.4 1004.3 1004.9 1006.6 1007.8 1008.9 1012.2
 1826  1012.0 1009.3 1008.7 1004.3 1003.0 1003.4 1003.5 1004.1 1005.6 1008.1 1010.0 1012.6
 1827  1011.4 1013.1 1010.2 1007.4 1003.3 1001.9 1003.3 1004.5 1005.2 1007.3 1011.0 1012.9
 1828  1011.6 1010.6 1008.4 1006.2 1003.8 1002.0 1002.9 1003.4 1005.3 1006.7 1009.7 1012.8
 1829  1010.9 1010.7 1010.0 1005.4 1001.8 1002.2 1003.6 1004.5 1005.2 1006.4 1010.8 1013.5
 1830  1014.5 1011.9 1008.9 1007.4 1004.0 1002.6 1003.5 1004.5 1004.1 1005.2 1010.0 1013.4
 1831  1014.4 1010.2 1009.8 1004.7 1000.5 1000.4  999.3 1002.3 1002.6 1003.6 1007.8 1011.1
 1832  1013.0 1010.2 1007.9 1005.3 1001.6 1000.0 1000.8 1003.1 1004.7 1007.4 1012.3 1013.2
 1833  1014.2 1010.4 1008.9 1006.3 1002.5 1002.7 1002.6 1004.7 1003.7 1007.5 1011.7 1010.6
 1834  1011.5 1010.4 1009.0 1007.1 1003.5 1002.1 1003.1 1004.2 1004.7 1005.5 1011.4 1012.2
 1835  1011.7 1011.3 1008.7 1008.5 1002.9 1003.4 1005.1 1005.4 1005.1 1007.2 1012.4 1014.4
 1836  1014.8 1013.2 1011.9 1009.3 1004.6 1003.2 1004.7 1004.4 1005.3 1007.2 1010.1 1011.3
 1837  1013.2 1012.1 1009.3 1005.3 1005.1 1003.4 1003.7 1004.6 1006.5 1006.4 1007.8 1011.9
 1838  1013.8 1012.5 1010.8 1007.1 1005.0 1002.3 1003.5 1003.0 1004.4 1008.0 1009.5 1011.7
 1839  1012.4 1011.5 1010.1 1006.8 1002.6 1001.6 1002.9 1003.8 1005.4 1006.2 1009.4 1012.2
 1840  1014.4 1012.3 1011.1 1005.2 1002.1 1000.4 1002.0 1002.9 1003.4 1006.2 1008.0 1011.7
 1841  1011.7 1012.6 1008.7 1007.7 1003.5 1002.3 1002.7 1005.6 1004.3 1007.2 1008.5 1009.0
 1842  1012.2 1011.8 1008.4 1006.5 1003.4 1001.7 1002.9 1004.2 1005.5 1007.8 1010.5 1011.3
 1843  1012.8 1012.1 1008.9 1008.6 1002.8 1003.3 1003.3 1005.3 1005.9 1007.4 1010.2 1011.0
 1844  1011.9 1011.2 1009.0 1005.6 1002.0 1001.0 1002.8 1003.0 1005.2 1007.6 1010.9 1009.5
 1845  1012.6 1010.9 1009.7 1005.9 1002.3 1002.0 1002.8 1003.3 1006.2 1007.0 1011.6 1010.9
 1846  1014.3 1012.2 1009.3 1006.6 1004.0 1002.7 1003.1 1003.7 1004.5 1005.6 1009.9 1010.9
 1847  1011.2 1010.2 1009.7 1006.3 1003.0 1001.6 1002.1 1003.3 1003.5 1007.0 1009.9 1009.5
 1848  1011.9 1011.6 1008.0 1005.3 1003.0 1001.6 1002.8 1003.0 1004.5 1005.9 1009.2 1010.9
 1849  1011.2 1009.9 1008.3 1004.3 1001.0 1001.6 1002.1 1003.3 1003.1 1006.6 1009.5 1009.9
 1850  1009.2 1011.2 1009.7 1006.6 1003.7 1001.0 1002.1 1004.0 1004.5 1005.9 1008.5 1011.9
 1851  1012.6 1010.9 1009.3 1005.9 1002.7 1001.6 1001.4 1003.3 1004.5 1006.6 1007.5 1011.9
 1852  1011.6 1010.9 1008.0 1006.6 1003.3 1002.3 1002.8 1004.0 1004.2 1008.0 1009.9 1010.9
 1853  1011.6 1010.5 1009.0 1006.3 1004.0 1001.3 1003.1 1003.3 1004.5 1007.6 1009.2 1012.6
 1854  1012.6 1010.5 1009.7 1004.9 1004.0 1002.3 1001.7 1003.7 1003.5 1006.6 1010.5 1011.6
 1855  1011.6 1012.2 1009.3 1006.6 1003.3 1002.3 1003.1 1003.7 1005.8 1007.3 1011.6 1012.2
 1856  1014.3 1011.6 1008.7 1005.9 1003.0 1002.0 1001.7 1003.7 1005.2 1006.6 1009.5 1011.2
 1857  1012.2 1009.9 1008.7 1006.3 1002.7 1002.3 1002.4 1004.0 1005.8 1007.0 1010.2 1012.9
 1858  1011.9 1011.9 1009.0 1006.6 1002.3 1002.7 1003.1 1004.0 1005.2 1006.6 1010.9 1012.6
 1859  1011.9 1011.9 1009.3 1007.0 1004.0 1003.0 1002.4 1004.0 1005.5 1007.6 1008.5 1011.6
 1860  1012.2 1009.9 1008.0 1005.9 1002.0 1001.3 1002.1 1004.0 1003.5 1006.6 1009.9 1011.2
 1861  1010.9 1010.5 1008.7 1004.9 1001.0 1002.3 1002.4 1003.3 1004.2 1007.0 1008.2 1011.6
 1862  1011.2 1010.5 1009.3 1006.6 1004.4 1001.6 1001.7 1003.3 1003.5 1005.3 1009.2 1008.9
 1863  1012.6 1010.2 1008.3 1004.9 1002.3 1001.6 1002.1 1003.3 1003.1 1005.6 1011.9 1012.2
 1864  1011.6 1010.9 1010.3 1007.0 1005.7 1002.3 1003.1 1004.7 1005.8 1008.3 1011.2 1012.6
 1865  1013.9 1011.6 1010.7 1007.0 1003.3 1002.3 1003.4 1003.7 1004.8 1008.3 1009.2 1009.9
 1866  1012.9 1009.9 1008.7 1006.6 1002.0 1002.0 1002.4 1003.7 1004.5 1006.3 1010.5 1012.2
 1867  1012.6 1010.9 1010.0 1007.3 1002.3 1001.6 1002.8 1003.0 1003.5 1007.0 1011.9 1012.9
 1868  1011.6 1010.5 1009.0 1005.9 1004.7 1002.7 1003.1 1003.7 1004.5 1007.6 1009.9 1012.2
 1869  1012.6 1010.5 1008.3 1005.9 1002.3 1000.3 1001.7 1003.0 1003.8 1005.6 1009.2 1009.9
 1870  1011.9 1009.2 1008.0 1004.9 1001.0 1001.6 1002.1 1003.3 1004.2 1005.6 1009.9 1011.9
 1871  1010.9 1009.9 1009.0 1006.6 1003.7 1001.3 1002.8 1003.7 1003.8 1006.6 1009.2 1011.9
 1872  1011.6 1010.5 1009.0 1006.3 1002.3 1001.6 1002.8 1002.7 1004.2 1005.6 1008.5 1009.9
 1873  1011.2 1010.5 1009.3 1005.3 1004.0 1001.0 1002.4 1003.7 1004.8 1005.9 1010.9 1011.2
 1874  1012.9 1010.9 1008.0 1007.0 1001.6 1002.3 1002.4 1003.7 1003.1 1004.9 1009.9 1011.6
 1875  1010.2 1010.9 1008.3 1004.9 1003.0 1002.0 1002.4 1003.7 1004.5 1006.3 1010.9 1011.6
 1876  1011.2 1010.9 1008.0 1004.3 1002.0 1002.0 1001.7 1003.3 1004.8 1007.6 1009.9 1012.6
 1877  1013.3 1011.6 1010.3 1008.3 1004.7 1004.0 1004.5 1004.7 1006.5 1009.3 1011.2 1011.6
 1878  1012.6 1012.6 1011.0 1008.0 1005.0 1002.0 1003.4 1003.7 1003.8 1005.3 1007.5 1008.5
 1879  1011.6 1010.9 1008.7 1005.3 1001.6 1002.3 1002.4 1003.3 1004.2 1006.6 1008.9 1009.9
 1880  1010.9 1010.9 1009.4 1005.7 1002.4 1001.7 1002.8 1003.7 1004.9 1007.7 1010.3 1013.0
 1881  1012.8 1012.5 1009.6 1006.5 1002.6 1001.5 1003.0 1003.2 1004.4 1006.5 1007.7 1010.1
 1882  1012.8 1010.4 1009.2 1005.5 1002.9 1001.5 1002.0 1003.2 1003.7 1005.2 1007.4 1010.8
 1883  1011.5 1010.4 1008.6 1005.5 1001.9 1001.5 1002.3 1002.2 1004.7 1007.6 1008.5 1011.8
 1884  1012.9 1011.5 1008.3 1007.2 1002.9 1002.6 1002.4 1002.9 1004.4 1007.9 1009.1 1011.8
 1885  1013.5 1009.5 1009.6 1006.6 1005.0 1001.9 1002.7 1002.9 1004.8 1007.6 1009.1 1010.7
 1886  1011.8 1011.8 1009.2 1006.8 1003.2 1002.2 1002.6 1003.2 1004.4 1005.8 1008.7 1011.4
 1887  1010.1 1011.4 1007.8 1006.5 1000.8 1002.2 1003.0 1003.9 1004.4 1007.2 1009.7 1010.7
 1888  1013.1 1012.1 1009.5 1006.1 1003.5 1002.2 1003.6 1004.2 1005.4 1008.2 1006.7 1009.7
 1889  1013.1 1012.1 1010.9 1006.5 1004.2 1001.8 1001.6 1003.2 1004.0 1005.5 1007.7 1010.4
 1890  1010.1 1011.1 1007.2 1006.1 1001.8 1001.8 1003.3 1004.2 1004.0 1006.5 1010.4 1011.8
 1891  1012.1 1011.1 1008.9 1007.5 1003.5 1001.8 1003.0 1004.6 1005.4 1008.2 1009.1 1011.8
 1892  1012.4 1009.4 1006.5 1004.8 1002.5 1001.8 1001.6 1002.9 1004.0 1005.8 1009.4 1012.8
 1893  1010.7 1011.1 1009.2 1005.8 1002.9 1002.5 1002.3 1003.9 1004.7 1006.5 1009.7 1012.1
 1894  1011.4 1011.4 1008.2 1005.5 1002.9 1001.5 1002.6 1002.2 1003.7 1006.1 1010.7 1011.8
 1895  1009.7 1011.8 1008.5 1006.5 1003.5 1002.2 1003.3 1005.9 1004.4 1007.2 1011.1 1011.1
 1896  1012.4 1011.4 1008.5 1005.8 1003.5 1001.8 1003.0 1004.6 1005.4 1009.2 1009.1 1012.1
 1897  1012.1 1009.7 1008.2 1007.5 1003.2 1001.5 1002.6 1002.9 1004.7 1006.5 1009.1 1011.1
 1898  1012.8 1009.1 1008.9 1005.8 1002.9 1001.8 1001.6 1004.2 1004.7 1006.5 1008.0 1011.1
 1899  1012.1 1010.1 1008.9 1006.5 1002.9 1002.2 1003.6 1003.2 1005.7 1007.5 1011.4 1012.8
 1900  1012.1 1011.1 1009.5 1006.8 1005.2 1001.8 1002.6 1003.8 1005.3 1007.8 1010.0 1012.4
 1901  1012.1 1011.0 1010.5 1006.4 1003.8 1002.8 1002.2 1003.5 1005.3 1006.4 1008.7 1012.4
 1902  1012.1 1011.1 1008.5 1006.8 1003.5 1003.2 1002.6 1003.2 1005.0 1009.5 1010.7 1011.0
 1903  1012.7 1012.7 1008.5 1007.1 1004.5 1001.8 1001.6 1003.5 1004.3 1005.4 1009.0 1010.7
 1904  1012.4 1011.4 1008.8 1005.4 1003.5 1002.5 1002.6 1004.2 1005.7 1007.5 1011.7 1013.1
 1905  1013.1 1011.7 1009.2 1007.8 1003.8 1002.5 1003.3 1004.2 1004.3 1007.1 1011.7 1012.1
 1906  1011.7 1009.7 1010.5 1006.4 1003.2 1002.5 1001.9 1004.2 1004.3 1007.5 1011.0 1010.0
 1907  1011.7 1011.0 1009.2 1007.1 1003.8 1001.8 1002.2 1004.2 1005.3 1007.1 1008.7 1010.7
 1908  1010.4 1010.0 1009.8 1005.4 1003.5 1002.1 1003.6 1003.5 1004.3 1006.8 1007.0 1012.1
 1909  1011.0 1010.7 1008.8 1006.4 1002.8 1002.1 1003.3 1004.2 1004.0 1006.8 1009.4 1011.0
 1910  1010.7 1009.4 1008.1 1005.8 1004.2 1001.5 1002.9 1002.8 1003.0 1006.4 1009.0 1012.4
 1911  1011.4 1012.7 1008.8 1005.8 1003.2 1002.5 1003.3 1003.8 1004.7 1008.1 1010.4 1011.0
 1912  1013.8 1010.7 1009.2 1008.5 1003.8 1001.8 1001.9 1003.2 1004.7 1007.1 1009.7 1012.7
 1913  1013.1 1011.0 1008.1 1005.8 1003.5 1001.5 1002.6 1003.8 1005.0 1007.8 1010.7 1012.4
 1914  1014.8 1012.1 1009.8 1008.5 1003.8 1002.5 1001.6 1003.8 1005.3 1009.5 1009.4 1011.0
 1915  1013.1 1011.0 1011.2 1007.8 1002.8 1001.5 1002.9 1003.5 1004.0 1005.4 1007.7 1012.1
 1916  1013.4 1009.7 1008.8 1006.4 1003.5 1000.4 1002.2 1003.8 1002.6 1004.8 1008.3 1010.7
 1917  1012.7 1010.4 1008.5 1005.8 1005.2 1001.8 1001.9 1003.2 1003.6 1005.1 1008.0 1009.4
 1918  1010.4 1012.7 1009.5 1006.8 1002.1 1002.8 1003.6 1003.8 1006.0 1008.5 1008.3 1011.7
 1919  1012.4 1012.1 1010.5 1006.8 1003.8 1001.5 1002.6 1004.2 1005.7 1007.5 1007.7 1010.7
 1920  1011.7 1011.4 1008.5 1006.8 1003.5 1001.8 1002.9 1004.5 1004.3 1007.1 1008.3 1011.4
 1921  1011.4 1010.4 1007.8 1006.8 1001.1 1000.8 1002.2 1003.8 1005.0 1007.8 1012.1 1012.1
 1922  1011.7 1010.7 1008.8 1006.1 1003.5 1001.8 1002.6 1002.8 1003.6 1008.1 1008.3 1012.1
 1923  1012.1 1010.0 1010.5 1004.8 1003.2 1001.1 1002.2 1003.8 1004.0 1007.8 1009.4 1011.4
 1924  1013.4 1010.4 1009.5 1005.4 1003.5 1002.1 1001.9 1002.8 1004.7 1007.1 1007.7 1012.7
 1925  1010.0 1010.7 1008.1 1006.4 1003.5 1002.1 1003.9 1002.8 1006.3 1007.8 1010.0 1012.7
 1926  1012.7 1012.1 1010.5 1008.1 1004.5 1001.8 1002.6 1003.8 1004.3 1006.1 1010.0 1010.7
 1927  1011.4 1011.0 1007.5 1005.4 1003.5 1002.1 1002.6 1004.2 1004.6 1008.4 1010.0 1012.7
 1928  1012.7 1011.7 1009.1 1005.7 1003.5 1000.7 1002.9 1004.1 1004.3 1006.4 1010.7 1010.7
 1929  1010.7 1010.0 1009.1 1007.4 1003.5 1001.8 1002.2 1003.8 1005.0 1007.4 1009.3 1010.7
 1930  1012.0 1012.0 1008.4 1006.7 1003.8 1002.4 1003.2 1003.8 1005.0 1007.8 1009.5 1012.2
 1931  1012.6 1011.9 1010.3 1006.9 1003.7 1002.0 1003.8 1002.6 1004.5 1006.9 1010.5 1010.9
 1932  1014.9 1011.2 1009.7 1007.3 1003.4 1002.3 1001.8 1004.4 1004.2 1006.6 1008.2 1012.3
 1933  1012.3 1010.6 1009.0 1007.3 1004.4 1002.7 1002.8 1004.4 1004.5 1006.0 1009.6 1010.2
 1934  1010.2 1010.6 1008.0 1006.0 1004.0 1002.3 1002.1 1004.0 1004.5 1007.0 1010.2 1012.6
 1935  1012.6 1010.6 1008.7 1006.0 1002.0 1001.3 1002.1 1004.0 1004.2 1006.3 1010.6 1011.6
 1936  1011.6 1010.2 1009.4 1005.6 1002.0 1003.0 1002.4 1003.4 1004.5 1007.7 1010.2 1010.6
 1937  1011.9 1010.6 1008.0 1006.0 1003.0 1001.3 1002.1 1003.4 1005.5 1007.7 1008.5 1010.9
 1938  1012.3 1010.2 1007.0 1006.3 1001.3 1002.0 1002.4 1003.0 1003.5 1006.6 1009.9 1011.2
 1939  1012.3 1011.6 1008.3 1006.0 1002.0 1002.3 1003.1 1002.7 1005.5 1006.6 1008.2 1013.6
 1940  1013.3 1012.3 1008.3 1008.7 1002.3 1002.3 1003.8 1004.0 1006.2 1009.0 1008.5 1012.6
 1941  1012.8 1012.9 1009.9 1007.3 1003.5 1003.3 1004.4 1003.4 1005.3 1008.3 1008.4 1010.4
 1942  1013.0 1011.9 1008.9 1007.6 1003.6 1001.5 1003.2 1003.4 1005.5 1007.1 1010.0 1010.6
 1943  1012.0 1011.1 1008.3 1007.8 1002.8 1002.5 1003.3 1004.1 1004.5 1007.2 1009.2 1013.6
 1944  1013.0 1011.6 1009.6 1008.1 1003.6 1002.5 1003.3 1004.8 1004.9 1006.7 1007.9 1010.4
 1945  1011.0 1008.6 1010.0 1006.6 1003.6 1002.2 1002.8 1003.1 1004.9 1007.7 1010.2 1011.0
 1946  1012.9 1011.6 1008.8 1007.6 1003.8 1002.3 1003.2 1003.2 1005.6 1007.1 1008.7 1009.3
 1947  1011.0 1010.8 1009.1 1005.3 1004.6 1002.0 1002.8 1003.0 1004.5 1008.2 1011.6 1010.8
 1948  1012.0 1011.3 1009.3 1006.9 1002.7 1001.7 1002.1 1002.7 1004.4 1008.4 1009.8 1011.6
 1949  1013.2 1011.1 1009.6 1006.6 1003.4 1002.5 1003.0 1003.6 1003.7 1006.1 1010.8 1011.6
 1950  1011.9 1010.5 1009.3 1005.9 1002.5 1000.9 1002.4 1003.5 1004.5 1006.3 1008.6 1012.1
 1951  1012.1 1010.5 1009.4 1007.2 1005.3 1001.5 1003.1 1004.7 1005.3 1006.7 1009.4 1011.9
 1952  1013.1 1010.5 1008.5 1007.8 1002.8 1002.9 1003.0 1003.4 1005.4 1006.1 1009.6 1013.5
 1953  1012.6 1013.1 1009.0 1007.3 1003.8 1001.7 1003.3 1004.4 1004.9 1007.4 1010.7 1012.9
 1954  1010.8 1011.0 1009.7 1006.2 1001.8 1001.4 1002.6 1002.5 1003.9 1007.1 1012.2 1010.0
 1955  1013.9 1009.4 1008.9 1006.7 1002.0 1001.5 1003.8 1003.3 1004.7 1006.3 1008.5 1012.3
 1956  1011.1 1010.7 1009.3 1005.2 1001.0 1002.6 1003.5 1003.9 1004.0 1006.2 1010.6 1013.1
 1957  1012.2 1011.4 1010.5 1008.4 1005.0 1002.5 1003.6 1003.8 1005.5 1008.6 1011.9 1011.8
 1958  1013.9 1011.4 1010.1 1008.1 1003.9 1002.0 1002.8 1003.2 1004.9 1006.1 1009.1 1013.1
 1959  1012.9 1011.3 1010.2 1007.2 1003.6 1002.6 1002.9 1003.0 1003.7 1006.7 1010.1 1012.2
 1960  1012.6 1011.7 1009.4 1007.2 1003.0 1002.4 1003.1 1003.4 1003.6 1007.7 1009.8 1012.2
 1961  1012.0 1009.0 1008.8 1005.8 1002.9 1002.9 1002.0 1002.9 1004.7 1006.8 1011.0 1011.0
 1962  1011.0 1011.0 1008.8 1006.8 1002.9 1001.9 1002.0 1003.9 1003.7 1005.8 1011.0 1012.1
 1963  1011.1 1012.1 1009.1 1007.0 1003.0 1003.0 1002.6 1003.2 1005.1 1007.5 1011.4 1012.2
 1964  1013.0 1011.0 1009.6 1005.8 1002.3 1001.6 1002.8 1003.1 1003.2 1006.0 1008.6 1012.3
 1965  1013.0 1010.2 1009.7 1007.1 1002.7 1003.3 1003.9 1004.2 1004.7 1007.8 1011.1 1010.2
 1966  1012.5 1011.0 1007.8 1006.0 1002.9 1003.3 1001.9 1003.1 1005.2 1008.0 1007.8 1009.9
 1967  1011.2 1010.8 1009.2 1006.9 1002.7 1001.8 1002.0 1003.4 1004.9 1008.2 1011.6 1011.9
 1968  1011.7 1011.6 1008.3 1007.2 1003.5 1002.1 1002.6 1003.8 1004.5 1007.5 1011.4 1011.6
 1969  1011.2 1011.1 1009.2 1007.0 1002.5 1002.1 1003.0 1004.7 1004.1 1007.2 1009.6 1011.8
 1970  1012.6 1011.6 1008.2 1007.2 1002.1 1001.7 1003.4 1002.5 1003.3 1005.9 1009.0 1011.9
 1971  1011.0 1009.4 1009.6 1006.0 1002.7 1002.5 1002.3 1002.8 1003.9 1006.8 1012.0 1011.2
 1972  1012.7 1009.8 1009.8 1007.1 1003.7 1001.5 1002.8 1003.2 1004.5 1008.5 1009.8 1011.4
 1973  1012.6 1012.0 1009.6 1005.5 1002.2 1001.8 1001.8 1002.8 1004.5 1005.8 1009.4 1011.4
 1974  1011.6 1010.5 1009.0 1005.3 1003.7 1001.9 1002.4 1002.7 1004.0 1005.6 1009.0 1012.6
 1975  1012.6 1011.0 1008.6 1005.5 1002.0 1000.8 1003.4 1001.5 1003.9 1004.7 1008.7 1011.6
 1976  1012.9 1011.1 1008.5 1006.8 1003.0 1002.8 1002.9 1003.5 1005.8 1007.4 1007.4 1011.8
 1977  1012.0 1011.4 1010.5 1006.2 1003.7 1001.8 1001.4 1003.7 1004.9 1008.8 1009.5 1013.0
 1978  1013.4 1013.0 1009.2 1006.6 1002.3 1001.7 1002.0 1002.7 1004.3 1007.1 1010.4 1012.6
 1979  1013.0 1010.6 1009.0 1006.2 1003.5 1002.1 1003.5 1003.7 1004.9 1009.4 1008.5 1012.6
 1980  1012.2 1011.3 1009.6 1006.3 1003.3 1001.8 1002.8 1004.1 1005.3 1007.4 1010.4 1010.5
 1981  1012.7 1011.6 1009.9 1006.2 1002.9 1001.7 1002.7 1003.0 1004.3 1007.6 1008.8 1012.7
 1982  1013.0 1010.9 1009.0 1006.6 1004.9 1002.1 1003.0 1003.7 1005.4 1008.6 1010.2 1012.8
 1983  1013.7 1011.0 1009.4 1007.0 1004.3 1002.1 1002.9 1002.9 1004.3 1006.4 1011.0 1011.5
 1984  1010.7 1009.2 1008.8 1005.4 1002.3 1001.1 1002.4 1003.4 1005.2 1007.6 1010.0 1010.0
 1985  1012.1 1010.4 1008.4 1004.4 1002.1 1002.5 1003.8 1003.0 1004.5 1007.0 1009.8 1011.8
 1986  1011.8 1011.1 1008.4 1006.3 1003.1 1001.1 1003.4 1003.3 1004.8 1008.0 1010.2 1012.6
 1987  1013.3 1013.0 1009.5 1007.1 1006.3 1001.6 1004.1 1003.5 1005.3 1007.7 1008.2 1011.6
 1988  1012.0 1010.4 1007.2 1006.6 1001.5 1002.2 1002.8 1003.1 1003.1 1006.8 1010.2 1012.1
 1989  1010.8 1011.4 1008.4 1005.6 1001.5 1002.2 1003.0 1002.9 1004.5 1006.7 1011.2 1012.8
 1990  1012.2 1010.3 1009.2 1005.2 1002.0 1002.1 1003.9 1003.5 1004.9 1007.5 1009.2 1012.2
 1991  1011.9 1012.1 1008.6 1005.9 1004.2 1001.7 1002.7 1003.9 1005.4 1005.6 1011.0 1012.1
 1992  1014.5 1012.3 1009.8 1007.2 1004.1 1001.1 1002.9 1003.7 1004.7 1007.2 1010.5 1013.6
 1993  1013.0 1011.6 1009.6 1007.5 1004.7 1002.6 1002.4 1004.7 1005.1 1008.0 1009.8 1011.9
 1994  1011.6 1009.8 1009.0 1006.6 1003.5 1000.9 1002.6 1003.7 1005.9 1008.0 1011.2 1012.1
 1995  1013.0 1011.1 1009.4 1007.0 1003.1 1002.4 1001.8 1002.9 1004.3 1006.0 1008.4 1013.8
 1996  1011.8 1010.6 1008.0 1005.6 1003.1 1002.1 1002.6 1003.4 1003.3 1006.2 1009.0 1011.2
 1997  1012.4 1010.3 1009.6 1008.0 1004.5 1003.9 1002.6 1004.3 1006.4 1010.8 1010.6 1011.9
 1998  1012.4 1012.0 1009.7 1007.5 1003.5 1001.5 1002.8 1004.2 1004.0 1006.0 1008.3 1011.9
 1999  1010.8 1011.6 1006.0 1003.8 1002.7 1003.1 1002.5 1003.9 1004.2 1005.6 1010.4 1011.6
 2000  1011.1 1009.0 1007.7 1004.3 1003.4 1001.8 1002.3 1002.9 1004.9 1006.1 1009.2 1011.3
 2001  1010.6 1009.4 1009.7 1008.5 1004.0 1003.2 1004.3 1005.1 1006.2 1007.7 1010.9 1014.9
 2002  1013.2 1014.3 1010.3 1007.1 1004.3 1004.0 1005.3 1005.4 1007.3 1009.8 1011.4 1013.9
 2003  1014.9 1012.5 1010.7 1008.4 1004.2 1003.2 1004.5 1005.3 1006.7 1008.2 1012.5 1013.5
 2004  1013.2 1012.8 1010.1 1007.7 1004.5 1005.1 1004.3 1005.3 1007.3 1010.5 1012.8 1013.3
 2005  1013.1  -10.0  -10.0  -10.0  -10.0  -10.0  -10.0  -10.0  -10.0  -10.0  -10.0  -10.0
  -10
 source  http://www.cru.uea.ac.uk/cru/data/madrasmslp.htm
 This file created at the from NOAA/PSL and CU-CIRES by CAS
 *  Allan, R.J., Reason, C.J.C., Carroll, P. and Jones,
  P.D., 2002 A reconstruction of Madras (Chennai) mean
  Sea level pressure using instrumental records from the late
  18th and early 19th centuries. 
  Int. J. Climatol. 22, 1119-1142. 
  units=mb
