 1854 2024
1854    -0.268    -0.216    -0.231    -0.515    -0.472    -0.612    -0.595    -0.815    -0.825    -0.609    -0.146     0.168
1855     0.225     0.329     0.111     0.045    -0.232    -0.263    -0.388    -0.530    -0.761    -0.507    -0.218    -0.224
1856    -0.559    -0.145    -0.217    -0.360    -0.450    -0.718    -0.996    -0.857    -0.506    -0.577    -0.417    -0.408
1857    -0.494    -0.705    -0.915    -0.943    -0.693    -0.480    -0.522    -0.537    -0.581    -0.757    -0.801    -0.642
1858    -0.781    -0.659    -0.532    -0.318    -0.442    -0.629    -0.630    -0.686    -0.847    -0.695    -0.267    -0.421
1859    -0.499    -0.820    -0.486    -0.270    -0.404    -0.511    -0.491    -0.445    -0.454    -0.598    -0.602    -0.569
1860    -0.553    -0.658    -0.526    -0.602    -0.557    -0.689    -0.457    -0.663    -0.633    -0.615    -0.390    -0.307
1861    -0.344    -0.600    -0.347    -0.186    -0.691    -1.608    -0.745    -0.661    -0.538    -0.922    -0.775    -0.265
1862    -0.500    -0.495    -0.316    -0.222    -0.470    -0.434    -0.685    -0.717    -0.744    -0.821    -1.102    -1.212
1863    -1.300    -1.833    -1.316    -1.435    -1.097    -1.126    -1.520    -1.275    -1.320    -1.003    -0.603    -1.346
1864    -1.469    -1.608    -1.418    -0.852    -0.840    -1.149    -0.404    -0.721    -1.464    -1.092    -0.347    -0.409
1865    -0.054     0.003    -0.146    -0.219    -0.152    -0.156    -0.171    -0.950    -0.656    -0.605     0.127    -0.169
1866    -0.908    -0.593    -0.459    -0.412    -1.414    -0.998    -0.442    -0.381    -1.778    -1.366    -0.011    -0.147
1867    -0.300    -0.142     0.283    -0.145    -0.534    -0.194    -0.008    -0.412    -0.631    -0.520    -0.069    -0.556
1868    -0.852    -0.525    -0.131    -0.457    -0.529    -0.754    -0.906    -0.942    -0.877    -1.016    -0.828    -0.866
1869    -1.569    -1.154    -0.819    -0.705    -0.599    -0.803    -1.130    -1.095    -0.781    -0.833    -0.550    -0.657
1870    -0.436    -0.562    -0.804    -1.051    -0.962    -1.356    -1.311    -0.651    -0.264    -0.291    -0.391    -0.398
1871    -1.005    -1.218    -0.762    -1.010    -0.586    -0.368    -0.044    -0.655    -1.205    -1.272    -1.091    -1.172
1872    -1.228    -1.270    -1.516    -1.404    -0.933    -0.934    -1.089    -1.355    -1.749    -1.225    -0.582    -1.100
1873    -0.954    -0.915    -0.993    -0.928    -0.972    -1.066    -0.771    -0.455    -0.732    -0.845    -0.432    -0.294
1874    -0.705    -1.117    -0.786    -0.585    -0.596    -0.258    -0.068    -0.015    -0.663    -1.187    -1.063    -1.156
1875    -0.907    -0.508    -0.566    -1.052    -0.917    -0.580    -0.488    -0.972    -0.560    -0.685    -0.188    -0.140
1876    -0.111    -0.586    -0.388    -0.294    -0.410    -0.340    -0.421    -0.211    -0.439    -0.320    -0.092    -0.202
1877    -0.308    -0.080     0.390     0.249    -0.008    -0.347    -0.651    -0.511     0.003     0.126     0.026     0.084
1878    -0.038    -0.202     0.324     0.533     0.929     0.498     0.094     0.573     0.517     0.422     0.155     0.312
1879    -0.063     0.157    -0.062    -0.034    -0.070     0.019     0.134    -0.006    -0.027    -0.024    -0.154    -0.323
1880    -0.243    -0.203    -0.071    -0.110    -0.448    -0.429    -0.778    -0.800    -0.637    -0.387    -0.648    -0.392
1881    -0.020     0.295     0.404     0.399     0.275     0.252    -0.142    -0.323    -0.229    -0.336    -0.529    -0.657
1882    -0.678    -0.540    -0.387    -0.409    -0.506    -0.716    -0.828    -0.601    -0.643    -0.541    -0.209    -0.316
1883    -0.757    -0.949    -0.726    -0.802    -0.675    -0.668    -0.602    -0.851    -0.958    -1.104    -0.893    -0.852
1884    -0.954    -0.950    -1.117    -1.019    -0.917    -1.110    -0.958    -0.785    -0.889    -0.745    -0.830    -0.687
1885    -0.742    -0.483    -0.690    -0.875    -0.886    -0.925    -0.894    -0.714    -0.708    -0.241    -0.119    -0.385
1886    -0.184    -0.086     0.131     0.128     0.158    -0.004    -0.248    -0.501    -0.673    -0.591    -0.621    -0.540
1887    -0.712    -0.671    -0.525    -0.427    -0.287    -0.185    -0.187    -0.583    -0.606    -0.501    -0.088     0.108
1888     0.090     0.027     0.358    -0.053    -0.260    -0.370    -0.483    -0.632    -0.667    -0.497    -0.506    -0.498
1889    -0.145    -0.172     0.136     0.019    -0.255    -0.314    -0.453    -0.618    -0.830    -0.869    -0.875    -1.052
1890    -1.075    -1.005    -0.798    -1.065    -1.178    -1.226    -1.353    -1.501    -1.619    -1.170    -0.911    -1.032
1891    -1.153    -0.938    -0.415    -0.481    -0.383    -0.470    -0.483    -0.399    -0.482    -0.516    -0.775    -0.709
1892    -0.392    -0.358    -0.204    -0.564    -0.826    -1.005    -1.224    -1.015    -1.101    -0.973    -0.845    -0.670
1893    -0.501    -0.634    -0.587    -0.637    -0.671    -0.610    -0.448    -0.572    -0.768    -0.586    -0.563    -0.599
1894    -0.821    -1.021    -1.194    -1.286    -1.109    -1.330    -1.283    -1.307    -1.185    -1.208    -1.033    -0.888
1895    -0.631    -0.534    -0.905    -1.203    -1.236    -1.245    -1.024    -0.904    -0.742    -0.648    -0.423    -0.484
1896    -0.504    -0.497    -0.446    -0.363    -0.242    -0.230    -0.289    -0.360    -0.401    -0.359    -0.026    -0.034
1897    -0.447    -0.388    -0.305    -0.346    -0.543    -0.542    -0.514    -0.551    -0.625    -0.571    -0.540    -0.643
1898    -0.710    -0.539    -0.361    -0.495    -0.629    -0.661    -0.854    -0.872    -0.989    -0.901    -0.591    -0.764
1899    -0.880    -1.030    -1.023    -0.858    -0.686    -0.733    -0.557    -0.812    -0.729    -0.427    -0.095     0.100
1900     0.167     0.111    -0.161    -0.230    -0.455    -0.488    -0.591    -0.604    -0.684    -0.729    -0.627    -0.626
1901    -0.580    -0.297    -0.206    -0.164    -0.213    -0.213    -0.155    -0.218    -0.468    -0.736    -0.685    -0.519
1902    -0.436    -0.459    -0.483    -0.601    -0.423    -0.495    -0.886    -1.064    -0.902    -0.866    -0.647    -0.576
1903    -0.625    -0.484    -0.785    -0.490    -0.532    -0.492    -0.643    -0.897    -0.830    -0.823    -0.732    -0.952
1904    -1.136    -1.345    -1.190    -1.369    -1.488    -1.615    -1.548    -1.313    -1.408    -1.275    -0.919    -0.959
1905    -0.899    -0.818    -1.078    -1.060    -0.958    -0.942    -0.958    -0.934    -1.212    -1.135    -1.326    -1.289
1906    -1.005    -0.635    -0.466    -0.367    -0.419    -0.384    -0.497    -0.617    -0.920    -0.921    -0.553    -0.687
1907    -0.639    -0.660    -0.830    -0.894    -0.986    -1.132    -1.208    -1.149    -1.037    -0.950    -1.059    -1.319
1908    -1.291    -1.132    -1.195    -1.313    -1.428    -1.193    -1.088    -1.155    -1.274    -1.172    -0.842    -0.844
1909    -0.858    -0.942    -0.887    -0.944    -0.802    -0.987    -0.999    -0.954    -1.056    -1.174    -0.903    -0.570
1910    -0.696    -0.724    -0.862    -1.007    -1.037    -1.151    -1.288    -1.295    -1.110    -1.101    -0.785    -1.129
1911    -0.958    -0.990    -1.089    -1.100    -1.018    -1.237    -1.267    -1.376    -1.296    -1.181    -1.169    -1.352
1912    -1.254    -1.140    -1.175    -1.109    -0.988    -1.154    -1.017    -1.188    -1.086    -1.213    -0.901    -1.168
1913    -1.337    -1.159    -1.263    -1.306    -1.222    -1.264    -1.188    -1.273    -1.397    -1.219    -1.065    -0.888
1914    -0.604    -0.886    -1.001    -1.063    -1.002    -1.149    -1.187    -1.191    -1.026    -0.795    -0.694    -0.861
1915    -0.785    -0.380     0.034     0.078     0.028    -0.050    -0.001    -0.057    -0.312    -0.556    -0.486    -0.393
1916    -0.484    -0.523    -0.673    -0.765    -0.630    -0.702    -0.994    -1.077    -1.171    -1.059    -1.267    -1.305
1917    -1.296    -0.900    -1.068    -1.034    -0.885    -0.625    -0.760    -1.115    -1.537    -1.502    -1.174    -0.679
1918    -0.381    -0.813    -1.055    -1.026    -0.848    -0.894    -0.850    -0.941    -0.890    -0.755    -0.750    -0.847
1919    -0.694    -0.243    -0.052    -0.142    -0.570    -0.875    -0.984    -0.974    -0.866    -0.708    -0.741    -1.153
1920    -1.440    -1.432    -1.295    -1.300    -1.179    -1.164    -1.207    -1.270    -1.151    -1.064    -1.138    -1.057
1921    -0.952    -0.804    -0.953    -0.643    -0.945    -1.217    -1.048    -1.092    -1.231    -1.042    -0.855    -0.667
1922    -0.688    -0.752    -0.979    -0.992    -1.044    -1.243    -1.241    -1.166    -1.291    -1.211    -0.975    -1.070
1923    -1.153    -1.232    -1.263    -1.447    -1.329    -1.370    -1.195    -1.354    -1.395    -1.205    -0.791    -0.517
1924    -0.602    -0.659    -0.550    -0.509    -0.669    -0.818    -0.767    -1.034    -1.098    -1.314    -1.077    -1.239
1925    -1.462    -1.422    -1.259    -1.222    -0.894    -1.025    -0.898    -1.001    -1.250    -0.983    -0.852    -0.518
1926    -0.310    -0.282    -0.520    -0.380    -0.362    -0.410    -0.291    -0.365    -0.463    -0.457    -0.473    -0.335
1927    -0.226    -0.225    -0.404    -0.294    -0.336    -0.386    -0.271    -0.357    -0.300    -0.340    -0.031    -0.186
1928    -0.317    -0.795    -0.730    -1.079    -1.003    -0.802    -0.795    -0.900    -0.933    -0.927    -0.945    -1.022
1929    -0.977    -0.875    -0.892    -0.762    -0.915    -0.916    -0.682    -0.783    -0.991    -0.922    -1.042    -1.259
1930    -1.135    -1.038    -0.822    -1.062    -1.024    -1.091    -1.213    -0.856    -0.757    -0.496    -0.179    -0.431
1931    -0.342    -0.374    -0.052     0.103     0.007    -0.017    -0.174    -0.428    -0.563    -0.468    -0.487    -0.495
1932    -0.354    -0.015     0.259     0.238     0.101    -0.140    -0.316    -0.362    -0.275    -0.240    -0.275    -0.421
1933    -0.627    -0.140    -0.248    -0.145     0.050    -0.100    -0.258    -0.500    -0.514    -0.512    -0.441    -0.846
1934    -1.007    -1.017    -1.128    -1.093    -1.090    -1.099    -1.036    -0.736    -0.798    -0.736    -0.890    -1.004
1935    -0.474    -0.547    -0.766    -0.847    -0.586    -0.638    -0.585    -0.753    -0.903    -0.843    -0.738    -0.941
1936    -0.712    -0.375     0.103     0.195     0.202     0.111    -0.170    -0.326    -0.563    -0.488    -0.630    -0.655
1937    -0.451    -0.344    -0.084    -0.170    -0.231    -0.100    -0.116    -0.229    -0.161    -0.231     0.119     0.420
1938     0.007     0.079    -0.062    -0.066    -0.229    -0.390    -0.388    -0.599    -0.587    -0.596    -0.514    -0.765
1939    -0.803    -0.731    -0.890    -0.895    -0.771    -0.661    -0.770    -0.548    -0.472    -0.577    -0.495    -0.248
1940     0.305     0.107     0.105     0.105     0.345     0.126    -0.115     0.050    -0.129     0.010     0.168    -0.097
1941     0.379     0.330    -0.086     0.048     0.120    -0.315    -0.135    -0.172    -0.328    -0.080     0.259    -0.177
1942    -0.493    -0.302    -0.053    -0.112    -0.102    -0.051    -0.089    -0.122    -0.203    -0.390    -0.181    -0.343
1943    -0.623    -0.606    -0.689    -0.649    -0.540    -0.749    -0.680    -0.622    -0.390    -0.380    -0.373    -0.498
1944    -0.335    -0.002     0.294     0.065    -0.318     0.086     0.160    -0.224    -0.272    -0.265    -0.206    -0.149
1945     0.241     0.139     0.357     0.751     0.690     0.582     0.395     1.070     0.413    -0.015    -0.745    -0.563
1946    -0.272    -0.164     0.022    -0.188    -0.403    -0.988    -0.713    -0.632    -0.589    -0.947    -0.682    -0.777
1947    -0.995    -0.924    -0.731    -0.728    -0.938    -0.903    -0.839    -0.939    -1.107    -1.015    -0.698    -0.672
1948    -0.513    -0.440    -0.230    -0.296    -0.159    -0.352    -0.455    -0.751    -0.853    -0.762    -0.700    -0.718
1949    -0.649    -0.463    -0.721    -0.846    -0.893    -0.944    -0.773    -0.678    -0.582    -0.552    -0.590    -0.543
1950    -0.498    -0.475    -0.528    -0.227    -0.517    -0.412    -0.632    -0.615    -0.558    -0.649    -0.357    -0.130
1951    -0.164    -0.170    -0.129     0.010    -0.103    -0.296    -0.190    -0.262    -0.362    -0.567    -0.444    -0.604
1952    -0.841    -0.593    -0.324    -0.465    -0.383    -0.172    -0.327    -0.392    -0.292    -0.500    -0.372     0.013
1953     0.091     0.041    -0.291    -0.204    -0.341    -0.190    -0.134    -0.191    -0.395    -0.407    -0.235    -0.224
1954    -0.302    -0.378    -0.591    -0.510    -0.308    -0.433    -0.625    -0.772    -0.634    -0.718    -0.702    -0.786
1955    -0.339    -0.363    -0.406    -0.457    -0.590    -0.627    -0.297    -0.331    -0.251    -0.251    -0.001    -0.109
1956     0.119    -0.016    -0.093    -0.274    -0.550    -0.677    -0.805    -0.677    -0.855    -0.683    -0.570    -0.183
1957    -0.764    -0.804    -0.522    -0.751    -0.798    -0.496    -0.542    -0.212    -0.298    -0.207    -0.162    -0.050
1958     0.121     0.623     0.885     0.770     0.418     0.476     0.161     0.059    -0.175    -0.396    -0.188    -0.176
1959    -0.120    -0.043    -0.416    -0.459    -0.710    -0.548    -0.720    -0.731    -0.728    -0.773    -0.541    -0.564
1960    -0.582    -0.231    -0.274    -0.258    -0.241    -0.130    -0.181    -0.374    -0.539    -0.585    -0.462    -0.479
1961    -0.262    -0.560    -0.467    -0.333    -0.395    -0.579    -0.496    -0.370    -0.428    -0.621    -0.400    -0.106
1962    -0.162    -0.227     0.113    -0.043     0.001    -0.232    -0.234    -0.340    -0.473    -0.575    -0.019     0.143
1963     0.187     0.278    -0.015     0.110    -0.153    -0.220    -0.338    -0.240    -0.352    -0.351    -0.286    -0.444
1964    -0.494    -0.091    -0.180    -0.505    -0.398    -0.343    -0.450    -0.616    -0.905    -0.917    -0.657    -0.556
1965    -0.697    -0.546    -0.490    -0.541    -0.681    -0.773    -0.617    -0.754    -0.627    -0.665    -0.464    -0.221
1966    -0.514     0.027     0.133     0.130     0.007     0.017    -0.062    -0.431    -0.358    -0.529    -0.070    -0.025
1967    -0.196    -0.331    -0.492    -0.278    -0.623    -0.705    -0.658    -0.781    -0.665    -0.724    -0.740    -0.688
1968    -0.693    -0.520    -0.397    -0.334    -0.676    -0.875    -0.846    -0.746    -0.661    -0.601    -0.481    -0.213
1969    -0.103     0.426     0.808     0.515     0.325    -0.096    -0.040    -0.192    -0.237    -0.477    -0.104     0.123
1970     0.230     0.306     0.599     0.212     0.222    -0.091    -0.491    -0.510    -0.483    -0.600    -0.382    -0.363
1971    -0.374    -0.407    -0.604    -0.786    -0.958    -1.200    -0.987    -0.864    -0.736    -0.722    -0.468    -0.656
1972    -0.609    -0.552    -0.748    -0.669    -0.765    -0.628    -0.658    -0.861    -0.907    -0.549    -0.480    -0.700
1973    -0.721    -0.542    -0.664    -0.572    -0.451    -0.456    -0.463    -0.475    -0.575    -0.755    -0.631    -0.465
1974    -0.509    -0.817    -1.100    -1.552    -1.445    -1.255    -0.938    -0.930    -0.822    -0.960    -0.826    -0.897
1975    -0.522    -0.657    -0.859    -0.803    -1.137    -0.934    -0.685    -0.637    -0.791    -0.749    -0.854    -0.586
1976    -0.493    -0.620    -0.983    -0.844    -1.119    -1.028    -1.031    -0.526    -0.478    -0.364    -0.421    -0.792
1977    -0.593    -0.654    -0.497    -0.426    -0.499    -0.303    -0.582    -0.553    -0.596    -0.700    -0.616    -0.690
1978    -0.198     0.036    -0.009     0.082    -0.279    -0.447    -0.667    -0.535    -0.736    -0.544    -0.319    -0.552
1979    -0.257     0.018    -0.001     0.173     0.172     0.175    -0.051    -0.176    -0.247    -0.312    -0.216    -0.158
1980     0.078     0.131     0.009     0.206     0.378     0.225    -0.192    -0.099    -0.083    -0.387    -0.391    -0.427
1981    -0.014    -0.120     0.438     0.109     0.103    -0.265    -0.199    -0.374    -0.419    -0.530    -0.168    -0.040
1982    -0.152    -0.325    -0.171    -0.431    -0.220    -0.270    -0.407    -0.625    -0.545    -0.721    -0.856    -0.844
1983    -0.562    -0.048     0.455     0.562     0.160     0.118    -0.281    -0.381    -0.344    -0.642    -0.385    -0.037
1984    -0.352    -0.342    -0.387    -0.637    -0.510    -0.606    -0.585    -0.472    -0.413    -0.656    -0.715    -0.627
1985    -0.659    -0.618    -0.915    -1.043    -1.065    -0.656    -0.375    -0.271    -0.501    -0.609    -0.345    -0.536
1986    -0.829    -0.723    -0.788    -0.845    -0.774    -0.685    -0.598    -0.782    -0.616    -0.642    -0.560    -0.915
1987    -0.501    -0.456    -0.002     0.128     0.180     0.478     0.084     0.266    -0.093     0.143     0.159     0.368
1988    -0.083    -0.236     0.087     0.246    -0.010     0.287     0.304    -0.169    -0.265    -0.462    -0.388    -0.395
1989    -0.454    -0.452    -0.704    -0.892    -0.846    -0.555    -0.104     0.176    -0.343    -0.348    -0.368    -0.108
1990    -0.423    -0.121     0.020     0.117     0.059    -0.180    -0.058    -0.136     0.077     0.053    -0.058    -0.246
1991    -0.298    -0.368    -0.624    -0.537    -0.600    -0.504    -0.676    -0.802    -0.576    -0.630    -0.571    -0.434
1992    -0.227    -0.241    -0.366    -0.369    -0.278    -0.406    -0.295    -0.523    -0.506    -0.492    -0.455    -0.539
1993    -0.385    -0.450    -0.344    -0.235    -0.074    -0.199    -0.557    -0.494    -0.441    -0.431    -0.514    -0.555
1994    -0.825    -0.775    -0.695    -0.635    -0.760    -0.689    -0.557    -0.564    -0.729    -0.658    -0.390    -0.601
1995    -0.326    -0.443    -0.223    -0.079     0.151    -0.068     0.048     0.060     0.021    -0.041     0.168     0.118
1996     0.353     0.399     0.157     0.215     0.108    -0.012    -0.098    -0.174    -0.184    -0.449    -0.555    -0.335
1997     0.007     0.095    -0.085     0.067     0.099     0.108    -0.203    -0.288    -0.168     0.049     0.057    -0.064
1998    -0.033     0.413     0.361     0.451     0.411     0.495     0.232     0.366    -0.044     0.003    -0.016    -0.171
1999    -0.611    -0.368    -0.483    -0.478    -0.373    -0.255    -0.222    -0.201    -0.006    -0.197    -0.106     0.146
2000    -0.256    -0.192     0.006    -0.191    -0.371    -0.318    -0.278    -0.301    -0.428    -0.379    -0.489    -0.729
2001    -0.596    -0.399    -0.031    -0.294    -0.235    -0.317    -0.100    -0.162    -0.121    -0.278     0.109     0.329
2002     0.667     0.423     0.342    -0.037    -0.326    -0.295    -0.559    -0.388    -0.411    -0.131    -0.163    -0.319
2003    -0.212    -0.402    -0.408    -0.401    -0.215    -0.196     0.039     0.303     0.280     0.441     0.213     0.296
2004     0.364     0.351     0.266     0.324    -0.013    -0.060     0.117     0.191     0.278     0.285     0.383     0.504
2005     0.570     0.444     0.767     0.852     1.014     0.824     0.689     0.456     0.464     0.197     0.150     0.391
2006     0.326     0.125     0.009     0.259     0.107     0.098     0.044     0.045     0.173     0.230     0.310     0.149
2007     0.259     0.395     0.153     0.186     0.008    -0.129    -0.156    -0.279    -0.355    -0.251    -0.229    -0.220
2008    -0.065    -0.011     0.047    -0.051     0.015     0.187     0.225     0.187     0.328     0.297     0.206     0.168
2009    -0.057    -0.511    -0.501    -0.469    -0.415    -0.298     0.047     0.094     0.094     0.134     0.100     0.159
2010     0.439     0.818     1.128     1.291     1.219     1.069     1.036     0.800     0.535     0.451     0.568     0.726
2011     0.703     0.365     0.303     0.289     0.275     0.494     0.367     0.339     0.086     0.121    -0.041     0.003
2012    -0.182    -0.208    -0.344    -0.146    -0.084    -0.030     0.132     0.115     0.309     0.306     0.467     0.407
2013     0.154     0.202     0.551     0.351     0.465     0.350     0.229     0.247     0.302     0.141    -0.025     0.039
2014    -0.188    -0.257    -0.450    -0.408    -0.314    -0.229    -0.245    -0.236     0.028     0.188    -0.015     0.093
2015    -0.082     0.047    -0.111    -0.369    -0.243    -0.232    -0.121     0.094     0.276     0.364     0.283     0.076
2016     0.227     0.321     0.339     0.222     0.257     0.196     0.295     0.332     0.258     0.298     0.244     0.258
2017     0.402     0.248     0.111     0.337     0.563     0.604     0.692     0.607     0.392     0.125     0.330     0.313
2018     0.104    -0.296    -0.119    -0.333    -0.456    -0.707    -0.488    -0.127    -0.212    -0.076    -0.177    -0.310
2019    -0.284    -0.088    -0.302    -0.283    -0.206     0.058    -0.123    -0.058     0.119     0.147    -0.018    -0.126
2020     0.071     0.377     0.555     0.478     0.273     0.469     0.495     0.376     0.254     0.248     0.194     0.246
2021     0.355     0.144    -0.002     0.085    -0.065    -0.030     0.041     0.115     0.244     0.062     0.265     0.170
2022     0.297     0.460    -0.046    -0.158     0.166     0.321     0.243     0.304     0.246     0.155    -0.097    -0.069
2023     0.010     0.174     0.485     0.592     0.908     1.211     1.180     1.112     1.170     0.980     0.822     0.957
2024     1.217     1.463     1.400     1.333     1.381     1.242     0.988     0.843     0.796     0.680  -999.000  -999.000
-9999
MDR from NOAA ERSST V5
-999
https://psl.noaa.gov/data/tiwr	meseries/month/
Citations listed on webpage above
NOAA PSL
missing
