1979     2025
1979     0.46     0.29    -0.05     0.22     0.27    -0.11    -0.10     0.47     0.38     0.23     0.53     0.63
1980     0.33     0.21     0.39     0.50     0.45     0.55     0.47     0.03     0.12     0.03    -0.08    -0.12
1981    -0.35    -0.23     0.33     0.42    -0.24    -0.69    -0.60    -0.33    -0.06    -0.16    -0.27    -0.20
1982    -0.43    -0.50    -0.28    -0.37    -0.11     0.63     1.65     1.91     1.68     1.77     2.13     2.36
1983     2.47     2.66     2.60     2.75     2.85     1.96     0.63    -0.17    -0.50    -0.53    -0.47    -0.50
1984    -0.55    -0.56    -0.17     0.06    -0.46    -0.69    -0.35    -0.19    -0.14    -0.19    -0.58    -0.29
1985    -0.26    -0.58    -0.60    -0.77    -1.23    -0.67    -0.10    -0.49    -0.56    -0.08    -0.06    -0.42
1986    -0.40    -0.34    -0.39    -0.53    -0.26     0.02     0.41     0.97     1.29     0.56     0.64     1.06
1987     1.03     1.16     1.57     1.75     1.97     2.07     1.88     1.46     1.26     1.18     0.91     0.79
1988     0.63     0.33     0.17    -0.01    -0.39    -1.18    -1.77    -1.81    -1.81    -1.60    -1.71    -1.55
1989    -1.12    -1.10    -1.24    -1.09    -1.03    -1.00    -1.08    -0.66    -0.53    -0.49    -0.36    -0.07
1990     0.13     0.45     0.61     0.17     0.08     0.04     0.13     0.02     0.23    -0.06     0.12     0.31
1991     0.19     0.09     0.21     0.20     0.36     0.97     0.91     0.37     0.53     0.97     1.04     1.23
1992     1.68     1.59     1.72     1.98     1.68     1.51     0.61    -0.02     0.40     0.67     0.62     0.73
1993     0.79     0.90     0.77     0.99     1.48     1.52     0.90     0.60     0.61     0.96     0.71     0.27
1994    -0.01    -0.21    -0.22     0.02    -0.02     0.26     0.96     0.88     1.10     1.52     1.01     0.92
1995     0.83     0.54     0.18     0.14     0.14     0.02    -0.28    -0.71    -0.94    -0.74    -0.77    -0.90
1996    -0.85    -0.80    -0.66    -0.76    -0.85    -0.91    -0.83    -0.64    -0.32    -0.37    -0.34    -0.47
1997    -0.65    -0.71    -0.30     0.15     0.71     2.34     2.27     2.27     2.20     2.06     2.14     2.11
1998     2.29     2.45     2.28     2.61     2.32     0.41    -1.54    -1.82    -1.40    -1.29    -1.34    -1.29
1999    -1.28    -1.20    -1.15    -1.17    -1.34    -1.26    -1.17    -1.03    -1.15    -1.33    -1.33    -1.43
2000    -1.25    -1.26    -1.37    -0.90    -0.94    -1.18    -0.61    -0.08    -0.36    -0.52    -0.86    -0.79
2001    -0.84    -0.86    -0.78    -0.55    -0.52    -0.73     0.03     0.38    -0.06    -0.23    -0.28     0.06
2002     0.09    -0.26    -0.20    -0.36    -0.14     0.34     0.43     1.01     0.88     0.84     0.84     0.91
2003     0.82     0.63     0.53    -0.11    -0.61    -0.10     0.01     0.05     0.18     0.28     0.30     0.14
2004     0.19    -0.04    -0.43    -0.23    -0.46    -0.38     0.46     0.76     0.58     0.40     0.56     0.48
2005     0.09     0.61     0.83     0.14     0.19     0.21    -0.00     0.02    -0.02    -0.66    -0.70    -0.70
2006    -0.64    -0.49    -0.62    -0.84    -0.42    -0.17     0.22     0.59     0.65     0.77     1.00     0.64
2007     0.64     0.40    -0.19    -0.32    -0.41    -0.83    -0.76    -0.91    -1.06    -1.13    -1.12    -1.19
2008    -1.07    -1.27    -1.52    -1.10    -0.99    -0.79    -0.78    -1.01    -1.02    -1.09    -0.98    -1.01
2009    -1.01    -0.85    -0.95    -0.81    -0.72    -0.05     0.56     0.56     0.42     0.56     1.04     0.95
2010     0.93     1.28     1.33     0.49    -0.12    -1.29    -2.42    -2.38    -2.26    -2.16    -2.01    -1.85
2011    -1.77    -1.59    -1.75    -1.69    -1.24    -1.03    -0.75    -0.81    -1.08    -1.30    -1.14    -1.18
2012    -1.07    -0.68    -0.59    -0.38    -0.32    -0.28     0.34    -0.02    -0.29    -0.19    -0.03    -0.03
2013    -0.06    -0.08    -0.13    -0.35    -0.68    -1.14    -0.79    -0.45    -0.33    -0.13    -0.16    -0.33
2014    -0.50    -0.42    -0.05    -0.17    -0.17     0.00     0.41     0.23    -0.10     0.11     0.37     0.35
2015     0.23     0.06     0.15     0.31     0.95     1.90     1.79     1.95     2.24     2.15     1.93     1.93
2016     1.93     1.80     1.32     1.32     1.24     0.35    -0.54    -0.26    -0.29    -0.53    -0.47    -0.37
2017    -0.42    -0.41    -0.58    -0.19     0.20    -0.23    -0.63    -0.72    -0.73    -0.59    -0.62    -0.74
2018    -0.79    -0.71    -0.80    -1.32    -0.94    -0.51    -0.05     0.47     0.62     0.52     0.33     0.18
2019     0.09     0.50     0.76     0.30     0.23     0.35     0.30     0.32     0.16     0.31     0.47     0.36
2020     0.24     0.26     0.13    -0.15    -0.23    -0.68    -0.94    -0.96    -1.15    -1.17    -1.13    -1.14
2021    -1.20    -0.96    -0.79    -0.95    -1.07    -1.05    -1.44    -1.29    -1.37    -1.46    -1.39    -1.20
2022    -1.01    -0.98    -1.31    -1.60    -1.63    -1.90    -2.17    -1.75    -1.73    -1.72    -1.53    -1.27
2023    -1.11    -0.91    -0.76    -0.36    -0.06     0.43     0.51     0.51     0.69     0.48     0.91     1.13
2024     0.70     0.68     0.78     0.34     0.12    -0.24    -0.72    -0.73    -0.65    -0.51    -0.68    -0.91
2025    -1.00    -0.83    -0.68    -0.38    -0.36    -1.17    -1.22    -0.87    -1.12    -1.19    -1.06    -0.77
  -999.00
Multivariate ENSO Index Version 2 (MEI.v2)
https://www.psl.noaa.gov/enso/mei
Row values are 2 month seasons (YEAR DJ JF FM MA AM MJ JJ JA AS SO ON ND)
