  1978        2026
1978  -99.99  -99.99  -99.99  -99.99  -99.99  -99.99  -99.99  -99.99  -99.99  -99.99    9.04   10.90
1979   12.41   13.18   13.21   12.53   11.11    9.34    6.69    5.06    4.58    6.19    8.37   10.63
1980   11.94   12.90   12.99   12.52   10.96    9.00    6.53    4.94    4.87    6.50    8.73   10.78
1981   11.91   12.53   12.71   12.24   10.99    9.03    6.31    4.48    4.44    6.27    8.31   10.54
1982   12.19   12.87   13.07   12.63   11.17    9.46    6.87    5.00    4.43    6.67    9.06   10.88
1983   12.01   12.94   12.93   12.21   10.87    9.27    6.86    4.97    4.70    6.79    8.99   10.63
1984   11.68   12.26   12.55   12.18   10.88    9.09    6.30    4.68    4.11    5.91    8.24   10.27
1985   11.69   12.48   12.75   12.54   11.25    8.96    5.99    4.60    4.23    6.12    8.42   10.24
1986   11.88   12.62   12.72   12.04   10.70    8.99    6.62    5.01    4.72    6.83    8.87   10.53
1987   11.90   13.02   12.83   12.35   10.97    9.39    6.55  -99.99    5.64    7.49    9.73  -99.99
1988  -99.99   13.57   13.90   13.18   11.41    9.68    7.01    5.42    5.36    7.52    9.91   11.99
1989   13.18   13.36   13.21   12.36   11.35    9.95    7.33    5.56    4.86    6.96    9.46   11.61
1990   12.80   13.42   13.51   12.28   10.90    9.20    6.52    4.99    4.55    6.74    9.64   11.47
1991   12.57   13.22   13.42   12.87   11.50    9.66    6.76    5.21    4.51    6.75    9.25   11.19
1992   12.61   13.58   13.48   12.84   11.43    9.95    7.22    5.44    5.43    7.74    9.75   11.72
1993   12.93   13.61   13.77   13.03   11.42    9.26    6.28    4.76    4.58    7.06    9.54   11.48
1994   12.88   13.52   13.55   12.91   11.66    9.68    6.92    5.19    5.13    7.23    9.71   11.49
1995   12.79   13.37   13.34   12.40   10.90    8.94    6.16    4.69    4.43    5.99    9.03   11.09
1996   12.15   12.98   12.90   12.32   11.28    9.83    7.44    5.73    5.62    7.54    8.77   11.03
1997   12.39   13.44   13.30   12.57   11.24    9.20    6.50    5.09    4.89    6.47    9.07   11.24
1998   12.81   13.77   13.57   12.85   11.40    9.18    6.45    4.69    4.30    6.71    8.88   10.91
1999   12.60   13.45   13.54   13.15   11.66    9.25    6.55    4.75    4.29    6.83    9.26   10.99
2000   12.30   13.09   13.17   12.60   11.24    9.05    6.39    4.78    4.35    6.69    8.87   10.96
2001   12.35   13.22   13.64   13.05   11.38    9.09    6.29    4.94    4.59    6.65    9.08   10.55
2002   12.26   13.42   13.42   12.41   11.16    9.19    6.44    4.32    4.03    6.24    8.75   10.64
2003   12.29   13.23   13.42   12.46   10.89    9.11    6.15    4.52    4.05    5.98    8.57   10.80
2004   12.26   12.94   12.99   12.16   10.92    9.24    6.51    4.67    4.39    6.40    8.95   10.98
2005   11.92   12.35   12.74   12.23   10.88    8.81    5.90    4.21    4.07    5.78    8.80   10.56
2006   11.65   12.35   12.52   12.04   10.45    8.41    5.79    4.31    4.01    5.80    8.13   10.17
2007   11.86   12.58   12.56   11.83   10.77    8.21    5.13    3.19    2.82    4.33    8.06   10.18
2008   12.30   13.21   13.53   12.78   11.25    8.85    6.06    3.79    3.26    5.77    9.05   10.97
2009   12.32   13.21   13.43   12.92   11.48    9.25    6.12    4.16    3.76    5.24    8.36   10.59
2010   12.04   12.96   13.53   12.85   10.88    8.37    5.57    3.88    3.34    5.48    8.43   10.43
2011   11.83   12.76   12.83   12.45   10.74    8.54    5.40    3.38    3.21    5.02    8.52   10.63
2012   12.21   12.72   13.41   12.87   11.05    8.16    5.09    2.93    2.41    4.58    8.06   10.45
2013   12.02   13.20   13.45   12.75   11.25    8.95    5.81    4.17    3.78    5.95    8.66   10.87
2014   12.10   12.56   12.95   12.43   11.05    8.76    5.96    4.37    3.74    5.70    8.75   10.89
2015   12.17   12.85   12.78   12.33   10.90    8.70    5.66    3.63    3.42    5.49    8.48   10.64
2016   11.80   12.43   12.61   11.98   10.25    8.21    5.37    3.31    2.91    4.40    7.01    9.62
2017   11.37   12.32   12.61   12.26   11.01    8.63    5.65    3.64    3.35    5.30    8.08   10.26
2018   11.70   12.31   12.69   12.28   10.81    8.79    5.76    3.90    3.35    4.59    8.43   10.45
2019   12.14   12.76   12.89   11.90   10.50    8.32    5.13    3.24    3.17    4.53    7.98   10.52
2020   12.15   12.95   13.03   12.02   10.51    8.41    5.07    3.10    2.83    4.11    7.53   10.16
2021   11.75   12.76   12.99   12.18   10.86    8.39    5.53    3.78    3.47    5.43    8.57   10.74
2022   12.26   12.90   12.80   12.46   11.10    8.61    5.89    4.03    3.47    5.25    8.52   10.27
2023   11.88   12.61   12.91   12.53   11.05    8.69    5.54    3.52    2.83    4.88    8.30   10.34
2024   12.24   12.76   13.19   12.56   11.07    8.60    5.16    3.09    2.91    4.54    7.74   10.03
2025   11.49   11.76   12.19   12.05   10.28    8.15    5.17    3.33    3.08    4.69    7.36    9.60
2026   11.39   12.41  -99.99  -99.99  -99.99  -99.99  -99.99  -99.99  -99.99  -99.99  -99.99  -99.99
 -99.99
 N hemisphere ice area
 https://psl.noaa.gov/data/timeseries/month/
 NSIDC website: http://nsidc.org/data/g02135
 Please cite as: Fetterer, F., K. Knowles, W. Meier,
 M. Savoie, and A. K. Windnagel. 2017, 
 updated daily. Sea Ice Index, Version 3. 
 [Indicate subset used]. Boulder, Colorado USA.
 NSIDC: National Snow and Ice Data Center. 
 doi: http://dx.doi.org/10.7265/N5K072F8.
 Accessed version at NOAA/PSL on [Date Accessed] V4.0
