  1818 2000
 1818   -10.0  -10.0  -10.0  -10.0  -10.0  -10.0  -10.0  -10.0  -10.0  -10.0  -10.0  -10.0
 1819   -10.0  -10.0  -10.0  -10.0  -10.0  -10.0  -10.0  -10.0  -10.0  -10.0  -10.0  -10.0
 1820   -10.0  -10.0  -10.0  -10.0  -10.0  -10.0  -10.0  -10.0  -10.0  -10.0  -10.0  -10.0
 1821   -10.0  -10.0  -10.0  -10.0  -10.0  -10.0  -10.0  -10.0  -10.0  -10.0  -10.0  -10.0
 1822   -10.0  -10.0  -10.0  -10.0  -10.0  -10.0  -10.0  -10.0  -10.0  -10.0  -10.0  -10.0
 1823   -10.0  -10.0  -10.0  -10.0  -10.0  -10.0  -10.0  -10.0  -10.0  -10.0  -10.0  -10.0
 1824   -10.0  -10.0  -10.0  -10.0  -10.0  -10.0  -10.0  -10.0  -10.0  -10.0  -10.0  -10.0
 1825   -10.0  -10.0  -10.0  -10.0  -10.0  -10.0  -10.0  -10.0  -10.0  -10.0  -10.0  -10.0
 1826   -10.0  -10.0  -10.0  -10.0  -10.0  -10.0  -10.0  -10.0  -10.0  -10.0 1018.0 1018.7
 1827  1019.2 1022.4 1014.9 1012.2 1012.4 1016.6 1010.9 1016.0 1010.4 1013.7 1021.1 1023.2
 1828  1020.9 1021.2 1020.1 1017.3 1013.2 1008.2 1008.5 1008.1 1010.9  -10.0  -10.0  -10.0
 1829   -10.0  -10.0  -10.0  -10.0  -10.0  -10.0  -10.0  -10.0  -10.0  -10.0  -10.0  -10.0
 1830   -10.0  -10.0  -10.0  -10.0  -10.0  -10.0  -10.0  -10.0  -10.0  -10.0  -10.0  -10.0
 1831   -10.0  -10.0  -10.0  -10.0  -10.0  -10.0  -10.0  -10.0  -10.0  -10.0  -10.0  -10.0
 1832   -10.0  -10.0  -10.0  -10.0  -10.0  -10.0  -10.0  -10.0  -10.0  -10.0  -10.0  -10.0
 1833   -10.0  -10.0  -10.0  -10.0  -10.0  -10.0  -10.0  -10.0  -10.0  -10.0  -10.0  -10.0
 1834   -10.0  -10.0  -10.0  -10.0  -10.0  -10.0  -10.0  -10.0  -10.0  -10.0  -10.0  -10.0
 1835   -10.0  -10.0  -10.0  -10.0  -10.0  -10.0  -10.0  -10.0  -10.0  -10.0  -10.0  -10.0
 1836   -10.0  -10.0  -10.0  -10.0  -10.0  -10.0  -10.0  -10.0  -10.0  -10.0  -10.0  -10.0
 1837   -10.0  -10.0  -10.0  -10.0  -10.0  -10.0  -10.0  -10.0  -10.0  -10.0  -10.0  -10.0
 1838   -10.0  -10.0  -10.0  -10.0  -10.0  -10.0  -10.0  -10.0  -10.0  -10.0  -10.0  -10.0
 1839   -10.0  -10.0  -10.0  -10.0  -10.0  -10.0  -10.0  -10.0  -10.0  -10.0  -10.0  -10.0
 1840   -10.0  -10.0  -10.0  -10.0  -10.0  -10.0  -10.0  -10.0  -10.0  -10.0  -10.0  -10.0
 1841   -10.0  -10.0  -10.0  -10.0  -10.0  -10.0  -10.0  -10.0  -10.0  -10.0  -10.0  -10.0
 1842   -10.0  -10.0  -10.0  -10.0  -10.0  -10.0  -10.0  -10.0  -10.0  -10.0  -10.0  -10.0
 1843   -10.0  -10.0  -10.0  -10.0  -10.0  -10.0  -10.0  -10.0  -10.0  -10.0  -10.0  -10.0
 1844   -10.0  -10.0  -10.0  -10.0  -10.0  -10.0  -10.0  -10.0  -10.0  -10.0  -10.0  -10.0
 1845  1022.6 1016.8 1019.2 1015.2 1010.6 1008.2 1008.2 1006.0 1011.6 1016.5 1021.7 1022.5
 1846  1024.2 1020.6 1019.2 1013.4 1013.3 1009.5 1009.6 1002.2 1011.9 1013.7 1023.0 1020.5
 1847  1020.7 1018.7 1016.9 1014.7 1012.4 1008.2 1006.9 1006.7 1011.9 1016.5 1018.3 1018.0
 1848  1020.8 1020.8 1015.6 1015.6 1009.8 1007.3 1008.4 1010.2 1008.6  -10.0  -10.0  -10.0
 1849   -10.0  -10.0  -10.0  -10.0  -10.0  -10.0  -10.0  -10.0  -10.0  -10.0  -10.0  -10.0
 1850   -10.0  -10.0  -10.0  -10.0  -10.0  -10.0  -10.0  -10.0  -10.0  -10.0  -10.0  -10.0
 1851   -10.0  -10.0  -10.0  -10.0  -10.0  -10.0  -10.0  -10.0  -10.0  -10.0 1017.8 1021.9
 1852  1021.0 1022.6 1017.9 1015.8 1009.7 1007.8 1011.1 1010.3 1011.4 1017.3 1018.2 1020.0
 1853  1020.0 1019.5 1017.2 1013.0 1010.1 1008.7 1008.8 1006.1 1007.8 1019.1 1019.6 1024.1
 1854  1022.8 1020.0 1020.8 1014.5 1014.3 1009.3 1008.8 1008.5 1013.5 1020.1 1020.6 1022.5
 1855  1019.9 1020.8 1019.0 1017.2 1013.4 1008.7 1007.8 1007.2 1011.1  -10.0 1022.5 1018.1
 1856  1023.6 1021.3 1018.2 1013.2 1012.5 1009.2 1012.0  -10.0  -10.0  -10.0  -10.0  -10.0
 1857   -10.0  -10.0  -10.0  -10.0  -10.0  -10.0  -10.0  -10.0  -10.0  -10.0 1017.5 1021.8
 1858  1015.0 1015.2 1015.8 1014.2 1013.4 1012.1 1017.2 1004.9 1009.9 1011.3 1014.8 1015.6
 1859   -10.0  -10.0  -10.0  -10.0  -10.0  -10.0  -10.0  -10.0  -10.0  -10.0  -10.0  -10.0
 1860   -10.0  -10.0  -10.0  -10.0  -10.0  -10.0  -10.0  -10.0  -10.0  -10.0  -10.0  -10.0
 1861   -10.0  -10.0  -10.0  -10.0  -10.0  -10.0  -10.0  -10.0  -10.0  -10.0  -10.0  -10.0
 1862   -10.0  -10.0  -10.0  -10.0  -10.0  -10.0  -10.0  -10.0  -10.0  -10.0  -10.0  -10.0
 1863   -10.0  -10.0  -10.0  -10.0  -10.0  -10.0  -10.0  -10.0  -10.0  -10.0  -10.0  -10.0
 1864   -10.0  -10.0  -10.0  -10.0  -10.0  -10.0  -10.0  -10.0  -10.0  -10.0  -10.0  -10.0
 1865   -10.0  -10.0  -10.0  -10.0  -10.0  -10.0  -10.0  -10.0  -10.0  -10.0  -10.0  -10.0
 1866   -10.0  -10.0  -10.0  -10.0  -10.0  -10.0  -10.0  -10.0  -10.0  -10.0  -10.0  -10.0
 1867   -10.0  -10.0  -10.0  -10.0  -10.0  -10.0  -10.0  -10.0  -10.0  -10.0  -10.0  -10.0
 1868   -10.0  -10.0  -10.0  -10.0  -10.0  -10.0  -10.0  -10.0  -10.0  -10.0  -10.0  -10.0
 1869   -10.0  -10.0  -10.0  -10.0  -10.0  -10.0  -10.0  -10.0  -10.0  -10.0  -10.0  -10.0
 1870   -10.0  -10.0  -10.0  -10.0  -10.0  -10.0  -10.0  -10.0  -10.0  -10.0  -10.0  -10.0
 1871   -10.0  -10.0  -10.0  -10.0  -10.0  -10.0  -10.0  -10.0  -10.0  -10.0 1020.1 1022.6
 1872  1023.7 1022.7 1018.1 1016.3 1012.3 1010.9 1007.1 1005.3 1012.1 1016.7 1021.8 1020.0
 1873  1019.7 1019.4 1020.9 1015.9 1011.3 1007.3 1011.0 1009.6 1009.6 1016.5 1020.7 1021.2
 1874  1022.8 1020.4 1017.9 1016.4 1010.1 1010.1 1007.5 1008.1 1012.4 1017.1 1021.9 1021.1
 1875  1021.2 1021.0 1017.7 1015.2 1013.8 1009.0 1008.7 1008.8 1010.8 1016.3 1020.0 1019.9
 1876  1022.1 1020.7 1017.9 1013.4 1012.7 1008.7 1009.8 1010.4 1011.1 1017.0 1017.8 1022.7
 1877  1024.3 1020.9 1017.7 1017.8 1013.2 1010.7 1011.5 1008.4 1013.6 1017.7 1021.9 1021.2
 1878  1023.8 1023.3 1022.8 1017.9 1011.7 1009.4 1010.4 1009.9 1009.0 1017.9 1022.8 1021.5
 1879  1022.5 1019.2 1017.6 1015.2 1009.8 1009.3 1010.4 1009.8 1009.7 1017.9 1018.4 1016.3
 1880  1023.1 1018.9 1018.1 1016.4 1011.5 1008.2 1005.2 1003.9 1012.9 1015.4 1019.3 1022.7
 1881  1018.7 1020.3 1021.1 1013.8 1012.7 1009.4 1008.5 1009.4 1011.0 1015.8 1017.7 1022.7
 1882  1022.2 1020.5 1018.7 1013.7 1009.5 1007.6 1008.4 1007.2 1011.2 1014.5 1021.3 1022.6
 1883  1021.0 1020.8 1016.8 1014.4 1010.5 1009.4 1007.6 1007.6 1012.0 1015.8 1020.1 1021.9
 1884  1022.7 1021.6 1015.9 1015.2 1010.9 1008.2 1010.0 1005.9 1011.4 1018.1 1019.3 1022.8
 1885  1022.7 1021.2 1018.5 1014.6 1011.3 1008.1 1008.8 1009.8 1010.2 1015.3 1020.1 1019.8
 1886  1020.6 1022.6 1019.4 1015.6 1012.8 1010.2 1010.7 1010.2 1010.2 1016.3 1021.1 1021.6
 1887  1020.4 1021.5 1018.7 1014.4 1013.2 1006.7 1009.8 1008.0 1012.3 1015.5 1021.0 1021.0
 1888  1021.8 1021.8 1018.3 1013.6 1010.3 1006.2 1007.7 1009.5 1011.9 1018.3 1018.6 1021.4
 1889  1023.5 1020.1 1019.6 1014.2 1012.3 1007.8  -10.0 1008.4 1011.6 1016.5 1021.5 1022.4
 1890  1021.4 1019.4 1018.3 1015.1 1010.8 1010.3 1009.5 1005.8 1008.2 1015.1 1021.5 1018.0
 1891  1021.6 1020.9 1018.7 1016.3 1011.6 1008.1 1008.7 1011.0 1010.8 1016.2 1021.5 1025.0
 1892  1023.6 1019.0 1019.0 1015.0 1012.2 1008.6 1008.9 1011.4 1008.0 1016.9 1019.8 1023.4
 1893  1019.6 1022.6 1018.7 1014.2 1013.4 1011.3 1010.3 1009.1 1013.8 1017.4 1021.5 1023.0
 1894  1020.7 1022.7 1018.6 1015.6 1013.5 1011.4 1010.6 1008.4 1012.4 1017.5 1021.8 1022.2
 1895  1022.6 1020.1 1018.7 1015.6 1014.0 1009.4 1006.9 1007.2 1012.2 1015.3 1022.2 1021.2
 1896  1021.4 1022.7 1021.0 1015.9 1013.2 1010.9 1008.2 1010.0 1010.0 1017.8 1019.0 1023.4
 1897  1021.5 1022.1 1019.8 1016.2 1010.5 1007.3 1009.8 1010.5 1011.8 1017.9 1019.0 1025.7
 1898  1022.5 1016.1 1018.1 1017.4 1010.1 1007.4 1010.9 1008.5 1011.1 1016.2 1019.5 1020.1
 1899  1022.9 1020.1 1018.6 1016.2 1012.5 1010.6 1002.7 1010.6 1011.8 1018.6 1021.8 1020.2
 1900  1023.5 1022.3 1018.7 1015.1 1010.6 1010.3 1007.7 1007.7 1011.3 1018.3 1019.9 1023.0
 1901  1021.1 1019.5 1021.4 1013.7 1011.7 1006.1 1006.9 1009.9 1010.3 1014.2 1020.5 1022.3
 1902  1021.5 1024.6 1017.4 1015.9 1011.1 1006.6 1008.7 1008.3 1009.5 1019.0 1021.0 1018.5
 1903  1021.1 1022.9 1016.9 1015.9 1013.9 1007.5 1008.5 1012.3 1012.9 1016.3 1021.0 1022.2
 1904  1024.9 1021.4 1017.7 1016.9 1012.2 1010.2 1008.5 1008.2 1011.5 1017.3 1021.0 1022.6
 1905  1017.9 1019.4 1019.4 1015.4 1013.4 1007.0 1008.5 1008.6 1014.3 1017.4 1022.1 1020.7
 1906  1023.0 1017.5 1018.9 1015.7 1011.4 1007.8 1003.5 1008.2 1012.9 1016.7 1021.7 1020.5
 1907  1021.4 1021.3 1018.6 1015.7 1011.3 1008.3 1006.2 1006.2 1009.9 1016.6 1020.7 1023.0
 1908  1023.5 1021.1 1019.7 1015.5 1011.9 1008.6 1007.1 1008.1 1012.2 1016.5 1020.3 1022.3
 1909  1021.1 1020.5 1019.5 1014.3 1013.1 1007.8 1011.8 1004.5 1010.3 1017.5 1019.9 1023.4
 1910  1019.5 1019.9 1018.5 1015.8 1012.1 1008.3 1007.5 1007.4 1011.0 1017.0 1019.9 1023.7
 1911  1021.1 1024.6 1017.4 1015.1 1013.5 1008.3 1009.7 1007.8 1013.3 1016.7 1020.6 1024.2
 1912  1023.5 1019.4 1017.9 1017.1 1011.8 1005.5 1008.5 1009.4 1011.0 1018.1 1021.7 1024.6
 1913  1023.8 1021.4 1018.7 1014.3 1011.4 1007.0 1008.3 1006.5 1012.6 1015.7 1022.6 1023.1
 1914  1022.7 1020.5 1017.4 1014.6 1013.0 1009.0 1008.5 1006.7 1012.2 1018.9 1020.7 1021.3
 1915  1023.1 1018.1 1018.9 1015.7 1011.5 1009.7 1008.9 1004.1 1010.2 1015.4 1022.6 1021.3
 1916  1023.3 1017.0 1019.3 1016.3 1012.6 1008.3 1008.7 1004.9 1012.7 1017.9 1020.7 1021.5
 1917  1023.0 1019.1 1019.7 1013.3 1011.9 1008.6 1010.3 1008.6 1013.1 1015.7 1021.7 1020.1
 1918  1022.6 1023.3 1019.1 1015.8 1012.1 1009.8 1005.4 1010.6 1010.6 1017.9 1021.8 1021.9
 1919  1021.4 1020.3 1017.5 1015.0 1013.3 1006.2 1009.4 1007.5 1011.3 1016.5 1019.5 1022.5
 1920  1020.6 1022.9 1020.2 1017.0 1007.9 1007.3 1009.4 1004.9 1011.5 1016.6 1020.1 1021.9
 1921  1023.3 1019.7 1018.1 1015.7 1010.7 1006.7 1010.2 1007.0 1012.3 1017.1 1021.9 1023.1
 1922  1023.5 1019.1 1018.9 1015.4 1011.5 1007.3 1009.4 1008.5 1013.5 1016.6 1020.2 1022.1
 1923  1023.9 1018.6 1021.5 1015.7 1010.7 1008.1 1008.9 1009.1 1008.6 1016.1 1019.4 1023.9
 1924  1022.6 1018.6 1021.3 1015.0 1010.3 1008.5 1012.6 1005.1 1012.1 1017.1 1019.9 1022.3
 1925  1021.0 1022.2 1018.7 1018.3 1011.3 1007.3 1009.1 1007.7 1009.8 1017.1 1020.1 1022.1
 1926  1024.1 1023.4 1019.7 1014.5 1012.7 1010.3 1010.2 1011.1 1012.2 1016.7 1021.5 1021.9
 1927  1021.7 1021.0 1019.0 1016.5 1013.0 1009.3 1010.7 1007.7 1009.5 1017.7 1018.5 1020.6
 1928  1023.0 1023.0 1017.8 1015.5 1012.1 1007.9 1009.0 1004.3 1011.5 1017.7 1021.8 1023.0
 1929  1023.4 1021.5 1019.5 1016.1 1012.3 1007.4 1010.5 1009.4 1012.2 1016.6 1022.5 1021.4
 1930  1024.1 1020.6 1019.5 1014.6 1013.9 1009.7 1008.3 1007.7 1014.2 1015.9 1021.9 1023.0
 1931  1020.7 1020.1 1018.6 1015.9 1013.4 1007.9 1008.5 1009.9 1012.7 1019.3 1020.9 1023.4
 1932  1025.8 1021.7 1019.9 1015.1 1013.3 1008.7 1010.3 1007.0 1012.2 1018.6 1020.6 1023.1
 1933  1025.0 1021.0 1018.9 1016.1 1014.1 1008.9 1010.3 1008.2 1011.8 1017.5 1020.5 1018.5
 1934  1023.3 1019.8 1016.6 1016.2 1013.3 1010.1 1009.5 1011.3 1011.4 1019.7 1020.5 1022.5
 1935  1021.0 1021.1 1017.5 1015.1 1012.6 1008.5 1008.7 1006.9 1009.5 1016.5 1021.8 1023.7
 1936  1023.1 1018.9 1023.3 1013.8 1013.5 1009.7 1008.5 1009.7 1012.5 1016.2 1021.7 1022.1
 1937  1022.3 1019.7 1015.8 1017.3 1011.8 1009.5 1007.5 1013.3 1013.1 1017.5 1019.5 1020.7
 1938  1025.1 1019.9 1018.1 1014.5 1012.6 1007.4 1009.4 1007.0 1011.7 1015.7 1021.3 1022.5
 1939  1023.7 1022.5 1016.7 1015.9 1012.2 1007.9 1009.0 1006.3 1011.9 1016.9 1020.3 1026.5
 1940  1020.0 1023.0 1017.9 1015.8 1013.2 1010.3 1011.0 1011.0 1009.9 1017.1 1021.3 1021.6
 1941  1019.9 1022.1 1018.3 1015.1 1012.4 1008.6 1006.5 1006.7 1011.6 1019.9 1019.9 1021.1
 1942  1021.8 1021.4 1019.2 1018.0 1011.2 1008.3 1010.2 1007.1 1011.9 1017.5 1021.1 1021.1
 1943  1023.8 1022.5 1016.3 1017.1 1012.4 1008.5 1007.3 1009.1 1012.6 1016.9 1021.3 1024.8
 1944  1024.4 1021.3 1017.5 1015.2 1012.8 1009.3 1010.7 1010.8 1011.4 1017.4 1017.8 1022.8
 1945  1021.2 1020.7 1021.6 1015.8 1010.4 1008.7 1007.4 1011.0 1012.0 1016.5 1019.9 1020.4
 1946  1022.2 1021.1 1019.9 1016.2 1011.6 1010.1 1006.7 1007.0 1011.8 1018.5 1019.1 1020.6
 1947  1020.6 1020.6 1020.0 1015.5 1012.4 1009.0 1009.8 1013.1 1011.5 1018.3 1022.1 1023.6
 1948  1021.6 1020.1 1019.5 1015.5 1013.5 1007.9 1009.8 1008.2 1012.8 1017.8 1023.0 1021.2
 1949  1021.6 1017.4 1018.8 1016.6 1012.0 1006.9 1009.0 1007.5 1012.6 1016.7 1021.1 1020.0
 1950  1018.0 1019.5 1018.3 1015.2 1011.4 1008.9 1005.9 1005.6 1011.0 1017.9 1018.2 1022.3
 1951  1023.3 1018.1 1019.9 1016.7 1012.6 1008.5 1009.7 1009.0 1013.3 1015.6 1021.0 1022.0
 1952  1021.7 1021.2 1016.9 1016.0 1012.0 1007.9 1007.3 1010.1 1013.2 1017.7 1018.3 1024.3
 1953  1022.0 1024.4 1017.6 1017.3 1011.9 1007.6 1008.8 1009.0 1011.7 1016.7 1021.5 1024.0
 1954  1019.0 1020.3 1020.7 1014.2 1011.5 1006.8 1006.8 1008.0 1007.7 1017.2 1019.4 1024.1
 1955  1025.3 1016.9 1018.7 1015.5 1010.5 1008.9 1007.4 1009.0 1010.9 1015.5 1021.3 1020.1
 1956  1018.3 1018.6 1018.7 1014.2 1012.0 1009.0 1007.8 1008.3 1010.7 1017.4 1023.0 1025.6
 1957  1021.5 1022.3 1018.7 1016.3 1011.7 1007.9 1007.7 1006.8 1010.5 1016.8 1021.1 1021.2
 1958  1023.5 1020.1 1017.9 1015.8 1012.2 1008.4 1008.2 1010.1 1011.0 1017.9 1021.0 1021.0
 1959  1021.8 1020.3 1021.1 1014.7 1012.4 1007.5 1008.2 1005.7 1010.0 1016.3 1019.4 1023.0
 1960  1022.7 1021.6 1016.7 1015.5 1010.7 1009.6 1010.0 1007.2 1013.3 1017.3 1020.2 1022.0
 1961  1023.6 1019.8 1019.4 1015.6 1011.8 1008.2 1007.7 1008.6 1010.8 1014.7 1021.7 1020.7
 1962  1019.2 1020.9 1017.3 1016.2 1011.4 1007.7 1007.7 1010.1 1013.1 1017.3 1020.3 1020.4
 1963  1015.7 1021.8 1018.3 1017.5 1011.6 1009.1 1009.9 1006.4 1010.8 1018.0 1020.4 1021.7
 1964  1020.5 1024.4 1019.2 1016.9 1013.6 1007.5 1009.9 1006.2 1012.3 1018.3 1019.7 1022.8
 1965  1021.6 1020.0 1018.6 1015.7 1010.8 1008.7 1009.0 1009.3 1010.5 1018.3 1020.8 1021.6
 1966  1022.3 1019.4 1014.3 1014.4 1011.8 1009.0 1009.9 1005.0 1009.2 1016.7 1020.2 1022.1
 1967  1023.7 1022.8 1018.6 1017.1 1010.8 1006.1 1005.3 1008.2 1009.7 1016.5 1022.5 1023.1
 1968  1020.3 1023.2 1017.2 1018.4 1010.5 1010.0 1005.1 1007.2 1011.7 1016.3 1021.9 1018.6
 1969  1019.1 1020.0 1018.6 1016.3 1009.6 1008.1 1009.9 1009.4 1012.0 1016.2 1021.8 1023.8
 1970  1022.0 1021.6 1020.6 1016.9 1010.9 1010.2 1007.1 1007.4 1011.9 1017.8 1021.0 1021.9
 1971  1020.5 1020.0 1020.0 1015.8 1013.3 1007.8 1008.1 1005.9 1010.8 1018.1 1021.8 1022.9
 1972  1021.7 1016.7 1017.7 1016.6 1011.0 1007.0 1004.6 1010.6 1011.9 1017.6 1020.0 1021.8
 1973  1021.3 1019.7 1019.2 1014.2 1012.1 1008.0 1008.6 1012.1 1013.1 1018.0 1020.6 1021.6
 1974  1021.1 1020.3 1019.7 1014.0 1012.5 1006.8 1007.3 1005.4 1011.3 1016.3 1021.7 1023.9
 1975  1021.4 1019.1 1017.0 1014.2 1010.8 1007.1 1008.2 1008.0 1012.0 1015.6 1020.1 1021.8
 1976  1022.3 1018.8 1017.9 1015.6 1011.4 1008.6 1007.7 1010.6 1010.2 1016.1 1021.5 1021.1
 1977  1023.5 1023.4 1020.0 1015.4 1011.8 1006.5 1008.8 1004.5 1011.4 1018.9 1020.5 1022.6
 1978  1019.3 1020.9 1017.2 1013.9 1012.4 1009.2 1008.1 1009.2 1011.5 1017.9 1020.5 1023.5
 1979  1021.1 1017.2 1017.1 1015.9 1011.9 1011.6 1007.7 1008.3 1012.4 1015.6 1022.2 1023.7
 1980  1019.8 1023.1 1018.0 1016.6 1012.5 1011.2 1007.6 1007.9 1011.9 1017.2 1019.9 1019.6
 1981  1022.9 1019.4 1018.7 1014.8 1011.9 1009.8 1010.2 1005.5 1011.8 1016.6 1021.6 1023.7
 1982  1021.9 1021.0 1018.2 1016.0 1012.5 1007.4 1007.3 1008.4 1011.9 1016.7 1020.3 1022.8
 1983  1025.1 1021.4 1017.7 1014.8 1012.2 1008.0 1008.2 1007.7 1011.1 1017.4 1020.7 1022.2
 1984  1022.1 1020.9 1018.9 1015.9 1012.5 1007.7 1005.9 1008.8 1012.8 1016.9 1020.8 1021.3
 1985  1023.4 1016.5 1020.7 1013.9 1012.3 1008.3 1008.9 1007.9 1014.2 1017.3 1019.4 1022.4
 1986  1022.0 1021.2 1017.2 1016.1 1009.7 1008.2 1009.5 1007.2 1011.9 1019.1 1022.5 1022.3
 1987  1023.1 1020.7 1016.4 1017.0 1013.6 1008.4 1008.2 1009.5 1012.7 1016.9 1020.5 1023.7
 1988  1021.6 1022.5 1017.6 1016.1 1010.8 1006.7 1007.2 1007.1 1010.6 1015.8 1019.6 1023.7
 1989  1021.9 1020.7 1017.9 1013.5 1011.7 1008.8 1009.3 1006.3 1011.4 1017.5 1022.7 1022.1
 1990  1024.0 1022.0 1019.3 1014.7 1013.6 1009.5 1008.3 1006.9 1012.1 1016.8 1020.1 1022.7
 1991  1022.3 1020.7 1018.2 1014.9 1012.7 1008.0 1007.8 1004.7 1010.2 1014.4 1022.3 1022.6
 1992  1022.2 1020.1 1017.9 1012.5 1011.4 1008.3 1010.1 1007.1 1011.2 1017.2 1022.1 1023.0
 1993  1021.8 1020.4 1018.9 1015.8 1011.8 1007.4 1006.3 1007.4 1012.3 1018.4 1021.4 1023.6
 1994  1020.6 1017.5 1020.5 1014.2 1010.5 1008.1 1007.0 1010.3 1009.6 1017.0 1022.8 1023.7
 1995  1022.2 1020.7 1017.5 1015.4 1012.3 1006.7 1010.3 1012.3 1011.9 1017.0 1019.4 1023.6
 1996  1022.0 1022.2 1017.1 1017.3 1012.9 1008.7 1009.3 1008.0 1010.8 1017.0 1020.1 1021.6
 1997  1020.5 1021.1 1019.6 1016.0 1010.3 1008.2 1008.7 1009.2 1011.5 1017.7 1020.3 1022.7
 1998  1021.4 1019.5 1019.4 1015.5 1013.3 1008.6 1007.0 1009.7 1010.0 1015.5 1019.5 1023.3
 1999  1021.0 1021.7 1015.4 1014.1 1012.3 1008.5 1006.1 1007.5 1010.5 1017.5 1020.2 1024.3
 2000  1022.3 1020.5 1017.6 1013.2 1011.4 1008.3 1007.4 1009.3 1010.0 1016.3 1020.4 1021.8
  -10
 source  http://www.cru.uea.ac.uk/cru/data/nagasaki.htm
 This file created at the from NOAA/PSL and CU-CIRES by CAS  
 *   Ko"nnen, G.P., Zaiki, M., Baede, A.P.M., Mikami, T., Jones,
 P.D. and Tsukuhara, T., 2002:
   Pre-1872 extension of the Japanese instrumental meteorological
  observation series back to 1819.
  J. Climate (in press)
  units=mb
