  1821 2025
 1821   -10.0  -10.0  -10.0  -10.0  -10.0  -10.0 1015.5 1016.1 1017.9 1018.3 1023.8 1025.1
 1822  1025.7 1025.1 1020.6 1013.1 1014.9 1017.0 1015.2 1015.8 1017.2 1015.5 1020.8 1017.5
 1823  1015.7  -10.0  -10.0  -10.0 1022.8 1016.9 1017.2 1017.7 1018.0 1018.1 1018.7 1019.0
 1824  1018.8 1018.3 1018.0 1017.7 1017.2 1016.7 1016.7 1017.2 1017.7  -10.0 1018.9 1019.4
 1825  1019.3 1019.0 1018.6 1018.1 1018.4 1017.5 1016.8 1016.5 1017.6 1020.9 1021.4 1015.3
 1826  1013.8 1026.4 1016.2 1017.0 1014.5 1017.6 1016.5 1016.5 1017.6 1017.2 1016.2 1019.8
 1827  1020.2 1013.9 1021.6 1015.4 1015.8 1015.2 1017.6 1014.5 1016.9 1014.7 1017.8 1023.7
 1828  1024.2 1016.9 1018.5 1015.2 1014.1 1015.2 1013.0 1013.8 1015.8 1018.0 1014.4 1023.6
 1829  1015.2 1021.5 1014.0 1016.9 1017.6 1017.7 1016.1 1017.4 1018.7 1021.7 1019.3 1019.8
 1830  1016.7 1021.7 1024.6 1018.8 1016.0 1016.3 1017.6 1016.0 1017.6 1022.3 1021.1 1015.2
 1831  1015.6 1024.1 1017.7 1009.9 1014.0 1015.3 1017.0 1012.8 1014.8 1018.0 1021.4 1019.4
 1832  1019.1 1015.1 1017.5 1013.7 1015.7 1014.0 1016.2 1017.5 1019.3 1020.5 1018.0 1025.7
 1833  1021.8 1024.5 1013.0 1016.4 1015.9 1016.1 1017.3 1015.5 1016.2 1014.4 1019.6 1029.3
 1834  1027.6 1023.1 1020.0 1015.8 1015.6 1016.8 1015.8 1015.1 1018.8 1019.0 1015.4 1023.1
 1835  1024.1 1025.7 1020.7 1016.5 1017.0 1016.5 1016.6 1016.5 1016.0 1018.3 1017.7 1018.9
 1836  1023.4 1018.8 1019.2 1014.2 1015.0 1018.8 1018.0 1016.1 1017.6 1017.5 1021.5 1020.3
 1837  1021.1 1028.1 1014.6 1017.1 1015.9 1014.8 1015.1 1016.8 1017.0 1022.1 1021.3 1023.8
 1838  1015.5 1016.0 1021.5 1016.1 1014.9 1017.6 1016.8 1017.7 1017.8 1019.5 1017.4 1024.1
 1839  1026.0 1026.6 1019.3 1016.0 1015.4 1017.4 1017.2 1016.1 1018.4 1016.0 1015.5 1022.1
 1840  1029.2 1019.0 1017.0 1015.7 1018.2 1017.1 1016.4 1014.7 1017.8 1016.3 1020.6 1016.7
 1841  1023.8 1014.8 1022.0 1016.1 1017.2 1017.2 1016.6 1017.0 1017.1 1016.8 1025.8 1022.4
 1842  1026.3 1024.4 1023.5 1016.9 1014.1 1012.9 1013.8 1014.1 1014.5 1015.0 1016.3 1017.5
 1843  1027.1 1012.4 1016.5 1019.0 1017.8 1016.1 1018.1 1017.4 1018.3 1017.7 1018.0 1028.3
 1844  1022.9 1020.5 1018.4 1017.5 1013.9 1017.8 1017.1 1015.5 1016.8 1016.5 1019.2 1017.3
 1845  1021.8 1018.9 1018.2 1017.2 1015.6 1017.6 1017.1 1016.6 1017.3 1020.3 1017.7 1022.4
 1846  1025.3 1021.9 1022.4 1015.6 1015.0 1017.1 1016.8 1015.5 1016.9 1017.2 1018.8 1018.1
 1847  1020.3 1020.5 1016.7 1016.6 1017.6 1015.7 1016.5 1016.4 1018.1 1019.8 1021.1 1020.8
 1848  1017.3 1023.6 1016.6 1016.2 1015.8 1016.4 1017.8 1016.8 1014.9 1017.0 1019.8 1025.1
 1849  1025.4 1027.0 1016.2 1015.1 1015.9 1015.0 1016.7 1017.0 1017.3 1019.3 1020.4 1021.8
 1850  1022.9 1027.7 1015.7 1017.9 1015.3 1016.5 1016.8 1016.4 1016.7 1015.4 1023.5 1024.6
 1851  1025.1 1019.6 1023.0 1015.5 1014.2 1016.0 1012.9 1020.2 1020.6 1020.2 1020.3 1026.5
 1852  1020.9 1020.9 1015.1 1016.0 1016.2 1017.0 1015.3 1017.5 1017.3 1018.2 1018.2 1023.4
 1853  1021.0 1012.1 1019.2 1017.7 1013.1 1017.4 1016.7 1015.1 1016.7 1018.2 1016.9 1013.6
 1854  1021.3 1023.7 1025.0 1018.0 1015.8 1017.0 1015.7 1015.1 1019.7 1019.9 1017.6 1025.8
 1855  1020.7 1013.5 1016.8 1016.3 1014.8 1017.7 1014.3 1019.1 1018.4 1017.3 1015.4 1017.6
 1856  1018.0 1020.8 1015.8 1019.0 1016.8 1018.0 1016.3 1016.5 1018.0 1021.6 1020.3 1022.0
 1857  1019.7 1017.9 1019.5 1018.0 1016.2 1018.0 1019.0 1016.2 1019.7 1017.8 1017.2 1028.1
 1858  1025.4 1016.5 1017.2 1018.4 1017.2 1016.0 1015.3 1015.1 1018.4 1016.5 1012.8 1024.7
 1859  1027.4 1023.3 1022.9 1018.0 1014.1 1017.0 1017.7 1015.5 1018.0 1017.2 1020.9 1019.3
 1860  1023.4 1019.9 1020.2 1015.3 1015.8 1015.7 1014.6 1015.1 1017.0 1021.2 1016.5 1018.0
 1861  1020.0 1019.6 1019.9 1015.6 1014.1 1016.0 1015.3 1017.5 1017.3 1015.8 1018.6 1016.9
 1862  1022.0 1018.2 1014.5 1016.7 1015.3 1014.8 1015.0 1014.3 1015.8 1017.7 1017.6 1026.3
 1863  1021.9 1024.2 1020.6 1015.0 1014.8 1015.7 1016.2 1016.7 1018.5 1016.3 1021.5 1025.4
 1864  1023.7 1017.6 1013.1 1015.6 1014.8 1017.7 1015.7 1016.8 1018.7 1011.1 1018.2 1018.3
 1865  1020.0 1020.3 1016.5 1017.0 1016.8 1017.4 1016.3 1015.8 1019.7 1016.5 1019.3 1025.1
 1866  1025.4 1020.3 1013.8 1016.3 1015.1 1015.7 1016.7 1016.2 1018.0 1018.5 1021.6 1025.4
 1867  1018.6 1028.4 1014.5 1020.0 1015.5 1016.3 1016.0 1016.8 1018.4 1018.9 1019.9 1019.3
 1868  1024.1 1026.4 1021.6 1018.4 1016.2 1017.0 1016.3 1017.9 1016.7 1019.9 1020.3 1023.4
 1869  1026.1 1027.4 1016.1 1020.7 1015.5 1017.0 1016.3 1017.9 1018.4 1019.9 1021.3 1019.3
 1870  1021.4 1015.3 1015.2 1018.8 1017.6 1017.5 1015.4 1014.6 1019.1 1021.0 1017.7 1016.0
 1871  1020.8 1025.1 1019.3 1018.5 1013.6 1017.1 1016.8 1018.3 1017.1 1016.6 1016.0 1019.8
 1872  1021.5 1019.8 1015.0 1015.8 1016.7 1016.2 1014.2 1016.0 1016.2 1016.7 1020.5 1018.6
 1873  1023.9 1023.2 1014.0 1015.2 1016.4 1016.5 1015.9 1017.4 1018.2 1016.3 1017.4 1024.9
 1874  1022.3 1023.3 1022.2 1017.6 1014.8 1017.0 1015.6 1015.8 1017.6 1018.1 1018.9 1018.3
 1875  1027.4 1017.2 1017.5 1017.0 1014.8 1016.6 1016.0 1017.1 1018.0 1017.5 1017.9 1019.3
 1876  1022.1 1022.4 1017.2 1018.4 1014.9 1016.7 1017.1 1016.2 1017.1 1015.2 1017.3 1017.7
 1877  1024.8 1024.4 1016.9 1015.0 1015.5 1016.1 1016.7 1016.2 1015.4 1020.6 1020.7 1023.8
 1878  1026.3 1026.5 1020.7 1017.5 1016.0 1015.8 1014.5 1014.6 1015.8 1017.0 1017.0 1018.5
 1879  1020.5 1020.4 1017.0 1017.2 1016.7 1016.2 1015.5 1015.3 1017.5 1016.6 1016.0 1021.8
 1880  1022.9 1020.1 1018.7 1017.2 1014.3 1017.9 1015.8 1015.0 1018.9 1018.7 1021.4 1026.6
 1881  1016.5 1017.2 1017.4 1015.2 1017.5 1016.3 1017.0 1016.4 1018.0 1016.8 1025.0 1024.3
 1882  1028.4 1028.7 1024.2 1018.6 1016.1 1017.3 1016.3 1017.5 1017.6 1019.5 1023.3 1018.9
 1883  1022.6 1026.0 1014.4 1015.2 1015.8 1015.9 1015.3 1017.5 1018.6 1019.8 1021.9 1022.6
 1884  1029.5 1019.6 1015.2 1012.6 1016.2 1016.7 1016.4 1015.9 1018.4 1019.2 1018.6 1022.4
 1885  1017.3 1021.0 1015.5 1016.0 1017.9 1017.4 1018.4 1017.2 1018.1 1019.2 1017.6 1022.1
 1886  1017.3 1019.0 1020.6 1014.0 1016.9 1014.7 1014.7 1015.5 1017.7 1017.2 1019.0 1021.7
 1887  1021.8 1023.1 1017.3 1015.4 1017.0 1017.5 1016.5 1015.6 1016.1 1019.3 1014.4 1018.8
 1888  1024.9 1015.3 1016.6 1015.4 1018.7 1016.1 1017.2 1019.7 1017.8 1020.3 1022.4 1020.1
 1889  1022.2 1022.8 1020.3 1017.8 1014.6 1017.5 1016.8 1018.0 1016.8 1016.6 1024.1 1023.5
 1890  1028.7 1016.1 1016.0 1014.5 1015.0 1017.9 1016.2 1016.1 1019.3 1021.5 1020.8 1013.8
 1891  1022.6 1025.6 1016.7 1016.6 1015.0 1015.2 1015.9 1017.8 1018.9 1014.7 1016.1 1026.0
 1892  1018.2 1016.4 1015.4 1015.2 1017.4 1017.6 1016.6 1017.1 1017.6 1015.0 1020.8 1019.6
 1893  1020.0 1024.7 1017.2 1016.7 1017.2 1017.0 1015.7 1017.2 1016.7 1020.2 1018.9 1022.7
 1894  1023.0 1024.0 1017.2 1018.4 1016.2 1018.4 1017.4 1017.2 1018.4 1016.8 1019.3 1023.7
 1895  1016.9 1012.5 1015.8 1017.1 1017.2 1017.7 1017.0 1017.5 1018.4 1016.5 1022.6 1020.7
 1896  1023.0 1024.0 1019.2 1019.7 1016.2 1017.4 1016.7 1016.5 1018.4 1017.5 1018.9 1023.0
 1897  1017.3 1028.4 1023.9 1019.0 1015.5 1017.4 1016.0 1016.8 1019.7 1019.2 1021.3 1023.4
 1898  1024.7 1022.6 1012.4 1018.0 1016.2 1016.0 1015.7 1017.5 1017.0 1016.5 1015.2 1027.4
 1899  1023.4 1016.9 1016.5 1018.4 1016.5 1016.7 1017.4 1016.2 1017.3 1018.5 1022.3 1019.3
 1900  1022.7 1016.2 1015.5 1020.0 1015.8 1016.3 1016.3 1016.2 1017.7 1019.2 1019.3 1027.1
 1901  1022.7 1017.9 1015.8 1018.0 1016.2 1016.3 1014.6 1016.8 1016.3 1017.5 1019.3 1017.6
 1902  1026.4 1016.9 1018.2 1015.3 1018.2 1016.0 1016.7 1016.2 1017.3 1018.5 1017.2 1023.4
 1903  1022.4 1029.1 1022.9 1015.3 1016.2 1016.0 1017.0 1018.2 1018.4 1018.9 1021.6 1016.3
 1904  1024.1 1020.9 1014.8 1016.7 1018.2 1016.3 1016.3 1017.5 1017.0 1017.8 1020.6 1023.7
 1905  1025.4 1026.4 1020.5 1017.0 1015.5 1015.3 1015.7 1017.2 1017.3 1016.5 1018.9 1024.1
 1906  1025.1 1021.6 1018.9 1017.3 1015.8 1016.3 1016.0 1017.2 1016.7 1017.8 1021.6 1021.3
 1907  1026.8 1020.6 1022.2 1016.3 1015.8 1017.4 1017.4 1017.9 1018.0 1016.5 1017.2 1022.7
 1908  1022.0 1025.4 1018.9 1016.7 1018.2 1017.7 1017.0 1016.5 1018.4 1018.9 1018.9 1023.0
 1909  1024.4 1018.2 1015.8 1016.0 1016.5 1017.7 1017.4 1016.5 1018.0 1018.5 1016.2 1019.7
 1910  1026.1 1024.3 1018.9 1017.3 1013.8 1016.3 1015.7 1017.5 1017.7 1017.5 1021.3 1019.7
 1911  1023.4 1024.3 1016.1 1017.3 1015.5 1018.4 1017.4 1016.2 1019.0 1018.2 1018.2 1024.7
 1912  1019.3 1017.2 1022.6 1017.0 1018.2 1016.7 1015.7 1016.8 1017.3 1018.9 1022.3 1025.1
 1913  1023.7 1022.0 1020.9 1016.0 1016.5 1018.0 1016.3 1016.2 1016.0 1016.5 1024.7 1024.4
 1914  1022.0 1020.6 1022.6 1017.3 1018.5 1017.0 1015.7 1016.5 1018.4 1017.2 1015.5 1023.7
 1915  1020.0 1023.0 1015.8 1018.4 1014.5 1016.0 1015.3 1015.8 1017.7 1016.8 1017.2 1022.0
 1916  1029.1 1022.3 1011.1 1015.6 1015.8 1015.0 1015.7 1015.5 1016.0 1021.6 1017.6 1016.9
 1917  1015.3 1016.2 1018.5 1016.7 1015.1 1017.7 1017.0 1015.5 1019.0 1019.9 1023.0 1017.3
 1918  1022.7 1027.0 1017.8 1014.0 1016.5 1017.7 1015.7 1017.2 1017.7 1018.5 1017.9 1026.4
 1919  1020.3 1018.9 1019.9 1018.0 1017.5 1017.7 1016.0 1018.5 1016.0 1018.9 1017.6 1025.1
 1920  1026.4 1021.6 1021.9 1017.7 1015.8 1015.7 1016.3 1015.5 1017.3 1016.5 1019.6 1020.7
 1921  1028.5 1018.9 1020.2 1015.6 1014.5 1016.3 1016.0 1015.1 1016.3 1018.5 1017.9 1024.4
 1922  1021.3 1020.9 1019.2 1019.4 1018.9 1016.0 1017.0 1015.1 1017.7 1014.1 1020.9 1023.7
 1923  1025.8 1022.6 1017.8 1014.0 1017.5 1017.7 1016.0 1015.8 1019.7 1018.2 1016.2 1024.7
 1924  1020.7 1015.9 1014.5 1016.7 1015.8 1015.7 1015.3 1015.1 1017.3 1018.5 1018.9 1024.7
 1925  1031.2 1022.3 1015.8 1018.4 1016.5 1014.6 1016.7 1016.5 1017.3 1017.8 1015.9 1021.7
 1926  1023.4 1021.3 1020.2 1018.4 1015.5 1015.7 1015.0 1016.8 1018.4 1014.5 1017.2 1022.0
 1927  1025.1 1022.0 1022.9 1017.7 1015.1 1016.0 1016.0 1016.8 1016.3 1017.2 1016.5 1015.3
 1928  1025.4 1026.7 1016.1 1014.6 1014.5 1015.7 1017.0 1014.8 1016.0 1018.5 1021.6 1022.4
 1929  1023.4 1018.9 1018.9 1013.6 1016.8 1017.0 1017.0 1015.8 1017.0 1018.5 1020.6 1025.1
 1930  1020.7 1019.3 1017.8 1012.9 1017.9 1014.6 1015.0 1016.8 1017.7 1019.5 1021.6 1021.3
 1931  1021.8 1021.8 1014.2 1014.5 1016.3 1016.9 1015.3 1015.6 1016.8 1018.9 1019.9 1023.7
 1932  1028.8 1018.0 1015.2 1017.6 1017.3 1016.6 1015.0 1016.8 1016.6 1018.7 1020.5 1021.6
 1933  1020.4 1018.6 1019.9 1018.1 1016.1 1014.6 1017.8 1016.6 1016.3 1016.8 1014.1 1018.1
 1934  1028.3 1022.8 1016.5 1015.0 1016.7 1015.7 1015.1 1015.6 1018.6 1019.9 1017.3 1023.2
 1935  1021.8 1023.1 1019.8 1018.2 1014.5 1017.6 1016.1 1014.5 1018.1 1018.1 1019.1 1019.1
 1936  1019.7 1013.8 1014.5 1015.5 1013.6 1017.8 1017.1 1017.4 1018.1 1019.9 1018.3 1025.5
 1937  1022.7 1021.9 1017.0 1017.5 1018.3 1017.2 1015.5 1015.0 1016.1 1014.8 1018.3 1020.1
 1938  1025.2 1023.6 1024.0 1015.5 1016.4 1017.0 1016.6 1015.7 1017.1 1018.1 1022.3 1017.5
 1939  1021.6 1022.8 1018.4 1016.8 1015.3 1016.1 1016.4 1015.7 1015.9 1016.2 1021.9 1020.1
 1940  1017.1 1017.3 1017.5 1017.7 1015.3 1014.9 1015.9 1015.8 1016.7 1015.0 1021.3 1026.6
 1941  1015.3 1018.0 1018.1 1013.8 1016.6 1017.3 1016.2 1015.5 1017.4 1019.5 1017.5 1024.8
 1942  1022.2 1014.6 1015.5 1014.4 1017.4 1015.9 1016.0 1015.2 1016.2 1017.4 1017.0 1022.3
 1943  1023.1 1025.8 1016.3 1019.6 1019.4 1019.0 1016.1 1016.8 1016.0 1017.9 1021.1 1019.6
 1944  1029.9 1017.6 1018.5 1018.0 1017.2 1014.6 1015.6 1015.1 1018.1 1016.5 1020.6 1020.4
 1945  1020.6 1029.0 1026.1 1018.8 1014.8 1017.1 1016.2 1014.2 1018.7 1020.4 1016.8 1020.8
 1946  1022.0 1024.6 1017.0 1014.9 1014.5 1018.2 1017.3 1015.6 1019.0 1016.9 1018.1 1022.3
 1947  1019.7 1012.1 1017.1 1023.7 1014.6 1016.6 1015.5 1015.2 1018.2 1019.1 1021.3 1022.1
 1948  1021.9 1021.6 1026.1 1014.2 1015.2 1017.4 1016.7 1016.3 1018.5 1018.5 1025.4 1022.7
 1949  1024.5 1027.0 1017.2 1018.5 1015.1 1016.6 1016.3 1016.8 1016.6 1021.3 1018.3 1019.6
 1950  1021.2 1026.0 1021.0 1016.5 1015.6 1017.6 1014.8 1013.8 1017.4 1018.9 1021.0 1018.6
 1951  1021.6 1019.3 1015.0 1016.7 1015.3 1016.9 1016.9 1015.3 1016.7 1017.0 1017.3 1022.6
 1952  1022.6 1022.3 1016.0 1017.7 1016.3 1016.9 1015.9 1015.3 1016.7 1019.0 1019.3 1022.6
 1953  1021.6 1021.3 1023.0 1015.7 1016.3 1013.9 1015.9 1017.3 1017.7 1018.0 1022.3 1018.6
 1954  1022.6 1018.3 1015.0 1016.7 1016.3 1015.9 1015.9 1015.3 1019.7 1021.0 1018.3 1022.6
 1955  1018.6 1015.3 1014.0 1018.7 1017.3 1016.9 1014.9 1015.3 1016.7 1016.0 1017.3 1022.6
 1956  1019.6 1014.3 1017.0 1014.7 1020.3 1018.9 1016.9 1014.3 1017.7 1021.0 1021.3 1025.6
 1957  1025.6 1023.3 1019.0 1015.7 1016.3 1017.9 1016.9 1016.3 1017.7 1017.0 1018.3 1019.6
 1958  1021.6 1022.3 1018.0 1018.7 1019.3 1016.9 1016.9 1016.3 1017.7 1021.0 1019.3 1016.6
 1959  1022.6 1025.3 1019.0 1017.7 1014.3 1017.9 1015.9 1015.3 1015.7 1020.0 1018.3 1022.6
 1960  1021.6 1019.3 1016.0 1017.7 1016.3 1016.9 1015.9 1016.3 1017.7 1016.0 1021.3 1019.6
 1961  1024.6 1029.3 1024.0 1016.7 1015.3 1016.9 1016.9 1017.3 1017.7 1019.0 1014.3 1020.6
 1962  1024.6 1024.3 1014.0 1017.7 1017.3 1017.9 1015.9 1017.3 1017.7 1018.0 1016.3 1020.6
 1963  1016.6 1015.3 1024.0 1014.7 1016.3 1015.9 1015.9 1015.3 1017.7 1021.0 1019.3 1015.6
 1964  1025.6 1020.3 1016.0 1017.7 1018.3 1014.9 1016.9 1015.3 1018.7 1020.0 1022.3 1017.6
 1965  1020.6 1019.3 1022.0 1017.7 1017.3 1016.9 1015.9 1016.3 1016.7 1016.0 1020.3 1023.6
 1966  1020.6 1019.3 1022.0 1017.7 1017.3 1016.9 1014.9 1015.3 1017.7 1016.0 1020.3 1023.6
 1967  1024.6 1020.3 1024.0 1014.7 1016.3 1017.9 1016.9 1015.3 1017.7 1019.0 1017.3 1022.6
 1968  1026.6 1016.3 1017.0 1016.7 1016.3 1016.9 1016.9 1015.3 1018.7 1021.0 1015.3 1018.6
 1969  1018.6 1013.3 1015.0 1017.7 1017.3 1014.9 1017.9 1014.3 1017.7 1018.0 1017.3 1020.6
 1970  1016.6 1023.3 1016.0 1020.7 1017.3 1016.9 1015.9 1015.3 1017.7 1020.0 1021.3 1020.6
 1971  1019.3 1020.7 1013.8 1011.4 1014.0 1017.6 1016.2 1014.8 1017.6 1022.0 1017.8 1022.3
 1972  1017.4 1016.3 1016.1 1015.7 1017.3 1016.0 1016.2 1015.9 1015.0 1016.3 1019.9 1022.4
 1973  1024.1 1020.8 1020.0 1016.2 1017.5 1016.5 1014.9 1017.1 1017.2 1019.1 1021.4 1017.7
 1974  1025.4 1018.6 1015.0 1013.8 1016.1 1016.2 1017.3 1016.3 1017.1 1018.5 1021.1 1027.2
 1975  1024.9 1020.1 1015.3 1016.1 1015.1 1017.7 1016.2 1015.9 1018.6 1020.6 1020.5 1018.3
 1976  1022.9 1019.4 1019.1 1014.4 1016.0 1017.6 1016.3 1016.7 1016.7 1014.8 1021.8 1014.5
 1977  1016.7 1021.4 1022.4 1018.1 1015.9 1017.0 1015.7 1015.3 1019.7 1017.6 1020.1 1019.9
 1978  1021.2 1014.5 1022.4 1014.0 1016.2 1016.9 1016.7 1016.6 1019.5 1018.9 1024.7 1016.8
 1979  1014.4 1016.9 1018.3 1017.8 1018.3 1016.9 1017.9 1014.9 1018.3 1013.6 1021.3 1023.7
 1980  1018.2 1020.7 1016.6 1016.0 1014.9 1016.8 1016.3 1016.5 1018.7 1018.7 1018.4 1024.7
 1981  1025.7 1019.9 1017.0 1014.5 1016.1 1016.1 1017.3 1016.3 1017.6 1018.1 1024.0 1016.9
 1982  1020.7 1019.8 1019.1 1014.2 1017.9 1016.7 1015.9 1016.1 1017.6 1017.9 1020.1 1025.7
 1983  1031.7 1019.6 1021.0 1016.1 1016.1 1017.1 1015.4 1016.1 1017.8 1021.4 1016.6 1022.3
 1984  1025.3 1022.1 1015.7 1015.3 1013.0 1017.9 1017.3 1016.6 1016.2 1020.9 1015.0 1022.7
 1985  1016.5 1020.0 1019.3 1016.4 1014.2 1016.4 1016.7 1016.9 1018.4 1019.5 1015.9 1022.3
 1986  1024.0 1013.3 1019.6 1014.9 1017.5 1015.6 1016.6 1015.7 1018.0 1019.1 1022.8 1027.6
 1987  1018.5 1019.0 1019.0 1018.5 1016.7 1017.9 1015.3 1014.8 1017.8 1016.3 1018.6 1019.5
 1988  1021.1 1019.9 1021.1 1015.0 1014.5 1014.4 1016.6 1014.5 1018.3 1016.4 1017.6 1025.7
 1989  1028.0 1024.3 1018.7 1015.1 1016.9 1016.5 1016.9 1014.8 1015.7 1019.2 1014.4 1015.4
 1990  1025.7 1025.3 1024.2 1015.9 1016.5 1017.1 1017.0 1017.6 1016.7 1016.5 1018.2 1019.8
 1991  1025.0 1018.8 1013.5 1018.0 1017.7 1017.3 1016.1 1016.1 1016.7 1016.6 1020.7 1025.0
 1992  1024.2 1024.2 1020.7 1016.7 1016.8 1015.6 1016.6 1017.2 1018.5 1015.0 1024.5 1019.4
 1993  1028.1 1021.6 1019.0 1016.1 1014.5 1017.4 1017.2 1016.6 1016.1 1015.3 1017.3 1024.7
 1994  1023.3 1019.3 1021.7 1017.8 1014.8 1018.1 1015.1 1014.9 1015.5 1015.8 1021.5 1025.8
 1995  1026.8 1023.8 1018.5 1016.9 1016.5 1014.9 1015.2 1014.7 1016.9 1020.0 1018.2 1016.1
 1996  1010.9 1018.9 1014.2 1015.5 1015.5 1018.2 1016.9 1015.2 1015.5 1016.2 1020.9 1011.7
 1997  1017.4 1028.2 1022.5 1016.3 1016.0 1014.2 1017.0 1016.3 1017.1 1016.2 1015.6 1019.0
 1998  1020.9 1024.2 1023.1 1016.3 1015.4 1017.5 1015.6 1015.9 1015.4 1021.4 1020.7 1023.0
 1999  1021.3 1022.6 1016.1 1018.5 1016.7 1017.7 1014.8 1013.7 1015.2 1017.3 1020.0 1024.6
 2000  1023.5 1027.8 1020.6 1013.5 1015.8 1018.5 1014.8 1016.6 1016.0 1017.5 1018.7 1018.2
 2001  1020.9 1022.2 1016.2 1018.2 1016.4 1016.5 1015.5 1016.0 1014.8 1018.8 1019.4 1019.7
 2002  1026.3 1025.6 1017.0 1014.3 1015.6 1016.9 1015.2 1015.0 1015.7 1018.0 1016.6 1020.2
 2003  1022.7 1019.6 1020.0 1014.7 1017.5 1015.3 1015.7 1015.8 1018.0 1014.0 1017.3 1020.1
 2004  1020.5 1018.6 1020.2 1015.4 1015.5 1017.0 1015.6 1015.5 1019.2 1015.7 1019.8 1021.1
 2005  1026.3 1016.2 1017.9 1017.0 1017.8 1016.6 1016.1 1015.3 1017.8 1017.8 1017.7 1019.9
 2006  1018.8 1017.3 1018.0 1014.2 1016.4 1015.9 1016.5 1014.2 1015.9 1016.0 1020.6 1026.1
 2007  1025.7 1020.8 1020.6 1015.5 1016.1 1015.2 1015.7 1013.3 1016.7 1017.2 1017.7 1023.0
 2008  1024.3 1022.7 1017.5 1015.3 1013.5 1015.9 1015.3 1014.3 1015.0 1016.8 1017.6 1019.3
 2009  1018.7 1016.1 1016.4 1016.7 1016.8 1015.9 1016.1 1015.2 1016.4 1016.8 1019.9 1013.3
 2010  1016.1 1009.9 1017.5 1015.8 1015.6 1014.5 1015.3 1014.9 1015.5 1014.0 1014.4 1013.4
 2011  1018.5 1022.1 1017.2 1014.6 1016.8 1016.3 1014.3 1014.3 1018.4 1018.5 1017.4 1026.6
 2012  1026.0 1023.8 1023.4 1013.6 1016.9 1016.0 1015.8 1015.8 1015.1 1014.8 1015.2 1023.3
 2013  1023.0 1019.3 1012.0 1016.0 1017.0 1018.0 1018.0 1016.0 1017.1 1018.7 1019.0 1026.1
 2014  1019.0 1019.8 1019.6 1016.5 1016.4 1016.5 1016.2 1015.1 1015.6 1017.7 1013.0 1024.1
 2015  1026.0 1020.6 1020.5 1018.5 1017.7 1017.7 1015.2 1015.6 1016.5 1016.0 1024.4 1029.2
 2016  1023.9 1022.5 1018.2 1015.1 1015.8 1016.1 1018.0 1017.7 1018.3 1017.2 1016.4 1024.9
 2017  1022.2 1020.8 1020.0 1019.5 1017.0 1015.1 1015.5 1015.8 1018.1 1021.1 1019.7 1025.8
 2018  1024.4 1015.3 1016.1 1019.3 1017.1 1016.1 1018.3 1015.7 1017.9 1014.7 1016.2 1026.1
 2019  1022.0 1024.4 1022.4 1020.0 1021.1 1015.9 1014.4 1015.5 1017.2 1018.1 1017.2 1020.9
 2020  1025.6 1026.3 1017.5 1016.4 1016.9 1016.1 1015.1 1014.1 1017.2 1019.0 1020.5 1018.8
 2021  1019.8 1020.1 1020.4 1015.2 1017.2 1016.8 1015.4 1014.9 1016.7 1019.0 1017.5 1022.5
 2022  1025.8 1024.4 1016.2 1015.0 1017.8 1015.8 1016.6 1014.1 1015.0 1019.4 1020.9 1017.9
 2023  1024.3 1022.5 1019.8 1016.2 1016.0 1014.5 1015.2 1015.2 1016.2 1016.9 1019.9 1024.1
 2024  1023.8 1022.9 1015.7 1017.8 1015.7 1015.0 1014.5 1013.6 1015.1 1016.8 1020.8 1025.9
 2025  1023.2   -10   -10   -10     -10    -10    -10    -10    -10    -10    -10    -10
  -10
 source  https://crudata.uea.ac.uk/cru/data/nao/
  This file created at the from NOAA/PSL and CU-CIRES CAS
    Gilbralter SLP
  
  
