  1865 2002
 1865  1016.0 1016.4 1023.0 1018.8 1018.4 1023.5 1026.8 1027.5 1023.2 1018.3 1016.0 1019.9
 1866  1020.8 1024.0 1020.2 1015.4 1017.9 1023.5 1025.4 1022.8 1024.4 1018.3 1017.5 1019.9
 1867  1010.2 1022.3 1005.8 1025.0 1015.4 1025.1 1024.4 1023.9 1023.8 1024.6 1012.0 1021.1
 1868  1023.1 1029.0 1029.0 1023.1 1022.4 1026.0 1023.9 1025.4 1019.4 1026.8 1017.1 1015.6
 1869  1018.2 1027.5 1027.2 1019.5 1018.3 1021.1 1024.6 1024.3 1021.1 1019.4 1025.5 1022.0
 1870  1023.4 1008.1 1014.7 1020.3 1023.2 1024.7 1025.0 1020.2 1021.6 1021.9 1016.6 1016.8
 1871  1029.0 1018.6 1019.8 1015.9 1018.6 1025.4 1025.0 1021.4 1020.0 1020.0 1015.9 1025.5
 1872  1022.2 1014.6 1014.8 1020.3 1024.6 1023.5 1023.0 1022.0 1020.2 1025.2 1020.8 1020.6
 1873  1021.5 1021.6 1021.5 1013.5 1021.9 1025.4 1024.6 1027.0 1019.1 1024.2 1017.4 1021.2
 1874  1023.8 1021.2 1022.6 1021.5 1019.9 1026.0 1024.7 1024.0 1023.2 1021.6 1019.4 1027.4
 1875  1017.2 1019.1 1016.8 1016.7 1020.8 1027.2 1025.4 1019.9 1019.0 1020.6 1015.2 1016.0
 1876  1022.2 1017.1 1021.9 1024.2 1024.7 1027.1 1024.2 1023.2 1017.9 1014.6 1007.5 1012.4
 1877  1019.8 1025.0 1019.8 1014.0 1017.1 1022.2 1026.7 1016.7 1017.9 1018.2 1022.7 1027.2
 1878  1027.1 1018.3 1024.3 1011.4 1017.0 1021.9 1025.5 1018.3 1022.3 1016.8 1016.3 1008.3
 1879  1019.9 1023.1 1024.4 1021.5 1024.4 1019.9 1025.8 1021.6 1023.9 1021.5 1011.2 1014.8
 1880  1018.4 1018.0 1022.1 1022.4 1020.4 1024.6 1021.4 1021.8 1019.8 1014.4 1022.3 1018.0
 1881  1001.0 1020.2 1007.9 1016.2 1023.6 1025.1 1026.4 1022.3 1017.8 1020.3 1018.2 1026.3
 1882  1023.4 1021.4 1029.2 1021.2 1019.2 1026.3 1025.8 1025.0 1024.6 1019.4 1025.0 1019.9
 1883  1019.2 1023.5 1016.2 1021.5 1025.2 1020.0 1022.8 1024.3 1021.2 1024.0 1022.3 1023.2
 1884  1021.8 1018.4 1020.3 1014.7 1022.3 1024.2 1022.0 1021.4 1023.0 1024.2 1018.3 1024.3
 1885  1017.8 1011.4 1025.4 1023.9 1019.5 1025.0 1025.5 1018.8 1024.0 1022.3 1014.7 1017.6
 1886  1025.1 1021.4 1015.0 1017.0 1021.4 1023.1 1025.8 1024.4 1019.9 1021.2 1023.2 1021.1
 1887  1021.9 1022.3 1011.8 1013.8 1022.7 1020.2 1024.4 1020.7 1022.8 1013.1 1019.2 1013.6
 1888  1019.0 1016.4 1016.4 1023.2 1019.6 1021.9 1024.6 1023.9 1016.0 1014.6 1023.1 1021.1
 1889  1027.1 1028.2 1021.0 1026.8 1019.5 1024.7 1023.2 1024.4 1021.6 1023.8 1023.9 1028.8
 1890  1023.8 1019.0 1024.0 1025.0 1020.0 1027.1 1027.2 1024.4 1022.7 1022.3 1025.8 1019.6
 1891  1024.4 1019.4 1016.6 1018.2 1021.6 1019.0 1020.8 1024.3 1023.0 1018.3 1020.2 1023.6
 1892  1024.2 1016.7 1015.0 1020.4 1019.6 1022.6 1025.9 1024.0 1023.0 1015.5 1021.8 1018.4
 1893  1016.3 1021.0 1014.0 1018.6 1017.4 1018.0 1026.4 1019.4 1025.5 1021.6 1016.6 1025.4
 1894  1020.6 1025.5 1019.7 1023.9 1022.4 1025.5 1027.2 1024.4 1018.0 1013.0 1021.1 1022.6
 1895  1018.6 1001.4 1022.1 1017.6 1021.7 1024.0 1024.4 1023.2 1019.5 1014.1 1014.7 1018.3
 1896  1019.8 1019.0 1026.7 1026.6 1024.5 1022.8 1027.2 1026.1 1021.6 1018.9 1016.2 1023.4
 1897  1019.3 1023.0 1022.2 1024.8 1020.9 1022.4 1022.8 1024.4 1024.9 1014.6 1020.2 1021.1
 1898  1022.4 1022.2 1018.9 1021.9 1019.6 1019.4 1023.2 1022.4 1018.1 1016.8 1019.7 1018.8
 1899  1014.6 1008.0 1013.0 1022.2 1020.7 1026.4 1026.8 1020.9 1024.4 1012.4 1019.3 1018.7
 1900  1026.2 1010.7 1018.6 1022.2 1023.6 1023.2 1024.4 1025.1 1024.1 1021.0 1025.7 1020.4
 1901  1018.4 1013.3 1016.5 1021.4 1017.7 1025.1 1026.0 1025.2 1021.5 1026.4 1016.1 1023.4
 1902  1020.9 1008.5 1021.4 1016.5 1026.1 1019.6 1024.2 1021.5 1018.9 1021.0 1016.7 1021.1
 1903  1017.4 1020.3 1025.9 1021.2 1023.3 1019.4 1025.8 1024.7 1022.1 1019.8 1022.3 1022.7
 1904  1024.6 1022.2 1019.5 1027.8 1020.8 1022.3 1022.5 1022.8 1023.7 1017.7 1019.7 1017.1
 1905  1021.6 1028.8 1021.0 1019.9 1024.7 1022.2 1024.5 1025.3 1023.7 1019.3 1023.3 1015.1
 1906  1023.3 1028.3 1019.0 1026.0 1018.1 1021.9 1027.4 1021.9 1024.4 1021.0 1020.9 1028.2
 1907  1026.2 1026.0 1029.0 1023.5 1017.0 1025.0 1024.6 1023.5 1021.1 1022.2 1023.5 1021.0
 1908  1024.2 1031.8 1028.7 1022.0 1022.0 1025.8 1026.0 1022.9 1021.3 1014.1 1019.7 1024.6
 1909  1024.0 1019.8 1016.4 1020.7 1018.3 1026.3 1028.9 1024.7 1020.9 1024.9 1014.1 1011.5
 1910  1027.2 1028.4 1024.6 1019.4 1026.7 1025.5 1025.8 1024.3 1020.9 1019.0 1019.1 1018.2
 1911  1024.5 1021.5 1023.4 1020.3 1024.4 1025.6 1023.8 1022.5 1020.9 1022.4 1019.7 1017.5
 1912  1017.0 1004.9 1024.6 1025.5 1021.3 1025.4 1025.4 1023.3 1020.7 1022.8 1023.7 1022.8
 1913  1018.4 1018.6 1025.3 1024.3 1024.3 1028.0 1025.2 1025.3 1021.5 1015.2 1025.3 1022.3
 1914  1017.2 1020.6 1026.2 1021.8 1027.1 1028.2 1025.7 1024.3 1022.7 1019.0 1019.3 1021.0
 1915  1024.0 1023.0 1009.3 1026.6 1017.7 1020.7 1026.5 1021.1 1021.7 1024.0 1014.5 1015.0
 1916  1025.3 1027.2 1013.7 1022.8 1022.1 1022.3 1025.7 1021.2 1022.1 1024.6 1018.7 1010.2
 1917  1017.3 1017.6 1019.8 1016.2 1016.6 1026.3 1025.2 1024.5 1023.7 1026.2 1026.2 1022.3
 1918  1005.2 1027.8 1021.0 1022.0 1021.6 1025.5 1022.6 1025.6 1024.5 1025.2 1018.5 1024.7
 1919  1022.1 1008.5 1023.8 1023.8 1018.5 1029.1 1026.6 1023.6 1023.3 1018.1 1018.5 1027.6
 1920  1027.7 1023.9 1027.5 1016.9 1023.9 1024.0 1028.0 1022.5 1022.9 1018.4 1021.4 1015.0
 1921  1025.6 1020.7 1026.1 1018.3 1027.6 1023.6 1023.8 1025.3 1021.7 1015.5 1019.3 1027.9
 1922  1021.6 1023.6 1024.3 1023.8 1024.1 1026.8 1027.8 1025.2 1026.7 1013.2 1020.5 1023.1
 1923  1028.2 1017.9 1018.7 1023.5 1020.7 1025.9 1026.9 1023.6 1024.8 1019.7 1023.4 1026.7
 1924  1018.9 1019.1 1005.4 1017.5 1021.9 1026.3 1025.3 1025.6 1022.7 1020.6 1022.5 1022.8
 1925  1021.3 1028.0 1019.0 1024.7 1023.2 1025.4 1028.4 1024.4 1022.1 1016.4 1017.4 1007.8
 1926  1018.9 1017.4 1020.7 1021.2 1019.5 1021.0 1024.4 1023.6 1018.3 1017.8 1025.3 1020.4
 1927  1027.8 1020.3 1023.7 1022.8 1018.0 1025.0 1024.2 1023.2 1023.5 1013.5 1021.4 1012.1
 1928  1029.3 1023.6 1016.2 1018.6 1017.3 1018.7 1024.6 1021.7 1019.6 1026.0 1024.1 1024.0
 1929  1010.0 1017.4 1014.1 1016.7 1026.7 1022.6 1026.2 1024.4 1022.5 1024.9 1022.1 1022.6
 1930  1021.8 1021.0 1017.0 1021.1 1025.5 1025.4 1023.8 1022.8 1020.1 1020.6 1021.8 1025.8
 1931  1023.2 1029.1 1005.4 1022.2 1021.7 1021.6 1027.6 1022.0 1022.0 1016.5 1019.7 1022.0
 1932  1021.4 1012.9 1015.8 1026.3 1021.5 1023.0 1027.6 1024.4 1022.4 1026.2 1019.7 1017.5
 1933  1020.4 1015.9 1020.2 1018.4 1022.8 1027.2 1028.2 1023.9 1021.9 1016.4 1023.1 1022.4
 1934  1025.2 1025.1 1026.9 1016.6 1024.5 1021.6 1025.8 1025.9 1023.3 1022.2 1018.1 1014.7
 1935  1024.1 1026.0 1020.7 1018.8 1021.6 1024.4 1028.1 1026.0 1023.2 1028.1 1022.2 1018.3
 1936  1010.5 1010.7 1014.6 1020.3 1023.9 1024.4 1027.2 1025.9 1018.8 1026.0 1025.9 1023.1
 1937  1016.4 1016.7 1017.3 1020.6 1022.7 1021.0 1023.2 1023.2 1022.0 1019.2 1010.8 1020.2
 1938  1026.4 1017.4 1024.2 1015.8 1025.6 1025.0 1027.6 1026.4 1024.5 1024.9 1021.7 1021.0
 1939  1015.2 1024.6 1022.7 1019.6 1022.1 1024.2 1026.0 1024.1 1017.2 1021.2 1024.5 1017.2
 1940  1013.9 1011.1 1014.2 1020.2 1018.7 1025.6 1028.0 1024.3 1022.4 1019.2 1024.2 1022.3
 1941  1014.7 1016.6 1021.1 1019.3 1023.9 1024.0 1026.2 1024.9 1019.9 1020.6 1016.0 1023.4
 1942  1027.4 1013.3 1009.5 1019.0 1020.9 1021.4 1027.2 1025.7 1023.9 1022.0 1016.5 1018.5
 1943  1015.9 1031.3 1018.8 1025.3 1022.7 1026.2 1025.8 1023.7 1026.1 1019.1 1027.6 1024.5
 1944  1022.0 1023.7 1012.9 1018.1 1023.0 1023.6 1022.3 1025.1 1024.1 1025.2 1020.7 1024.8
 1945  1020.6 1026.0 1021.7 1012.4 1019.3 1024.6 1026.0 1025.8 1021.7 1016.3 1010.0 1013.8
 1946  1023.5 1022.1 1020.3 1026.8 1018.6 1027.7 1027.1 1026.5 1023.8 1013.5 1019.3 1025.3
 1947  1017.0 1010.0 1010.0 1026.4 1020.6 1022.6 1024.4 1023.0 1025.5 1021.0 1017.7 1017.3
 1948  1019.6 1016.9 1022.8 1025.6 1021.4 1025.2 1024.8 1023.8 1022.6 1023.4 1013.5 1017.7
 1949  1024.0 1022.1 1021.1 1024.2 1023.5 1023.0 1025.6 1021.4 1021.3 1020.0 1022.9 1021.3
 1950  1019.2 1023.3 1018.9 1023.4 1019.0 1022.5 1024.2 1023.4 1025.5 1022.0 1017.6 1022.4
 1951  1024.4 1024.6 1014.3 1017.8 1019.9 1019.8 1024.4 1026.3 1021.3 1022.0 1020.3 1023.2
 1952  1030.4 1016.6 1010.3 1023.8 1018.9 1023.8 1027.4 1023.3 1022.3 1018.0 1017.3 1022.2
 1953  1015.4 1023.6 1022.3 1015.8 1019.9 1026.8 1028.4 1025.3 1023.3 1021.0 1020.3 1020.2
 1954  1025.4 1025.6 1020.3 1024.8 1019.9 1026.8 1029.4 1024.3 1027.3 1020.0 1020.3 1024.2
 1955  1013.4 1013.6 1013.3 1020.8 1022.9 1023.8 1026.4 1023.3 1026.3 1019.0 1012.3 1019.2
 1956  1019.4 1014.6 1020.3 1018.8 1028.9 1027.8 1025.4 1024.3 1021.3 1021.0 1023.3 1024.2
 1957  1024.4 1016.6 1010.3 1024.8 1024.9 1020.8 1025.4 1025.3 1021.3 1021.0 1016.3 1025.2
 1958  1017.4 1011.6 1012.3 1024.8 1023.9 1022.8 1024.4 1023.3 1019.3 1023.0 1024.3 1019.2
 1959  1014.4 1024.6 1019.3 1022.8 1021.9 1025.8 1027.4 1022.3 1020.3 1021.0 1023.3 1024.2
 1960  1015.4 1006.6 1016.3 1022.8 1020.9 1025.8 1028.4 1021.3 1024.3 1016.0 1020.3 1027.2
 1961  1025.0 1020.0 1018.0 1016.0 1018.0 1027.0 1026.3 1023.0 1022.0 1023.0 1018.0 1009.0
 1962  1026.0 1028.0 1010.0 1022.0 1023.0 1022.0 1024.0 1025.0 1020.0 1019.0 1021.0 1018.0
 1963  1008.0 1018.0 1019.0 1017.0 1029.0 1021.0 1022.0 1025.0 1024.0 1020.0 1016.0 1016.0
 1964  1015.0 1013.0 1012.0 1025.0 1022.0 1022.0 1025.0 1021.0 1021.0 1023.0 1021.0 1022.0
 1965  1020.0 1012.0 1018.0 1028.0 1022.0 1024.0 1026.0 1023.0 1022.0 1017.0 1021.0 1024.0
 1966  1008.0 1009.0 1022.0 1016.0 1025.0 1024.0 1027.0 1021.0 1020.0 1014.0 1024.0 1026.0
 1967  1019.0 1022.0 1026.0 1022.0 1022.0 1026.0 1024.0 1023.0 1021.0 1023.0 1023.0 1022.0
 1968  1025.0 1014.0 1025.0 1017.0 1024.0 1023.0 1024.0 1023.0 1021.0 1014.0 1014.0 1020.0
 1969  1010.0 1009.0 1010.0 1026.0 1021.0 1022.0 1025.0 1022.0 1025.0 1018.0 1019.0 1028.0
 1970  1006.0 1028.0 1018.0 1024.0 1023.0 1025.0 1024.0 1022.0 1022.0 1020.0 1021.0 1021.0
 1971  1015.8 1022.7 1023.2 1015.9 1024.0 1024.6 1023.9 1025.5 1018.5 1018.3 1027.1 1023.1
 1972  1020.8 1021.5 1020.4 1024.6 1027.3 1027.1 1023.0 1023.4 1017.7 1016.4 1023.7 1022.1
 1973  1021.7 1031.1 1020.5 1015.7 1020.4 1025.7 1026.5 1024.0 1021.7 1019.7 1019.8 1024.6
 1974  1021.0 1023.9 1019.8 1021.6 1020.2 1020.4 1026.5 1023.8 1023.5 1023.2 1021.3 1025.3
 1975  1023.4 1015.8 1019.6 1024.1 1023.0 1023.3 1022.8 1022.7 1024.6 1018.7 1023.2 1021.2
 1976  1024.8 1020.9 1022.7 1023.4 1024.1 1023.0 1021.2 1017.7 1016.6 1020.9 1023.0 1016.9
 1977  1018.6 1016.8 1016.8 1023.7 1024.1 1022.6 1027.1 1024.7 1020.5 1019.7 1017.3 1014.7
 1978  1028.4 1006.7 1026.4 1019.2 1023.3 1026.1 1023.2 1020.7 1022.2 1018.4 1023.9 1011.7
 1979  1014.0 1014.1 1023.5 1020.9 1023.1 1023.4 1025.8 1023.7 1021.7 1019.0 1021.0 1022.0
 1980  1017.8 1022.1 1019.9 1018.1 1019.5 1027.3 1024.5 1020.3 1024.0 1018.5 1015.0 1027.4
 1981  1029.8 1023.4 1010.8 1022.3 1020.2 1021.0 1027.4 1023.4 1020.1 1023.2 1017.8 1018.3
 1982  1017.7 1020.2 1025.1 1017.8 1023.8 1020.2 1024.2 1026.4 1020.0 1020.8 1023.3 1028.1
 1983  1027.6 1019.5 1024.6 1019.0 1021.0 1024.0 1023.8 1025.8 1018.9 1023.7 1009.2 1020.8
 1984  1033.6 1025.3 1016.0 1014.1 1024.7 1025.8 1023.1 1024.3 1022.3 1021.8 1018.1 1023.8
 1985  1014.7 1013.6 1023.5 1020.5 1020.2 1020.2 1025.0 1023.8 1019.1 1019.0 1015.0 1020.2
 1986  1032.2 1016.2 1027.4 1021.4 1023.0 1025.0 1025.5 1019.8 1017.7 1024.4 1025.7 1024.3
 1987  1009.8 1017.3 1018.3 1018.6 1019.3 1024.5 1025.3 1020.1 1018.0 1020.9 1021.3 1012.6
 1988  1024.8 1023.9 1024.0 1016.9 1019.3 1024.7 1025.0 1022.0 1022.5 1017.3 1013.5 1022.2
 1989  1027.4 1028.8 1024.1 1023.0 1019.1 1021.0 1024.7 1022.6 1018.5 1020.3 1017.0 1008.1
 1990  1026.8 1022.3 1024.3 1026.4 1019.7 1025.3 1024.3 1022.8 1020.2 1019.4 1019.0 1023.0
 1991  1022.0 1023.0 1018.0 1023.0 1027.0 1023.0 1023.0 1022.0 1021.0 1021.0 1022.0 1021.5
 1992  1018.0 1025.0 1025.0 1024.0 1020.0 1024.0 1024.0 1023.6 1020.0 1021.0 1019.5 1023.7
 1993  1023.9 1025.2 1018.7 1023.3 1015.0 1023.5 1026.0 1023.4 1021.9 1016.8 1023.3 1029.9
 1994  1029.6 1017.9 1029.1 1023.0 1020.5 1024.2 1024.1 1022.2 1023.4 1017.0 1017.5 1022.8
 1995  1024.5 1025.2 1023.4 1020.1 1020.3 1021.7 1022.1 1021.7 1025.0 1016.1 1016.1 1012.4
 1996  1012.4 1026.3 1011.9 1016.7 1018.7 1024.8 1026.2 1023.5 1020.7 1021.1 1027.0 1013.0
 1997  1013.0 1028.8 1021.3 1017.0 1019.3 1019.4 1026.9 1022.5 1020.1 1014.3 1017.4 1017.0
 1998  1019.3 1019.2 1022.5 1024.5 1022.0 1024.4 1025.3 1023.1 1020.0 1022.8 1021.3 1022.6
 1999  1024.1 1029.9 1020.4 1023.1 1019.2 1025.0 1022.1 1020.2 1019.4 1020.8 1022.9 1024.9
 2000  1024.8 1029.2 1021.8 1016.8 1022.3 1023.9 1022.1 1024.4 1021.0 1025.0 1019.3 1013.9
 2001  1020.7 1021.2 1011.2 1025.5 1018.4 1021.2 1026.0 1021.9 1017.7 1019.6 1025.4 1011.7
 2002  1020.5 1024.7 1021.3 1023.1 1024.2 1025.9 1026.9  -10.0  -10.0 1016.5 1021.1 1013.9
  -10
 source  https://crudata.uea.ac.uk/cru/data/nao/
 This file created at the from NOAA/PSL and CU-CIRES CAS
  SLP Azores  
