  1821 2025
 1821  1004.5 1012.3 1002.8 1013.1 1018.6  -10.0 1015.8 1010.7  -10.0  -10.0  -10.0  -10.0
 1822   -10.0  -10.0  988.4 1016.0 1003.0 1014.3 1019.5 1009.7 1008.7 1006.1 1007.5  997.2
 1823  1017.5  996.8  995.2 1016.6 1012.7 1013.8 1012.3 1006.9 1004.0 1010.0 1006.1  996.9
 1824   995.7  999.5 1015.8 1006.7 1008.2 1025.4 1021.9 1014.7 1004.9 1015.8 1006.3  996.4
 1825   997.8 1001.4 1003.9 1015.1 1019.8 1011.2 1015.8 1007.1 1009.8  997.1 1001.8  996.0
 1826  1008.6  980.7 1008.3 1003.7 1011.3 1009.9 1004.3 1002.9 1008.9  997.4 1009.9 1002.0
 1827  1002.6 1021.4  999.3 1011.2 1003.3 1004.1 1009.0 1015.7 1002.6 1010.1 1007.9  986.3
 1828   998.0  995.4 1007.5 1007.0 1011.8 1009.1 1010.4 1009.7 1010.4 1000.3 1005.7  983.4
 1829  1007.3 1006.2 1015.1 1010.6 1007.3 1014.0 1008.0 1012.7 1006.6 1007.5 1005.0 1000.7
 1830  1010.3  999.6  992.9 1002.3 1011.0 1011.5 1004.8 1011.0  995.8 1000.9  993.3 1010.0
 1831  1012.6 1003.4  993.2 1008.4 1016.3 1009.6 1003.7 1007.5 1000.1  995.6 1007.2  993.5
 1832   995.4  987.6  988.0 1010.2 1020.4 1013.5 1018.9 1012.6 1006.1  994.2  994.8  986.6
 1833  1006.5  995.3 1015.5 1001.3 1006.5 1013.4 1014.4 1013.6 1003.5 1001.2  994.2  989.2
 1834   990.8  991.0  999.2 1018.8 1014.8 1009.0 1010.4 1009.2 1013.6 1002.0 1006.7 1005.0
 1835  1006.3  991.2  999.5 1014.6 1011.6 1008.5 1009.5 1004.1  996.9 1003.7 1006.9 1006.5
 1836   993.7 1002.2  990.6 1001.1 1015.0 1006.2 1002.6 1001.1 1012.8 1006.8  995.5 1009.7
 1837  1012.1  986.2 1020.5 1014.0 1016.0 1014.1 1013.1 1012.9 1001.9  997.3  999.6  997.0
 1838  1005.1 1010.8 1003.6 1011.9 1018.2 1008.3 1012.1 1012.6  999.4 1001.7 1015.0  988.5
 1839  1003.6  986.6 1002.0 1003.0 1013.5 1012.4 1010.3 1010.1 1003.8 1003.0 1011.1 1008.2
 1840   996.5 1006.3 1025.7 1004.6 1022.9 1011.6 1006.2 1004.7 1004.1 1011.6 1003.5 1008.4
 1841  1015.8 1004.6  995.9 1000.8 1006.5 1014.1 1013.8 1005.9 1016.1 1010.8 1010.0 1002.4
 1842   992.9  981.1  991.6 1013.0 1007.7 1011.9 1012.9  999.2 1009.4 1015.5 1011.9  987.5
 1843   990.1 1016.3 1011.3 1007.3 1020.8 1015.0 1006.9 1002.2 1011.2 1012.0  993.1  994.8
 1844  1004.4 1005.6  997.7  995.7 1017.5 1014.5 1012.6 1011.2 1009.0 1002.7 1002.6 1005.8
 1845   991.8 1002.4 1009.5 1009.4 1014.5 1005.0 1014.5 1013.1 1005.1 1000.6  994.8  997.6
 1846   991.7 1004.6 1001.7 1014.2 1005.6 1005.5 1002.3 1008.9 1007.8  998.5 1005.3 1012.9
 1847   998.3 1005.7 1014.0 1005.4 1007.5 1006.8 1008.4 1007.7 1009.1 1003.5  991.5  986.2
 1848   997.3  999.3  996.2 1013.9 1006.1 1015.6 1010.5 1004.3 1005.3 1013.3 1009.9  991.1
 1849   990.5  999.0 1005.2 1011.2 1013.2 1015.8 1007.7 1011.4 1014.5 1005.3 1000.6 1012.2
 1850  1007.9  989.6 1016.5 1009.3 1014.3 1007.3 1011.4 1010.9 1011.1 1010.2  999.0  991.3
 1851   981.2  996.2 1004.9 1015.0 1011.9 1013.4 1013.5 1010.7 1010.0 1002.6 1017.6 1001.0
 1852   986.3 1004.1 1017.3 1015.9 1010.2 1010.5 1009.5 1006.0 1013.5 1011.9 1005.8  998.6
 1853   988.1 1019.9 1010.1 1009.7 1016.5 1008.1 1005.7 1014.1 1002.4 1004.5  992.3 1014.9
 1854   989.3  999.9 1000.6 1009.9 1009.7 1011.1 1014.2 1006.5 1002.4  999.6 1008.3  993.9
 1855  1017.5 1021.2 1002.7 1005.5 1018.5 1010.5 1010.1 1009.3 1005.2 1005.7 1007.6 1004.7
 1856  1003.8 1008.0 1017.1 1007.4 1017.9 1006.7 1010.7 1013.2 1009.5 1004.6 1017.1 1004.8
 1857  1003.5  984.4 1000.2 1011.3 1012.5 1016.1 1003.6 1007.3 1009.0 1001.6 1007.9  991.3
 1858   992.0 1001.8 1012.5 1009.3 1012.7 1007.9 1011.1 1006.2  998.0 1008.2 1013.4  986.5
 1859   993.4  993.8 1004.7 1018.5 1006.5 1011.1 1008.7 1002.0 1006.6 1015.0 1005.5 1006.3
 1860   993.0 1002.6 1001.8 1009.0 1018.3 1015.0 1010.3 1006.9 1007.0  996.1 1017.7 1009.5
 1861  1003.1  998.0  993.8 1016.1 1014.0 1011.1 1002.8 1006.1 1008.0  999.4 1009.8 1001.6
 1862   992.6 1011.4 1014.1 1007.9 1004.3 1003.1 1011.5 1008.0 1004.4  989.0 1001.1  991.3
 1863   992.6  990.0  996.7  996.6 1014.1 1008.1 1011.2 1012.2  997.8  999.6  998.3  994.8
 1864   989.2 1002.1 1007.4 1007.1 1016.0 1006.6 1005.5 1013.6 1005.0 1018.5  999.5  999.5
 1865   996.3 1009.4 1009.4 1007.4 1009.2 1009.5 1010.4 1009.8  999.5 1013.2 1003.7  990.9
 1866   994.0 1000.4 1011.4 1013.5 1015.6 1006.5 1011.0 1008.1 1000.0 1002.6 1002.7  995.1
 1867  1014.4  995.2 1019.9 1005.1 1021.7 1012.9 1015.1 1002.8 1003.6  999.0 1014.7 1000.4
 1868   995.9  988.1  991.0 1003.8 1004.1 1002.5 1005.8 1007.3 1013.8  994.8 1011.3  990.9
 1869   984.6  990.8 1015.1 1008.7 1019.7 1013.7 1009.1 1013.4 1006.0 1011.6 1003.3 1001.5
 1870   998.8 1010.6 1014.3 1003.0 1008.7 1010.6 1007.2 1015.6 1004.0 1001.7 1011.8 1015.1
 1871   993.6 1003.2  999.3 1016.2 1014.8 1016.7 1006.2 1005.0 1012.2 1002.4 1018.1  998.8
 1872   991.1 1001.3 1007.3 1011.7 1013.5 1009.1 1013.2 1014.5 1011.0 1002.8 1001.8 1002.8
 1873   987.2 1011.2  999.0 1016.5 1017.5 1005.8 1008.7 1004.0 1010.7 1001.0 1012.2  994.8
 1874   989.5  996.2 1003.4  999.9 1016.1 1013.9 1006.2 1006.4 1001.9  995.8 1003.9 1010.1
 1875   999.9 1010.8 1008.5 1013.1 1000.9 1003.5 1013.9 1008.5 1007.2 1004.2 1017.5  995.5
 1876   993.4 1004.8 1005.4 1017.5 1014.3 1002.9 1001.4 1007.3 1015.4 1006.4 1012.7 1000.8
 1877   989.0  999.6 1005.9 1016.6 1018.3 1008.6 1007.8 1016.6 1013.1 1000.8  993.0  990.8
 1878  1005.1 1002.4 1011.1 1010.6 1009.2 1012.3 1008.6 1012.5 1001.8 1007.0 1019.4 1019.9
 1879  1006.0  999.4 1003.4 1011.4 1010.1 1009.7 1012.0 1008.1  996.0 1008.6 1015.8  998.0
 1880  1002.3  990.2 1006.1 1004.7 1013.7 1012.6 1014.6 1007.4 1006.8 1023.2 1000.9 1010.8
 1881  1021.9 1012.0 1007.5 1013.3 1012.3 1008.1 1005.9 1010.0 1008.3 1010.2  990.3  987.3
 1882   993.2  999.4  991.8 1016.9 1014.9 1014.6 1004.4 1008.9 1003.5 1001.3 1001.0 1008.3
 1883   989.4  984.8 1019.8 1003.4 1012.9 1013.5 1013.5 1005.8 1007.6  995.7  994.5  997.5
 1884   994.0  992.6  997.3 1011.3 1012.5 1007.7 1013.5 1002.4 1001.4 1002.8 1008.5  988.9
 1885   997.4 1006.9 1007.4 1007.5 1016.7 1006.1 1009.0 1017.8 1001.0 1009.8 1002.9 1003.5
 1886  1003.2 1006.2 1006.6 1010.3 1018.1 1006.5 1008.3 1000.0 1007.4 1002.0  998.2 1001.3
 1887   984.8  996.1 1009.8 1016.7 1012.4 1012.6 1009.0 1012.2 1010.7 1012.0 1010.3 1007.5
 1888  1010.3 1012.8 1013.1 1017.3 1016.4 1014.1 1014.4 1011.0 1008.2 1013.4  993.7  988.4
 1889   998.0 1013.3 1009.3 1008.7 1007.2 1005.3 1016.2 1005.2 1011.1 1004.5  998.7  988.9
 1890   982.0 1007.5  996.8 1005.9 1013.0 1009.5 1008.6 1007.0 1001.2 1006.0  994.4 1003.4
 1891  1002.8  995.5 1010.9 1014.4 1016.5 1018.7 1010.2 1009.5 1000.4  994.0 1003.7  991.0
 1892   999.8 1015.0 1010.7 1012.1 1019.6 1015.1 1010.9 1010.3  997.8 1015.2 1001.7 1005.1
 1893  1013.2  995.6 1003.5 1010.5 1013.6 1013.1 1012.7 1012.9 1005.9 1005.5 1016.1  990.3
 1894   993.2  982.7  994.8 1006.1 1019.2 1005.3 1011.1 1011.5 1019.2 1011.5  989.6 1000.1
 1895  1013.6 1021.6 1002.1 1010.0 1012.8 1014.4 1009.1 1010.0 1003.5 1012.4  999.5  999.5
 1896  1008.8  995.7  997.3 1006.7 1016.5 1013.5 1007.6 1015.1 1006.1 1016.9 1005.3  991.1
 1897  1012.4  997.7 1000.9  997.6 1011.6 1018.1 1008.9 1004.8 1008.1 1008.3 1008.5  996.1
 1898   992.7  996.0 1010.0  998.8 1014.5 1010.3 1012.8 1004.0 1003.5 1003.7  998.4  992.4
 1899  1001.3  999.7 1012.9 1012.1 1018.5 1010.7 1006.5 1014.3 1004.4 1003.2  998.5 1002.9
 1900   992.5 1015.7 1022.8 1007.1 1013.1 1013.0 1010.9 1010.8 1001.2 1008.1  998.4  988.8
 1901   996.3 1021.3 1006.9 1002.8 1015.5 1007.3 1008.7 1009.2 1000.0 1002.4 1014.4 1002.5
 1902  1003.2 1009.6 1001.7 1012.3 1016.7 1019.9 1016.5 1011.2 1011.1 1003.2  997.2  996.7
 1903   992.5  986.9  985.6 1010.8 1010.8 1018.1 1011.9 1006.3 1007.9 1007.1 1002.5  996.9
 1904   988.4  997.7 1003.1  999.3 1010.0 1011.6 1010.3 1013.6 1004.7 1000.1 1006.1 1000.5
 1905   996.4 1003.1  993.9 1016.4 1012.7 1013.3 1007.5 1011.3 1004.9 1016.0 1003.3  994.0
 1906   987.5  998.9 1008.9 1004.9 1019.6 1014.8 1004.1 1013.2 1007.6  997.8 1004.8 1001.0
 1907  1002.7  996.9  996.3 1005.1 1017.8 1009.4 1017.3 1009.9 1006.0 1006.5  999.4  995.6
 1908   997.5 1001.7 1001.5 1018.2 1009.1 1010.3 1013.1 1009.8 1004.3 1002.1 1003.0  994.1
 1909   993.3 1005.6 1015.8 1008.8 1017.9 1019.0 1006.0 1004.1 1013.2  998.7 1006.9 1000.9
 1910   991.1  984.2 1002.9 1011.7 1010.1 1012.4 1013.2 1014.6 1011.2 1009.3 1014.5  997.9
 1911   999.9  998.6 1011.3 1013.1 1004.3 1014.7 1013.4 1010.2 1004.4 1013.4  999.9  986.4
 1912  1004.4 1000.4  998.6 1011.8 1010.3 1013.6 1012.4 1012.7 1015.8 1001.0 1003.4  987.6
 1913   991.1 1000.3  991.0 1000.5 1010.7 1010.7 1013.7 1008.5 1010.9 1005.8  987.5  999.6
 1914   998.1  987.0 1002.4 1003.1 1008.8 1008.6 1011.3 1008.6 1006.9 1005.5 1001.1  990.0
 1915   996.9  997.5 1014.4 1002.1 1018.3 1016.1 1009.7 1013.3 1014.9 1003.6 1013.5 1008.1
 1916   988.0  994.3 1018.4 1004.8 1013.9 1015.1 1009.8 1009.8 1010.4  997.8 1001.7 1004.0
 1917  1013.4 1009.5 1007.7 1014.6 1015.9 1010.4 1014.2 1009.2 1000.0 1000.7 1000.3 1012.8
 1918  1010.4  990.1 1001.8 1012.6 1011.5 1008.4 1014.4 1008.7 1006.6  998.9  996.9  996.2
 1919   998.7 1006.8 1011.1 1006.3 1009.4 1006.2 1013.5 1006.3 1004.2 1017.7 1011.7  988.7
 1920   989.4  997.8  990.6 1012.6 1005.7 1012.2 1003.4 1011.9 1002.1 1003.7  993.7 1003.3
 1921   992.2 1002.3  989.8 1008.5 1008.2 1014.5 1010.2 1008.5 1006.3 1003.8 1006.9  992.2
 1922   995.4  983.5 1009.4 1013.5 1009.5 1003.8 1007.0 1006.1 1007.8 1014.2 1007.8  995.9
 1923   997.3  989.0 1005.3 1009.5 1014.9 1011.5 1003.0 1006.7 1002.3  993.1 1006.9 1000.2
 1924   991.5 1009.1 1011.3 1014.7 1013.0 1014.1 1003.1 1004.6 1000.7  999.3 1003.0  979.8
 1925   990.3  994.9 1015.1 1003.5 1006.6 1010.2 1007.1 1007.1 1007.1 1006.5 1010.3 1007.9
 1926   991.5  993.5 1005.7 1004.6 1015.3 1012.9 1006.5 1006.2 1004.6 1016.7  995.8 1007.0
 1927   992.2 1001.1  996.6 1007.0 1018.3 1013.3 1009.3 1007.7 1007.9 1011.4 1003.0 1010.3
 1928   984.5  992.3 1007.8 1001.1 1020.7 1013.3 1005.5 1011.1 1007.3 1001.5  998.2 1000.6
 1929  1019.9 1000.7 1010.6 1019.8 1010.3 1011.1 1012.5 1009.3 1001.5 1000.6  992.1  981.3
 1930   985.3 1008.6 1009.8 1011.0 1008.3 1002.9 1008.7 1007.0 1015.5  999.8  999.8  991.8
 1931  1003.9  999.1 1012.9 1005.9 1015.4 1014.3 1005.9 1014.2 1014.6 1004.3  985.8 1001.4
 1932   990.5 1027.4 1010.5 1012.2 1019.8 1015.1 1006.9 1005.8 1005.3 1002.7  999.7  992.5
 1933   985.3 1016.7  999.8 1014.9 1014.2 1007.9 1007.8 1003.5 1009.1 1009.9 1007.5 1007.4
 1934   990.9 1007.8  999.4 1013.9 1005.8 1015.7 1008.7 1003.4  998.1 1001.8 1005.1  995.8
 1935  1007.9  990.7 1006.1 1015.9 1022.4 1007.9 1001.9 1005.9 1005.0  995.7  994.6 1006.3
 1936  1008.6 1010.9 1005.4 1014.5 1013.9 1011.0 1009.1 1006.5 1011.4 1001.1 1001.0  993.5
 1937   985.1  995.8 1017.9 1003.1 1007.3 1009.7 1005.7 1005.1  999.5 1006.6 1010.3 1006.7
 1938   987.8 1008.7  994.9 1015.1 1014.3 1007.0 1005.8 1009.9 1004.5  989.4  989.8  994.5
 1939  1009.1  988.3 1006.1 1010.1 1012.9 1012.9 1012.2 1006.1 1016.1 1011.4 1000.1 1006.5
 1940  1010.9 1006.7 1009.3 1010.7 1009.3 1007.4 1012.6 1008.1 1006.5 1003.9  999.9 1003.5
 1941  1017.4 1004.2 1014.9 1016.6 1016.2 1011.1 1005.8 1009.9 1009.0 1013.0  998.1  999.0
 1942   997.0 1018.0 1006.3 1009.4 1011.9 1014.9 1008.2 1006.5 1000.3 1000.5 1010.2  992.3
 1943   995.7  996.2 1001.0  999.1 1012.6 1011.1 1009.0 1013.5 1001.3  997.8 1007.5  999.9
 1944   992.2 1012.7 1012.3 1008.1 1013.3 1012.5 1014.6 1005.9 1005.9 1001.7 1001.1  996.9
 1945  1019.9  988.2 1004.3 1010.6 1010.5 1009.8 1011.1 1008.9 1003.7 1009.5 1007.7 1001.9
 1946   990.1 1007.8 1005.7 1003.7 1019.6 1005.4 1005.3 1006.3 1002.3 1010.5 1007.7  994.3
 1947   993.1 1024.4 1012.6  998.3 1011.7 1008.5 1005.7 1010.3 1002.5 1007.4 1010.3 1008.9
 1948   988.6 1003.7  997.0 1006.9 1014.3 1013.5 1009.9 1009.9 1005.5  999.7 1002.9  996.3
 1949   996.7  989.0 1010.4 1000.2 1014.8 1015.3 1013.5 1008.4 1009.4 1002.1  996.2  996.0
 1950   996.0  992.4 1005.6 1003.3 1018.7 1008.2 1006.2 1002.3  997.4  998.7 1002.5 1009.0
 1951   994.6  996.3 1013.4 1012.6 1019.6 1015.1 1009.0 1004.4 1002.4  998.8 1003.4  984.7
 1952   996.6 1009.4 1009.1 1001.0 1017.2 1010.4 1011.1 1010.6 1015.5 1001.3 1012.9 1007.0
 1953  1002.7 1004.0 1006.8 1015.2 1016.1 1010.5 1007.8 1004.2 1002.3  996.1  989.7  993.1
 1954  1004.5  996.9 1000.5 1011.8 1017.0 1010.3 1005.1 1009.1 1003.0  996.7  989.5  993.3
 1955  1004.8 1012.5 1017.8 1005.0 1014.2 1011.2 1008.3 1005.4  997.5 1009.8 1011.3 1000.6
 1956  1003.8 1016.2 1002.7 1014.2 1003.1 1013.3 1011.7 1013.6 1008.2 1002.1  999.3  992.2
 1957   990.0 1004.2 1004.1 1011.0 1016.6 1017.6 1014.7 1008.7 1013.1  991.2 1010.5  997.8
 1958   998.9 1010.8 1014.6 1007.6 1018.1 1016.2 1013.7 1007.8 1006.9  999.5  999.9 1002.4
 1959  1016.5  997.6  993.6 1006.5 1016.1 1008.4 1007.2 1007.1 1005.4  997.4 1000.1  989.1
 1960  1009.2 1011.8 1007.1 1004.7 1011.6 1012.1 1007.6 1017.0 1004.7 1014.4  999.2  993.3
 1961   997.3  993.8 1002.8 1007.6 1013.1 1002.0 1010.7 1003.8  996.4  997.6 1002.6 1012.9
 1962   987.9 1008.9 1024.4 1009.8 1016.6 1008.8 1015.8 1007.4 1005.7 1003.1 1009.0 1004.6
 1963  1026.9 1010.0  997.5 1008.0 1001.4 1013.6 1010.6 1010.3 1001.4  992.3 1003.8 1010.7
 1964  1005.4 1007.1 1006.3 1008.9 1006.2 1010.0 1004.2 1015.2 1007.9 1002.9 1002.6 1001.4
 1965   999.4 1028.1 1012.2 1003.8 1016.5 1007.0 1014.4 1005.8 1006.1 1002.9 1017.7  997.5
 1966  1009.2 1006.8 1006.1 1007.9 1007.7 1007.2 1010.7 1013.8 1008.0 1013.2 1006.2  994.0
 1967  1011.0  992.4  995.9 1009.3 1014.5 1006.6 1007.8 1008.5 1004.3  995.5 1003.0 1008.7
 1968  1001.5 1009.3 1000.2 1013.7 1020.3 1006.7 1020.0 1011.9 1007.9 1009.7 1004.5 1007.8
 1969  1009.3 1015.6 1011.9 1008.2 1017.3 1007.3 1004.4 1008.6 1004.0  996.5 1005.5 1001.5
 1970   998.8 1004.0 1013.9 1009.1 1005.7 1010.9 1007.3 1007.8 1003.6 1006.9 1003.5 1011.8
 1971   999.8  997.2 1008.8 1011.9 1006.0 1018.5 1013.4 1005.0 1007.9 1002.6 1008.2  997.9
 1972   995.0  998.6  998.8 1007.4 1009.2 1002.7 1008.2 1009.1 1013.1 1006.8 1000.2  987.6
 1973   996.7  997.4 1001.7 1020.7 1014.8 1005.6 1010.2 1006.5 1007.3 1010.7 1010.7 1004.9
 1974   977.7  996.7 1004.4 1013.8 1011.2 1008.3 1007.4 1008.1 1002.6 1011.5  999.5  992.5
 1975   988.9 1002.4 1008.4 1012.9 1020.5 1012.9 1007.4 1009.2 1001.6 1006.2 1000.5 1005.8
 1976   999.1  993.6  993.4 1011.9 1004.1 1006.2 1012.2 1010.5 1017.6  995.4 1000.0 1012.1
 1977  1010.6 1006.3 1004.9 1009.3 1019.3 1014.4 1011.4 1011.8 1007.0  996.9 1002.6  999.6
 1978   996.9 1008.9  991.6 1017.8 1009.5 1009.9 1013.2 1012.0 1004.6 1003.5  992.3 1005.9
 1979  1012.0 1003.3 1001.6 1016.6 1014.6 1008.7 1008.6 1008.4 1003.2 1000.1  995.5  991.2
 1980  1009.7 1001.3 1007.0 1008.9 1018.8 1010.9 1013.4 1010.8 1002.2 1008.5 1014.0  997.9
 1981  1005.0  996.8 1002.7 1018.6 1010.9 1013.6 1008.6 1007.7 1004.1 1007.9 1005.4 1007.1
 1982  1006.7  986.8  995.0 1009.1 1012.4 1017.1 1010.6 1005.5 1000.3  998.6  993.6  991.9
 1983   986.1 1014.5  998.3 1013.6 1014.3 1009.1 1008.6 1008.4 1009.3  998.1 1010.2  997.3
 1984   989.1  996.2 1015.8 1006.0 1011.5 1013.1 1011.5 1008.9 1005.3  999.1  998.0  993.0
 1985  1014.9 1007.3 1007.4 1008.5 1015.2 1012.8 1008.1 1005.7 1008.9 1004.5 1012.0 1007.2
 1986   995.6 1022.5  987.1 1010.5 1004.9 1010.5 1008.4 1015.9 1013.4  989.9  990.1  990.7
 1987  1013.6 1005.0 1005.1 1003.7 1018.1 1016.7 1009.9 1015.0 1000.3 1000.9 1005.2 1002.9
 1988   995.9 1006.0 1006.1 1017.0 1011.5 1011.6 1006.3 1001.7 1004.7 1008.9 1007.7  998.1
 1989   987.5  986.1  988.2 1009.0 1008.0 1011.0 1010.9  999.5 1001.4  999.0 1008.4 1003.5
 1990   981.0  976.3  995.5 1001.2 1019.4 1009.6 1008.3 1005.2 1006.0 1000.2 1009.5  994.7
 1991   994.6 1002.8 1005.2 1007.3 1017.9 1013.3 1010.2 1001.4 1006.6 1007.9  995.6 1001.1
 1992  1004.0  989.3  998.6 1005.0 1009.6 1012.3 1007.8 1001.5 1004.7 1013.0  987.6  994.7
 1993   984.2 1008.1  996.2 1005.7 1019.0 1011.8 1012.1 1009.7 1010.9 1018.9  991.7  993.0
 1994   995.2 1003.2  985.7 1007.3 1013.8 1003.3 1004.8 1010.8 1009.4 1006.2  997.9  990.5
 1995   992.0  988.8  998.2 1018.9 1014.8 1016.0 1008.4 1009.2 1009.5  999.2 1017.9 1013.9
 1996  1002.1 1003.8 1015.8 1009.2 1017.0 1009.9 1007.7 1007.4 1006.5  996.0 1007.8 1013.3
 1997  1008.7  981.7  999.4 1013.9 1018.2 1016.0 1009.2 1005.2 1006.3 1009.8  998.6  996.9
 1998  1003.1  995.3 1007.1 1011.4 1015.3 1016.2 1008.9 1003.6 1011.9 1002.6  999.3  990.4
 1999   992.9  996.8 1006.2 1013.0 1007.9 1008.1 1009.7 1013.0  997.1 1003.2 1002.8  993.1
 2000  1004.8  987.9 1006.8 1017.6 1008.2 1013.2 1013.8 1009.6 1003.4  985.2 1002.6 1004.3
 2001  1000.2 1009.8 1006.1 1008.8 1012.9 1014.2 1010.4 1004.5 1010.9  997.8 1003.0 1014.7
 2002   994.2  993.9 1002.1 1001.2 1009.4 1006.9 1007.5 1008.0 1013.7 1010.4  996.7 1006.1
 2003  1004.3  993.7 1001.4 1013.5 1010.4 1007.6 1007.0 1012.3 1005.5 1012.2  994.8 1004.8
 2004   997.3 1012.1 1001.9 1003.0 1012.4 1012.4 1007.9 1010.4 1000.7 1007.8 1007.9  990.8
 2005   998.9 1014.8 1014.5 1008.3 1018.8 1013.3 1009.5 1004.1 1003.9 1003.2 1004.9 1004.0
 2006   995.1 1009.2 1013.4 1002.4 1013.6 1008.2 1008.1 1011.0 1002.6 1007.4  993.1  989.9
 2007   997.7 1003.8  995.6 1008.3 1007.7 1017.1 1011.1 1010.6 1006.9  998.7 1009.3  995.0
 2008   992.7  997.1 1001.1 1016.1 1018.6 1013.0 1009.5 1004.0 1003.5  997.3 1006.5 1000.6
 2009   988.1 1008.0 1000.3 1003.2 1005.6 1018.7 1012.5 1003.3 1003.0 1007.0  993.2 1009.8
 2010  1009.0 1014.0 1009.9 1013.0 1018.3 1015.6 1005.2 1012.2 1007.2 1004.2 1010.9 1016.9
 2011  1006.5  987.7 1004.5  995.5 1008.0 1014.4 1012.9 1011.2  995.0  994.2  992.2  989.9
 2012   995.8 1003.7 1003.7 1013.6 1019.0 1017.2 1012.5 1010.5 1001.0 1011.6  998.2 1001.7
 2013   996.2 1005.9 1019.7 1008.9 1008.0 1009.2 1009.1 1002.8 1005.8 1005.3 1001.6  985.9
 2014   987.9  986.3  996.3 1006.6 1012.8 1016.8 1006.4 1010.1 1006.3  998.1  998.9  993.7
 2015   988.5  994.9  995.7 1010.4 1006.1 1012.5 1012.7 1003.5 1008.2 1002.1  993.9  988.6
 2016   998.1  998.1 1003.0 1015.8 1014.5 1012.4 1010.3 1009.4  997.0 1007.8 1005.1  994.1
 2017  1002.6  996.1 1001.6 1010.7 1012.7 1005.6 1006.0 1009.2 1000.9 1001.6 1010.0 1005.0
 2018   993.3  995.5 1009.2 1006.5 1004.1 1012.9 1005.8 1004.6 1004.6  998.5 1002.3  998.5
 2019  1007.1 1000.1  996.9 1011.0 1020.2 1017.8 1011.2 1007.6 1005.1 1008.2 1009.0  994.4
 2020   984.4  981.9 1001.2 1013.0 1014.9 1013.4 1008.9 1007.0 1001.3 1005.1  997.9 1000.9
 2021  1012.2 1001.6 1005.0 1021.4 1017.5 1008.7 1011.6 1013.6 1002.1 1000.8 1004.9 1001.4
 2022  1000.9  988.5 1003.5 1016.6 1006.6 1007.5 1009.4 1008.1 1011.3  999.7  991.5 1016.4
 2023   998.9 1000.6 1013.5 1012.5 1010.5 1012.6 1011.3 1012.5 1002.2 1005.4 1007.4 1003.2
 2024  1000.5  995.4 1005.3 1012.0 1010.4 1008.8 1004.2  994.5 1013.9 1002.6 1010.5 1003.1
 2025  1003.2  997.4   -10   -10   -10     -10     -10    -10    -10   -10   -10     -10
  -10
source  https://crudata.uea.ac.uk/cru/data/nao/
 This file created at the from NOAA/PSL and CU-CIRES by CAS
 updated 9/2024
   Iceland SLP
