1880 2026
1880   -0.25   -0.46   -0.31    -0.52   -0.22   -0.38   -0.33    0.25   -0.37   -0.61   -0.29   -0.29
1881   -0.66   -0.24   -0.12    -0.06    0.19   -0.90   -0.22   -0.24   -0.17   -0.32   -0.40    0.15
1882    0.14   -0.16   -0.04    -0.53   -0.60   -0.89   -0.56   -0.27   -0.16   -0.21   -0.49   -0.79
1883   -0.55   -0.75   -0.49    -0.40   -0.43    0.30   -0.22   -0.12   -0.41   -0.34   -0.63   -0.39
1884   -0.71   -0.39   -0.40    -0.64   -0.93   -0.43   -0.39    0.14   -0.32   -0.58   -0.72   -0.81
1885   -0.95   -0.71   -0.75    -0.86   -0.68   -0.76   -0.61   -0.31   -0.33   -0.35   -0.32   -0.04
1886   -0.58   -0.63   -0.43    -0.34   -0.33   -0.48   -0.15   -0.32   -0.09   -0.62   -0.25   -0.32
1887   -0.68   -1.03   -0.47    -0.55   -0.69   -0.64   -0.65   -0.57   -0.71   -0.53   -0.69   -0.65
1888   -0.57   -0.78   -0.72    -0.29   -0.69   -0.42   -0.28   -0.27   -0.32   -0.08   -0.06   -0.24
1889   -0.31    0.08    0.09     0.23    0.09   -0.17   -0.21   -0.44   -0.34   -0.27   -0.47   -0.40
1890   -0.57   -0.50   -0.47    -0.17   -0.66   -0.43   -0.59   -0.58   -0.23   -0.22   -0.55   -0.38
1891   -0.71   -0.93   -0.31    -0.44   -0.40   -0.59   -0.48   -0.43   -0.33   -0.39   -0.34    0.04
1892   -0.60   -0.24   -0.66    -0.57   -0.56   -0.45   -0.29   -0.28   -0.48   -0.36   -0.65   -0.65
1893   -1.48   -1.02   -0.51    -0.51   -0.54   -0.51    0.01   -0.21   -0.21   -0.11   -0.13   -0.41
1894   -0.69   -0.42   -0.38    -0.64   -0.63   -0.51   -0.35   -0.34   -0.47   -0.25   -0.29   -0.24
1895   -0.65   -0.77   -0.57    -0.45   -0.42   -0.16   -0.48   -0.19   -0.19   -0.18   -0.22   -0.14
1896   -0.24   -0.27   -0.64    -0.49   -0.40   -0.40   -0.21   -0.36   -0.22   -0.19   -0.37   -0.26
1897   -0.24   -0.46   -0.31    -0.13   -0.17   -0.04    0.00   -0.26   -0.13   -0.24    0.02   -0.27
1898   -0.13   -0.51   -0.78    -0.50   -0.66   -0.29   -0.29   -0.25   -0.01   -0.44   -0.42   -0.17
1899   -0.33   -0.60   -0.41    -0.19   -0.37   -0.49   -0.23   -0.29   -0.03   -0.19   -0.01   -0.22
1900   -0.49   -0.07   -0.18    -0.06   -0.15   -0.09   -0.34   -0.06   -0.01    0.18   -0.05   -0.09
1901   -0.26   -0.25   -0.15    -0.04   -0.12    0.05   -0.21   -0.17    0.01   -0.07   -0.15   -0.22
1902   -0.22   -0.07   -0.16    -0.14   -0.21   -0.24   -0.41   -0.43   -0.38   -0.41   -0.39   -0.50
1903   -0.33   -0.13   -0.13    -0.48   -0.33   -0.55   -0.27   -0.33   -0.39   -0.39   -0.41   -0.58
1904   -0.70   -0.73   -0.55    -0.37   -0.55   -0.46   -0.55   -0.48   -0.53   -0.51   -0.19   -0.40
1905   -0.39   -0.92   -0.27    -0.27   -0.29   -0.36   -0.39   -0.25   -0.23   -0.36   -0.06   -0.21
1906   -0.15   -0.36   -0.38     0.03   -0.26   -0.19   -0.11   -0.12   -0.27   -0.15   -0.52   -0.19
1907   -0.51   -0.63   -0.43    -0.54   -0.66   -0.62   -0.39   -0.51   -0.35   -0.22   -0.52   -0.57
1908   -0.41   -0.37   -0.55    -0.45   -0.26   -0.36   -0.32   -0.40   -0.14   -0.36   -0.60   -0.40
1909   -0.82   -0.55   -0.56    -0.57   -0.57   -0.34   -0.33   -0.13   -0.25   -0.24   -0.18   -0.54
1910   -0.38   -0.29   -0.46    -0.36   -0.28   -0.36   -0.24   -0.14   -0.11   -0.33   -0.54   -0.67
1911   -0.65   -0.69   -0.64    -0.51   -0.43   -0.49   -0.25   -0.32   -0.32   -0.25   -0.20   -0.29
1912   -0.26   -0.18   -0.54    -0.34   -0.26   -0.23   -0.50   -0.60   -0.49   -0.52   -0.50   -0.39
1913   -0.44   -0.52   -0.57    -0.37   -0.60   -0.56   -0.28   -0.20   -0.18   -0.28   -0.21   -0.01
1914    0.12   -0.08   -0.13    -0.24   -0.05   -0.12   -0.27   -0.14   -0.18    0.11   -0.33   -0.19
1915   -0.25   -0.05   -0.20    -0.08   -0.22   -0.28   -0.05   -0.24   -0.04   -0.09   -0.03   -0.20
1916   -0.12   -0.16   -0.47    -0.28   -0.43   -0.55   -0.37   -0.21   -0.26   -0.30   -0.50   -0.81
1917   -0.48   -0.69   -0.82    -0.58   -0.78   -0.41   -0.04   -0.37   -0.35   -0.55   -0.42   -0.93
1918   -0.72   -0.58   -0.51    -0.52   -0.66   -0.40   -0.51   -0.52   -0.22   -0.01   -0.28   -0.38
1919   -0.30   -0.21   -0.17    -0.11   -0.19   -0.15   -0.05   -0.13   -0.28   -0.15   -0.51   -0.35
1920   -0.19   -0.35   -0.24    -0.11   -0.31   -0.33   -0.19   -0.22   -0.23   -0.42   -0.33   -0.54
1921   -0.07   -0.16   -0.13    -0.24   -0.27   -0.11    0.00   -0.46   -0.13   -0.10   -0.31   -0.23
1922   -0.47   -0.52   -0.38    -0.13   -0.41   -0.31   -0.09   -0.24   -0.20   -0.25   -0.11   -0.22
1923   -0.30   -0.34   -0.28    -0.53   -0.37   -0.39   -0.51   -0.44   -0.35   -0.14   -0.06   -0.07
1924   -0.28   -0.39   -0.18    -0.44   -0.31   -0.24   -0.23   -0.22   -0.11   -0.21   -0.12   -0.41
1925   -0.49   -0.42   -0.33    -0.18   -0.35   -0.42   -0.38   -0.21   -0.37   -0.31   -0.02    0.17
1926    0.31    0.21    0.18    -0.11   -0.33   -0.24   -0.20    0.04    0.01   -0.10    0.00   -0.28
1927   -0.15   -0.13   -0.38    -0.31   -0.29   -0.28   -0.06   -0.29   -0.06    0.17    0.07   -0.26
1928    0.05   -0.02   -0.08    -0.11   -0.29   -0.53   -0.05   -0.03    0.00   -0.06    0.09   -0.04
1929   -0.25   -0.47   -0.34    -0.41   -0.34   -0.44   -0.41   -0.38   -0.22   -0.01   -0.02   -0.61
1930   -0.23   -0.18   -0.07    -0.22   -0.15   -0.20   -0.22   -0.16   -0.16   -0.28    0.11   -0.02
1931   -0.08   -0.25   -0.08    -0.23   -0.19   -0.08    0.08    0.09   -0.17    0.12   -0.03    0.13
1932    0.33   -0.28   -0.22     0.06   -0.15   -0.41   -0.21   -0.14    0.09    0.12   -0.09   -0.15
1933   -0.21   -0.21   -0.22    -0.16   -0.12   -0.28   -0.12   -0.16   -0.11   -0.12   -0.36   -0.45
1934   -0.10   -0.06   -0.30    -0.30    0.01   -0.17   -0.03    0.05   -0.03   -0.01    0.12    0.17
1935   -0.28    0.28    0.03    -0.43   -0.31   -0.16   -0.23   -0.19   -0.35    0.00   -0.29   -0.09
1936   -0.25   -0.39   -0.14     0.00   -0.24   -0.17    0.17    0.05    0.01    0.04    0.11    0.11
1937   -0.03    0.08   -0.22    -0.16    0.04   -0.03   -0.07    0.07    0.22    0.20    0.28    0.00
1938    0.12    0.12    0.23     0.33    0.11   -0.12   -0.02   -0.02    0.12    0.36    0.20   -0.01
1939    0.00   -0.11   -0.32    -0.15    0.03   -0.06   -0.09   -0.20   -0.07   -0.07   -0.09    0.37
1940   -0.15    0.04    0.02     0.02    0.07    0.18    0.19    0.11    0.20    0.10    0.05    0.30
1941    0.05    0.26   -0.05     0.02    0.13    0.14    0.27    0.08   -0.17    0.14   -0.05    0.04
1942    0.18   -0.06   -0.06    -0.03    0.03   -0.02    0.05    0.09    0.05    0.03    0.16    0.11
1943   -0.18    0.09   -0.08     0.04   -0.08   -0.06    0.08   -0.18    0.03    0.26    0.06    0.17
1944    0.32    0.08    0.07    -0.09   -0.12   -0.15    0.03    0.08    0.21    0.22    0.05   -0.18
1945    0.01   -0.09   -0.07     0.14   -0.27   -0.27   -0.23    0.24    0.03    0.03   -0.10   -0.35
1946   -0.02   -0.05   -0.10     0.08    0.03   -0.19    0.08   -0.10    0.03   -0.17   -0.05   -0.23
1947   -0.04    0.04    0.16     0.12    0.02   -0.04    0.07    0.10    0.07    0.30    0.22   -0.11
1948    0.23   -0.09   -0.21    -0.09    0.03    0.09   -0.09   -0.08    0.01    0.06   -0.12   -0.17
1949    0.02   -0.29   -0.09    -0.25   -0.16   -0.22   -0.04   -0.12   -0.04    0.03   -0.06   -0.10
1950   -0.23   -0.27   -0.03    -0.22   -0.22   -0.09   -0.06   -0.32   -0.14   -0.20   -0.33   -0.21
1951   -0.44   -0.49   -0.19    -0.09   -0.01   -0.17   -0.16    0.05   -0.04    0.03    0.00    0.15
1952    0.08    0.10   -0.16    -0.05   -0.13   -0.09    0.07    0.12    0.12   -0.04   -0.20   -0.05
1953    0.06    0.05    0.15     0.14    0.03    0.01   -0.07    0.10    0.09    0.08    0.05    0.19
1954   -0.25   -0.05   -0.09    -0.12   -0.18   -0.20   -0.25   -0.23   -0.17    0.06    0.20   -0.08
1955    0.24   -0.07   -0.35    -0.18   -0.16   -0.21   -0.11    0.15   -0.08    0.02   -0.27   -0.29
1956   -0.19   -0.31   -0.29    -0.24   -0.27   -0.06   -0.07   -0.34   -0.13   -0.22   -0.22   -0.17
1957   -0.09   -0.02   -0.04     0.05    0.03    0.16   -0.05    0.19    0.14    0.02    0.20    0.22
1958    0.45    0.26    0.16     0.08    0.14   -0.21    0.07   -0.11   -0.09    0.10    0.10   -0.06
1959    0.05    0.08    0.22     0.23   -0.03    0.09    0.05    0.00   -0.17   -0.08   -0.07    0.11
1960    0.06    0.24   -0.50    -0.25   -0.15   -0.05   -0.13    0.06    0.09    0.11   -0.08    0.18
1961    0.09    0.20    0.02     0.15    0.19    0.17    0.07    0.08    0.22    0.12    0.10   -0.16
1962    0.04    0.19    0.11     0.07   -0.10    0.06   -0.10   -0.04    0.02    0.05    0.11    0.00
1963    0.01    0.22   -0.22    -0.20   -0.13    0.06    0.05    0.17    0.23    0.13    0.09   -0.05
1964   -0.06   -0.11   -0.23    -0.36   -0.33   -0.10   -0.03   -0.30   -0.38   -0.33   -0.19   -0.33
1965   -0.05   -0.18   -0.11    -0.24   -0.07   -0.10   -0.26   -0.07   -0.23   -0.09   -0.08   -0.17
1966   -0.21   -0.05    0.15    -0.09   -0.11   -0.02    0.08   -0.11   -0.04   -0.28    0.00   -0.06
1967   -0.07   -0.26    0.03    -0.07    0.17   -0.09    0.07    0.04    0.00    0.12    0.03    0.00
1968   -0.23   -0.15    0.33    -0.10   -0.20   -0.16   -0.15   -0.07   -0.28    0.05   -0.10   -0.24
1969   -0.14   -0.29   -0.08     0.10    0.16    0.04   -0.06   -0.06    0.02    0.03    0.08    0.31
1970    0.05    0.30    0.08     0.05   -0.06    0.11    0.16   -0.11    0.19    0.07    0.04   -0.09
1971   -0.02   -0.07   -0.19    -0.05   -0.08   -0.19   -0.07    0.06    0.03    0.03   -0.15   -0.07
1972   -0.29   -0.32   -0.06    -0.05   -0.01    0.07    0.07    0.20    0.07   -0.05   -0.08    0.12
1973    0.26    0.34    0.37     0.36    0.31    0.29    0.23    0.06    0.09    0.13    0.09   -0.01
1974   -0.02   -0.22   -0.01    -0.10   -0.01    0.04    0.00    0.13   -0.08   -0.04   -0.08   -0.02
1975    0.11    0.13    0.14     0.03    0.24    0.02    0.06   -0.23   -0.02   -0.05   -0.14   -0.20
1976   -0.04   -0.09   -0.34    -0.21   -0.19   -0.16   -0.18   -0.23   -0.14   -0.37   -0.24   -0.04
1977    0.12    0.21    0.28     0.29    0.31    0.33    0.26    0.29   -0.11   -0.03    0.20    0.12
1978    0.09    0.14    0.23     0.28    0.22   -0.01    0.18   -0.16    0.12    0.03    0.08    0.06
1979    0.08   -0.14    0.23     0.22   -0.04    0.17    0.01    0.12    0.25    0.25    0.27    0.49
1980    0.32    0.37    0.35     0.34    0.44    0.21    0.27    0.23    0.31    0.13    0.25    0.17
1981    0.57    0.52    0.62     0.46    0.30    0.30    0.45    0.51    0.21    0.03    0.19    0.43
1982    0.00    0.22   -0.01     0.06    0.24   -0.02    0.16   -0.01    0.02   -0.03    0.14    0.36
1983    0.45    0.39    0.43     0.33    0.42    0.23    0.16    0.45    0.51    0.20    0.27    0.15
1984    0.21    0.05    0.29     0.07    0.44   -0.04    0.16    0.26    0.22    0.13    0.08   -0.04
1985    0.26    0.00    0.19     0.16    0.09    0.21    0.01    0.31    0.18    0.10    0.01    0.07
1986    0.32    0.45    0.36     0.33    0.26    0.08    0.09    0.23   -0.01    0.10    0.04    0.11
1987    0.31    0.47    0.22     0.35    0.24    0.48    0.46    0.16    0.27    0.35    0.32    0.49
1988    0.60    0.44    0.58     0.43    0.59    0.50    0.39    0.44    0.48    0.49    0.13    0.30
1989    0.14    0.32    0.37     0.34    0.16    0.11    0.44    0.43    0.45    0.36    0.18    0.38
1990    0.49    0.43    0.89     0.61    0.48    0.38    0.67    0.43    0.16    0.55    0.55    0.46
1991    0.46    0.57    0.43     0.63    0.35    0.60    0.58    0.52    0.50    0.29    0.27    0.27
1992    0.52    0.37    0.53     0.26    0.21    0.27   -0.01    0.11   -0.09    0.02   -0.01    0.22
1993    0.30    0.35    0.30     0.29    0.25    0.17    0.31    0.15    0.11    0.26    0.04    0.23
1994    0.35    0.06    0.27     0.52    0.23    0.54    0.37    0.26    0.38    0.42    0.48    0.45
1995    0.55    0.91    0.48     0.53    0.36    0.51    0.60    0.56    0.44    0.60    0.48    0.31
1996    0.36    0.52    0.42     0.43    0.32    0.30    0.54    0.72    0.40    0.35    0.49    0.46
1997    0.46    0.55    0.58     0.31    0.37    0.67    0.31    0.43    0.49    0.61    0.71    0.69
1998    0.69    1.17    0.81     0.75    0.90    1.01    0.88    0.85    0.60    0.62    0.58    0.78
1999    0.71    0.84    0.43     0.36    0.39    0.56    0.63    0.53    0.62    0.52    0.52    0.45
2000    0.27    0.74    0.62     0.67    0.47    0.62    0.57    0.60    0.54    0.33    0.44    0.41
2001    0.63    0.61    0.67     0.58    0.69    0.61    0.66    0.62    0.64    0.59    0.83    0.71
2002    0.97    0.93    1.06     0.79    0.83    0.58    0.81    0.71    0.86    0.64    0.68    0.55
2003    0.93    0.74    0.72     0.67    0.82    0.61    0.72    0.77    0.76    0.79    0.61    0.87
2004    0.68    0.89    0.75     0.73    0.43    0.67    0.21    0.59    0.55    0.76    0.90    0.68
2005    0.95    0.85    0.96     0.80    0.74    0.81    0.77    0.74    0.97    1.00    0.91    0.89
2006    0.78    0.99    0.80     0.61    0.49    0.80    0.69    0.87    0.81    0.92    0.91    0.96
2007    1.25    0.92    0.95     0.99    0.97    0.72    0.79    0.86    0.84    0.82    0.73    0.72
2008    0.50    0.48    0.91     0.67    0.59    0.56    0.77    0.44    0.80    0.83    0.86    0.68
2009    0.77    0.76    0.67     0.75    0.84    0.81    0.93    0.91    0.94    0.73    0.89    0.74
2010    0.93    1.05    1.11     0.96    0.96    0.90    0.77    0.84    0.88    0.95    1.04    0.60
2011    0.77    0.60    0.77     0.81    0.63    0.79    0.90    1.04    0.78    0.86    0.82    0.86
2012    0.62    0.59    0.70     0.88    1.00    0.71    0.64    0.89    0.87    0.99    0.97    0.72
2013    1.01    0.79    0.86     0.65    0.71    0.97    0.75    0.89    1.03    0.89    0.95    0.92
2014    1.00    0.70    0.83     0.94    1.08    0.80    0.75    0.92    1.11    1.02    0.85    0.96
2015    1.03    1.14    1.15     0.78    0.90    0.94    0.73    0.93    0.85    1.24    1.28    1.49
2016    1.37    1.69    1.68     1.34    1.24    0.97    1.03    1.36    1.19    1.19    1.29    1.22
2017    1.23    1.46    1.43     1.16    1.24    0.83    1.08    1.12    0.99    1.20    1.12    1.24
2018    1.14    1.16    1.15     1.21    1.01    0.95    1.16    0.99    1.00    1.20    1.06    1.25
2019    1.20    1.26    1.44     1.31    1.11    1.12    1.20    1.15    1.13    1.26    1.30    1.49
2020    1.48    1.59    1.40     1.43    1.28    1.21    1.06    1.04    1.30    1.18    1.51    1.16
2021    1.14    0.91    1.21     0.97    0.96    1.10    1.23    1.12    1.29    1.32    1.14    1.22
2022    1.15    1.12    1.41     1.05    1.07    1.16    1.23    1.21    1.13    1.27    0.91    1.02
2023    1.14    1.24    1.46     1.26    1.13    1.34    1.46    1.40    1.85    1.55    1.62    1.59
2024    1.49    1.77    1.62     1.53    1.34    1.39    1.45    1.66    1.48    1.66    1.62    1.64
2025    1.74    1.60    1.67     1.53    1.35    1.33    1.24    1.48    1.59    1.60    1.55    1.36
2026    1.36    1.57 9999.00  9999.00 9999.00 9999.00 9999.00 9999.00 9999.00 9999.00 9999.00 9999.00
 9999
 originally from from https://data.giss.nasa.gov/gistemp/tabledata/GLB.Ts.txt
https://psl.noaa.gov/data/timeseries/month/
 NASA Global Land Temperature
 Available at NOAA/PSL
