1880 2026
1880   -0.19   -0.25   -0.09    -0.16   -0.10   -0.21   -0.18   -0.10   -0.14   -0.23   -0.22   -0.19
1881   -0.20   -0.15    0.02     0.04    0.07   -0.19    0.01   -0.04   -0.15   -0.21   -0.18   -0.07
1882    0.16    0.14    0.04    -0.16   -0.14   -0.23   -0.16   -0.08   -0.15   -0.23   -0.17   -0.36
1883   -0.29   -0.36   -0.12    -0.18   -0.18   -0.07   -0.08   -0.14   -0.22   -0.11   -0.24   -0.12
1884   -0.13   -0.08   -0.37    -0.40   -0.34   -0.35   -0.31   -0.28   -0.27   -0.25   -0.33   -0.31
1885   -0.59   -0.34   -0.27    -0.42   -0.46   -0.44   -0.34   -0.31   -0.28   -0.23   -0.24   -0.10
1886   -0.44   -0.51   -0.43    -0.28   -0.25   -0.35   -0.19   -0.31   -0.24   -0.28   -0.28   -0.25
1887   -0.72   -0.57   -0.36    -0.35   -0.31   -0.25   -0.26   -0.36   -0.26   -0.35   -0.26   -0.33
1888   -0.34   -0.37   -0.41    -0.21   -0.22   -0.17   -0.11   -0.16   -0.12    0.01    0.02   -0.05
1889   -0.10    0.16    0.06     0.09   -0.02   -0.11   -0.08   -0.21   -0.24   -0.26   -0.34   -0.30
1890   -0.43   -0.45   -0.41    -0.30   -0.40   -0.25   -0.28   -0.39   -0.37   -0.25   -0.44   -0.32
1891   -0.34   -0.46   -0.18    -0.27   -0.16   -0.21   -0.18   -0.17   -0.16   -0.22   -0.32   -0.04
1892   -0.30   -0.12   -0.40    -0.34   -0.23   -0.22   -0.32   -0.27   -0.17   -0.14   -0.43   -0.40
1893   -0.81   -0.57   -0.23    -0.28   -0.34   -0.26   -0.14   -0.26   -0.22   -0.19   -0.19   -0.32
1894   -0.53   -0.30   -0.24    -0.46   -0.32   -0.41   -0.25   -0.24   -0.28   -0.23   -0.27   -0.22
1895   -0.42   -0.43   -0.33    -0.23   -0.28   -0.22   -0.17   -0.17   -0.12   -0.11   -0.18   -0.15
1896   -0.23   -0.13   -0.27    -0.31   -0.17   -0.12   -0.03   -0.06   -0.08    0.05   -0.05   -0.06
1897   -0.15   -0.18   -0.14    -0.03   -0.02   -0.13   -0.03   -0.10   -0.09   -0.14   -0.19   -0.22
1898   -0.04   -0.31   -0.51    -0.31   -0.31   -0.20   -0.22   -0.27   -0.22   -0.35   -0.39   -0.25
1899   -0.18   -0.38   -0.37    -0.21   -0.24   -0.32   -0.16   -0.08   -0.05   -0.04    0.11   -0.27
1900   -0.37   -0.07   -0.01    -0.10   -0.10   -0.11   -0.14   -0.10   -0.06    0.09   -0.08   -0.08
1901   -0.24   -0.11    0.05    -0.04   -0.16   -0.13   -0.15   -0.21   -0.23   -0.30   -0.18   -0.29
1902   -0.18   -0.09   -0.28    -0.28   -0.33   -0.33   -0.29   -0.30   -0.29   -0.31   -0.37   -0.43
1903   -0.25   -0.07   -0.24    -0.42   -0.41   -0.43   -0.36   -0.46   -0.50   -0.47   -0.43   -0.52
1904   -0.63   -0.59   -0.52    -0.51   -0.53   -0.49   -0.51   -0.49   -0.56   -0.39   -0.19   -0.34
1905   -0.35   -0.60   -0.22    -0.34   -0.30   -0.29   -0.27   -0.21   -0.19   -0.25   -0.07   -0.14
1906   -0.28   -0.30   -0.19    -0.05   -0.26   -0.20   -0.24   -0.20   -0.28   -0.20   -0.38   -0.15
1907   -0.43   -0.52   -0.28    -0.37   -0.47   -0.42   -0.35   -0.35   -0.34   -0.23   -0.48   -0.48
1908   -0.45   -0.33   -0.56    -0.45   -0.38   -0.39   -0.36   -0.46   -0.36   -0.44   -0.52   -0.50
1909   -0.74   -0.46   -0.55    -0.60   -0.55   -0.53   -0.46   -0.34   -0.39   -0.40   -0.33   -0.57
1910   -0.44   -0.42   -0.51    -0.44   -0.35   -0.39   -0.35   -0.37   -0.39   -0.41   -0.58   -0.68
1911   -0.63   -0.59   -0.62    -0.55   -0.53   -0.52   -0.43   -0.44   -0.41   -0.27   -0.22   -0.23
1912   -0.28   -0.16   -0.39    -0.19   -0.22   -0.25   -0.43   -0.55   -0.58   -0.58   -0.41   -0.44
1913   -0.41   -0.46   -0.44    -0.41   -0.45   -0.46   -0.37   -0.34   -0.35   -0.32   -0.21   -0.04
1914    0.03   -0.11   -0.25    -0.31   -0.22   -0.26   -0.25   -0.17   -0.18   -0.04   -0.17   -0.05
1915   -0.22   -0.04   -0.10     0.05   -0.06   -0.23   -0.13   -0.22   -0.20   -0.25   -0.13   -0.21
1916   -0.14   -0.16   -0.29    -0.32   -0.36   -0.50   -0.37   -0.28   -0.37   -0.34   -0.47   -0.82
1917   -0.57   -0.63   -0.64    -0.56   -0.56   -0.44   -0.26   -0.23   -0.23   -0.45   -0.35   -0.68
1918   -0.48   -0.36   -0.26    -0.45   -0.44   -0.37   -0.32   -0.32   -0.18   -0.06   -0.12   -0.30
1919   -0.21   -0.24   -0.22    -0.13   -0.29   -0.37   -0.30   -0.34   -0.26   -0.21   -0.42   -0.43
1920   -0.25   -0.27   -0.13    -0.25   -0.27   -0.36   -0.31   -0.27   -0.22   -0.27   -0.27   -0.47
1921   -0.05   -0.18   -0.24    -0.30   -0.31   -0.28   -0.15   -0.27   -0.19   -0.04   -0.15   -0.18
1922   -0.35   -0.45   -0.16    -0.24   -0.34   -0.31   -0.28   -0.34   -0.36   -0.32   -0.15   -0.20
1923   -0.28   -0.40   -0.34    -0.42   -0.35   -0.30   -0.32   -0.34   -0.32   -0.14   -0.03   -0.04
1924   -0.23   -0.24   -0.09    -0.31   -0.19   -0.27   -0.30   -0.36   -0.32   -0.35   -0.21   -0.44
1925   -0.38   -0.40   -0.28    -0.26   -0.30   -0.33   -0.27   -0.21   -0.20   -0.18    0.05    0.06
1926    0.20    0.02    0.11    -0.14   -0.24   -0.27   -0.28   -0.13   -0.15   -0.11   -0.07   -0.30
1927   -0.27   -0.18   -0.39    -0.31   -0.26   -0.28   -0.19   -0.24   -0.13   -0.01   -0.06   -0.34
1928   -0.03   -0.09   -0.25    -0.29   -0.30   -0.39   -0.20   -0.22   -0.21   -0.19   -0.10   -0.17
1929   -0.45   -0.59   -0.33    -0.42   -0.38   -0.44   -0.37   -0.33   -0.25   -0.15   -0.12   -0.55
1930   -0.30   -0.27   -0.11    -0.25   -0.24   -0.22   -0.21   -0.15   -0.16   -0.12    0.17   -0.06
1931   -0.10   -0.21   -0.11    -0.23   -0.20   -0.08   -0.03   -0.03   -0.06    0.05   -0.06   -0.06
1932    0.15   -0.17   -0.18    -0.06   -0.18   -0.29   -0.25   -0.22   -0.10   -0.09   -0.28   -0.27
1933   -0.23   -0.30   -0.30    -0.25   -0.29   -0.34   -0.22   -0.24   -0.29   -0.25   -0.31   -0.45
1934   -0.21   -0.03   -0.29    -0.31   -0.10   -0.15   -0.11   -0.12   -0.16   -0.07    0.03   -0.03
1935   -0.34    0.14   -0.14    -0.37   -0.29   -0.27   -0.22   -0.22   -0.21   -0.06   -0.26   -0.17
1936   -0.28   -0.38   -0.21    -0.20   -0.16   -0.22   -0.10   -0.13   -0.09   -0.03    0.01   -0.01
1937   -0.07    0.03   -0.21    -0.16   -0.06   -0.05   -0.03    0.01    0.09    0.08    0.08   -0.08
1938    0.08    0.03    0.10     0.06   -0.10   -0.17   -0.09   -0.06    0.01    0.15    0.07   -0.13
1939   -0.05   -0.07   -0.18    -0.10   -0.05   -0.07   -0.06   -0.06   -0.07   -0.04    0.07    0.42
1940   -0.01    0.08    0.09     0.17    0.10    0.11    0.12    0.06    0.15    0.11    0.16    0.31
1941    0.17    0.30    0.10     0.16    0.16    0.12    0.22    0.14    0.02    0.35    0.22    0.21
1942    0.29    0.02    0.05     0.09    0.11    0.04    0.00   -0.04   -0.03    0.01    0.09    0.12
1943   -0.01    0.17   -0.04     0.11    0.06   -0.05    0.08    0.00    0.05    0.23    0.19    0.23
1944    0.35    0.24    0.26     0.19    0.18    0.15    0.17    0.18    0.28    0.26    0.11    0.03
1945    0.10    0.01    0.06     0.19    0.06    0.01    0.03    0.26    0.20    0.18    0.07   -0.07
1946    0.15    0.02    0.01     0.05   -0.07   -0.21   -0.12   -0.20   -0.08   -0.08   -0.06   -0.31
1947   -0.07   -0.08    0.06     0.06   -0.02   -0.02   -0.04   -0.07   -0.12    0.07    0.02   -0.13
1948    0.06   -0.15   -0.24    -0.12   -0.01   -0.05   -0.11   -0.12   -0.14   -0.05   -0.12   -0.24
1949    0.06   -0.14   -0.02    -0.11   -0.10   -0.27   -0.13   -0.13   -0.14   -0.07   -0.11   -0.18
1950   -0.26   -0.27   -0.08    -0.21   -0.11   -0.05   -0.09   -0.16   -0.11   -0.20   -0.34   -0.22
1951   -0.34   -0.41   -0.20    -0.14   -0.01   -0.07   -0.01    0.06    0.05    0.08   -0.01    0.15
1952    0.11    0.11   -0.08     0.03   -0.03   -0.03    0.04    0.05    0.07    0.00   -0.13   -0.02
1953    0.07    0.15    0.11     0.19    0.11    0.12    0.01    0.05    0.04    0.08   -0.03    0.05
1954   -0.24   -0.10   -0.15    -0.14   -0.20   -0.19   -0.19   -0.17   -0.10   -0.02    0.08   -0.18
1955    0.13   -0.16   -0.32    -0.22   -0.20   -0.13   -0.11    0.02   -0.11   -0.05   -0.25   -0.28
1956   -0.13   -0.24   -0.21    -0.28   -0.29   -0.15   -0.09   -0.25   -0.19   -0.23   -0.15   -0.06
1957   -0.09   -0.03   -0.05     0.00    0.09    0.15    0.02    0.15    0.09    0.01    0.08    0.15
1958    0.39    0.22    0.09     0.02    0.06   -0.09    0.05   -0.05   -0.03    0.04    0.02    0.01
1959    0.08    0.07    0.18     0.16    0.04    0.03    0.03   -0.01   -0.06   -0.07   -0.08    0.00
1960    0.00    0.13   -0.35    -0.15   -0.08   -0.04   -0.04    0.02    0.07    0.06   -0.11    0.19
1961    0.07    0.19    0.09     0.13    0.12    0.12    0.01    0.01    0.08    0.00    0.03   -0.16
1962    0.05    0.15    0.10     0.05   -0.06    0.03    0.02   -0.01    0.00    0.01    0.06   -0.03
1963   -0.03    0.18   -0.14    -0.07   -0.06    0.05    0.06    0.22    0.17    0.15    0.15   -0.03
1964   -0.09   -0.10   -0.21    -0.32   -0.25   -0.04   -0.04   -0.22   -0.29   -0.31   -0.21   -0.29
1965   -0.08   -0.17   -0.13    -0.19   -0.12   -0.08   -0.13   -0.04   -0.15   -0.05   -0.06   -0.08
1966   -0.19   -0.04    0.04    -0.13   -0.12    0.01    0.08   -0.09   -0.03   -0.17    0.00   -0.02
1967   -0.07   -0.20    0.05    -0.05    0.12   -0.08    0.02    0.01   -0.06    0.09   -0.05   -0.05
1968   -0.26   -0.14    0.20    -0.05   -0.14   -0.09   -0.13   -0.09   -0.19    0.09   -0.05   -0.14
1969   -0.11   -0.18    0.01     0.17    0.18    0.03   -0.05    0.04    0.08    0.09    0.12    0.24
1970    0.08    0.22    0.06     0.05   -0.03   -0.02    0.02   -0.10    0.12    0.03    0.02   -0.12
1971   -0.02   -0.15   -0.18    -0.07   -0.05   -0.16   -0.08   -0.01   -0.05   -0.04   -0.07   -0.08
1972   -0.23   -0.18    0.02     0.00   -0.03    0.04    0.01    0.16    0.02    0.08    0.02    0.18
1973    0.29    0.32    0.29     0.27    0.23    0.19    0.13    0.05    0.09    0.10    0.04   -0.07
1974   -0.10   -0.27   -0.05    -0.11   -0.04   -0.05   -0.03    0.10   -0.08   -0.06   -0.08   -0.08
1975    0.10    0.08    0.12     0.04    0.16   -0.01   -0.01   -0.17   -0.02   -0.11   -0.17   -0.17
1976   -0.03   -0.06   -0.21    -0.07   -0.20   -0.12   -0.10   -0.12   -0.07   -0.24   -0.06    0.11
1977    0.18    0.22    0.24     0.26    0.33    0.27    0.20    0.18    0.02    0.03    0.16    0.03
1978    0.06    0.10    0.19     0.17    0.09   -0.01    0.04   -0.14    0.06    0.03    0.13    0.08
1979    0.08   -0.10    0.19     0.15    0.03    0.14    0.04    0.16    0.25    0.26    0.28    0.47
1980    0.29    0.39    0.29     0.30    0.35    0.20    0.22    0.18    0.20    0.13    0.29    0.21
1981    0.53    0.42    0.48     0.32    0.24    0.29    0.32    0.35    0.14    0.12    0.23    0.41
1982    0.04    0.15    0.03     0.15    0.18    0.05    0.14    0.03    0.13    0.13    0.17    0.42
1983    0.53    0.43    0.41     0.27    0.34    0.22    0.18    0.35    0.37    0.17    0.30    0.16
1984    0.31    0.14    0.26     0.05    0.33    0.02    0.19    0.19    0.21    0.13    0.06   -0.05
1985    0.22   -0.04    0.17     0.12    0.14    0.15    0.04    0.16    0.13    0.11    0.05    0.13
1986    0.26    0.37    0.30     0.22    0.21    0.12    0.11    0.15    0.03    0.15    0.10    0.13
1987    0.31    0.43    0.18     0.24    0.25    0.35    0.40    0.24    0.35    0.32    0.29    0.46
1988    0.56    0.44    0.51     0.42    0.44    0.40    0.33    0.39    0.37    0.37    0.12    0.29
1989    0.12    0.29    0.36     0.29    0.17    0.15    0.34    0.33    0.34    0.29    0.19    0.37
1990    0.41    0.43    0.80     0.56    0.45    0.37    0.46    0.34    0.23    0.44    0.46    0.40
1991    0.42    0.50    0.35     0.51    0.34    0.53    0.47    0.39    0.44    0.29    0.29    0.32
1992    0.47    0.40    0.48     0.27    0.31    0.25    0.09    0.08   -0.01    0.06    0.02    0.21
1993    0.34    0.37    0.36     0.27    0.28    0.22    0.25    0.11    0.11    0.23    0.03    0.18
1994    0.26    0.02    0.29     0.41    0.28    0.43    0.30    0.21    0.31    0.42    0.44    0.38
1995    0.52    0.79    0.46     0.46    0.27    0.43    0.45    0.45    0.33    0.46    0.44    0.26
1996    0.24    0.46    0.32     0.33    0.27    0.25    0.36    0.48    0.25    0.22    0.41    0.37
1997    0.32    0.40    0.52     0.33    0.34    0.54    0.33    0.41    0.52    0.61    0.64    0.59
1998    0.58    0.88    0.63     0.63    0.68    0.77    0.66    0.65    0.42    0.42    0.43    0.54
1999    0.48    0.64    0.32     0.31    0.26    0.36    0.38    0.31    0.38    0.34    0.37    0.40
2000    0.25    0.55    0.55     0.56    0.35    0.40    0.39    0.42    0.38    0.26    0.30    0.27
2001    0.45    0.43    0.55     0.50    0.57    0.52    0.59    0.48    0.51    0.49    0.72    0.55
2002    0.76    0.78    0.88     0.57    0.64    0.53    0.61    0.53    0.63    0.54    0.59    0.44
2003    0.74    0.58    0.60     0.55    0.60    0.47    0.58    0.64    0.62    0.72    0.52    0.74
2004    0.57    0.72    0.63     0.60    0.36    0.43    0.25    0.44    0.50    0.60    0.72    0.50
2005    0.75    0.59    0.74     0.66    0.62    0.64    0.61    0.60    0.71    0.76    0.74    0.67
2006    0.56    0.73    0.63     0.46    0.48    0.66    0.54    0.71    0.66    0.70    0.73    0.79
2007    1.01    0.70    0.71     0.77    0.69    0.61    0.59    0.60    0.60    0.59    0.59    0.49
2008    0.30    0.38    0.74     0.53    0.49    0.49    0.60    0.45    0.60    0.66    0.69    0.53
2009    0.64    0.53    0.53     0.61    0.65    0.63    0.73    0.68    0.71    0.65    0.79    0.67
2010    0.74    0.83    0.92     0.85    0.75    0.67    0.63    0.66    0.62    0.71    0.81    0.45
2011    0.52    0.47    0.65     0.64    0.53    0.62    0.70    0.74    0.55    0.65    0.59    0.60
2012    0.47    0.48    0.56     0.72    0.78    0.64    0.58    0.65    0.71    0.79    0.78    0.52
2013    0.71    0.61    0.67     0.53    0.60    0.69    0.60    0.70    0.76    0.69    0.83    0.70
2014    0.76    0.55    0.78     0.80    0.86    0.67    0.58    0.83    0.87    0.80    0.67    0.78
2015    0.86    0.91    0.96     0.75    0.79    0.81    0.73    0.79    0.83    1.07    1.05    1.17
2016    1.17    1.36    1.35     1.08    0.95    0.80    0.84    1.01    0.90    0.86    0.91    0.86
2017    1.02    1.13    1.16     0.93    0.91    0.71    0.82    0.87    0.74    0.88    0.87    0.93
2018    0.82    0.84    0.88     0.88    0.81    0.76    0.83    0.78    0.80    1.01    0.83    0.92
2019    0.93    0.95    1.17     1.01    0.86    0.90    0.94    0.95    0.93    1.00    0.99    1.11
2020    1.18    1.24    1.18     1.12    0.99    0.91    0.89    0.86    0.96    0.87    1.08    0.79
2021    0.81    0.64    0.89     0.76    0.79    0.85    0.92    0.81    0.92    0.98    0.92    0.87
2022    0.91    0.89    1.04     0.83    0.84    0.92    0.94    0.94    0.88    0.97    0.73    0.79
2023    0.87    0.96    1.23     0.99    0.94    1.08    1.19    1.19    1.48    1.34    1.40    1.35
2024    1.25    1.43    1.39     1.31    1.16    1.24    1.20    1.30    1.23    1.34    1.29    1.26
2025    1.37    1.26    1.37     1.24    1.08    1.06    1.02    1.17    1.25    1.19    1.21    1.07
2026    1.08    1.24 9999.00  9999.00 9999.00 9999.00 9999.00 9999.00 9999.00 9999.00 9999.00 9999.00
 9999
 originally from from https://data.giss.nasa.gov/gistemp/tabledata/GLB.Ts+dSST.txt
https://psl.noaa.gov/data/timeseries/month/
 Available at NOAA/PSL
