1850 2025
1850  -1.599  -0.949  -0.907   -1.305  -1.099  -0.582  -0.278  -0.087  -0.412  -1.131  -0.758  -0.437
1851  -0.883  -0.579  -1.114   -1.083  -0.862  -0.583  -0.150  -0.144  -0.352  -0.067  -0.758  -0.648
1852  -0.333  -0.953  -1.463   -1.073  -0.659  -0.157  -0.251  -0.121  -0.189  -0.379  -0.520  -0.573
1853  -0.964  -1.239  -1.289   -1.194  -0.579  -0.445  -0.070  -0.311  -0.420  -0.494  -0.614  -0.478
1854  -1.044  -0.892  -0.610   -0.724  -0.659  -0.397  -0.207  -0.321  -0.436  -0.121  -0.117  -0.286
1855  -0.549  -0.694  -0.633   -0.584  -0.527  -0.390  -0.547  -0.532  -0.572  -0.393  -0.676  -0.930
1856   0.045  -0.477  -0.755   -0.924  -0.878  -0.409  -0.471  -0.876  -0.620  -1.003  -0.327  -0.146
1857  -0.382  -1.049  -0.460   -0.788  -0.962  -0.586  -0.529  -0.540  -0.737  -0.689  -0.508  -0.052
1858  -0.524  -0.799  -0.657   -0.659  -1.077  -0.567  -0.516  -0.552  -0.778  -0.429  -0.702  -0.921
1859  -0.784  -0.655  -0.526   -0.446  -0.313  -0.393  -0.750  -0.367  -0.767  -0.628  -0.489  -0.223
1860  -0.985  -1.196  -1.285   -0.890  -1.004  -0.622  -0.696  -0.549  -0.771  -0.849  -0.772  -1.475
1861  -1.618  -1.422  -0.748   -1.065  -1.129  -0.733  -0.615  -0.676  -0.770  -0.985  -0.467  -0.914
1862  -1.342  -1.477  -1.287   -1.248  -1.122  -0.704  -0.777  -0.777  -0.894  -1.128  -0.794  -1.584
1863  -0.545  -1.082  -0.758   -0.629  -0.905  -0.632  -0.808  -0.845  -1.057  -0.964  -0.585  -1.080
1864  -1.208  -0.908  -0.874   -0.891  -0.624  -0.478  -0.582  -0.879  -0.926  -1.010  -0.942  -1.535
1865  -0.054  -1.201  -1.288   -1.250  -1.027  -0.508  -0.494  -0.439  -0.424  -0.562  -0.440  -0.682
1866  -0.596  -0.748  -1.210   -0.991  -0.848  -0.882  -0.526  -0.861  -0.487  -0.883  -0.789  -0.391
1867  -0.836  -1.465  -1.345   -1.559  -1.419  -0.668  -0.698  -0.534  -0.600  -0.622  -0.264  -0.460
1868  -0.998  -1.022  -0.792   -1.034  -0.870  -0.641  -0.579  -0.352  -0.463  -0.444  -1.280  -0.663
1869  -0.403  -0.095  -0.649   -0.881  -0.566  -0.583  -0.510  -0.481  -0.535  -0.725  -0.279  -0.739
1870  -1.170  -1.484  -1.040   -1.082  -0.704  -0.260  -0.339  -0.393  -0.495  -0.814  -0.860  -1.310
1871  -1.312  -1.388  -0.646   -0.609  -0.935  -0.452  -0.495  -0.465  -0.759  -0.901  -1.122  -0.919
1872  -1.218  -1.222  -0.850   -1.217  -0.794  -0.705  -0.617  -0.381  -0.549  -0.708  -0.977  -1.159
1873  -1.010  -0.915  -1.287   -1.277  -0.775  -0.486  -0.529  -0.427  -0.595  -0.462  -0.727  -0.899
1874  -0.908  -0.972  -1.244   -0.839  -0.764  -0.433  -0.869  -0.799  -0.466  -0.546  -0.783  -0.416
1875  -0.756  -1.035  -1.011   -0.903  -0.915  -0.489  -0.479  -0.764  -0.959  -0.999  -1.567  -1.762
1876  -0.910  -1.462  -0.846   -0.871  -1.236  -0.461  -0.648  -0.780  -0.706  -0.541  -1.085  -1.319
1877  -0.802  -0.877  -0.377   -0.709  -0.582  -0.392   0.009  -0.370  -0.366  -0.217  -0.082  -0.759
1878  -0.745  -0.523   0.261   -0.356  -0.669  -0.001   0.079  -0.332  -0.182  -0.512  -0.558  -0.552
1879  -0.637  -1.183  -0.725   -0.928  -0.718  -0.578  -0.343  -0.711  -0.735  -0.781  -1.087  -1.337
1880  -1.279  -1.745  -1.126   -0.867  -0.670  -0.405  -0.654  -0.254  -0.633  -0.683  -0.651  -0.716
1881  -0.704  -0.934  -0.872   -0.523  -0.365  -0.965  -0.438  -0.590  -0.766  -0.849  -0.934  -0.421
1882  -0.361  -0.985  -0.810   -1.099  -0.651  -0.968  -0.866  -0.552  -0.638  -1.041  -1.075  -1.375
1883  -1.000  -1.391  -0.679   -0.972  -0.648  -0.074  -0.479  -0.881  -0.866  -0.932  -0.956  -0.979
1884  -1.039  -1.005  -1.551   -1.338  -1.089  -0.760  -0.841  -0.812  -1.033  -1.043  -1.001  -0.287
1885  -1.216  -1.015  -1.220   -1.251  -0.755  -0.926  -0.560  -0.461  -0.720  -0.728  -0.857  -0.426
1886  -1.086  -1.242  -1.575   -0.857  -0.880  -0.805  -0.414  -0.444  -0.593  -0.820  -0.840  -0.450
1887  -1.625  -1.224  -1.138   -0.981  -0.856  -0.756  -0.613  -0.606  -0.414  -0.938  -0.768  -1.252
1888  -0.597  -1.147  -1.091   -1.017  -0.813  -0.533  -0.168  -0.380  -0.692  -0.026  -0.136  -0.617
1889  -0.582  -0.012  -0.454   -0.271  -0.140  -0.309  -0.393  -0.345  -0.364  -0.495  -0.935  -0.881
1890  -0.977  -1.003  -1.066   -1.065  -0.771  -0.787  -0.530  -0.587  -0.711  -0.315  -1.017  -1.047
1891  -0.894  -1.730  -0.861   -0.908  -0.631  -0.479  -0.466  -0.632  -0.693  -0.616  -1.099  -0.711
1892  -0.835  -0.677  -0.939   -0.970  -1.126  -0.590  -0.723  -0.701  -0.626  -0.710  -1.089  -0.897
1893  -1.652  -1.526  -1.201   -0.983  -0.926  -0.523  -0.501  -0.611  -0.728  -0.608  -0.788  -1.134
1894  -1.495  -1.272  -0.899   -1.048  -0.553  -0.998  -0.486  -0.352  -0.821  -0.797  -0.832  -0.872
1895  -1.246  -1.361  -0.841   -0.635  -0.843  -0.578  -0.338  -0.415  -0.651  -0.711  -0.566  -0.891
1896  -0.718  -0.855  -1.063   -1.374  -0.986  -0.402  -0.515  -0.405  -0.531  -0.137  -0.684  -0.793
1897  -0.827  -1.219  -1.181   -0.382  -0.433  -0.407  -0.284  -0.293  -0.443  -0.542  -0.317  -0.366
1898  -0.882  -1.174  -1.530   -0.917  -0.638  -0.381  -0.279  -0.232  -0.302  -0.674  -0.989  -0.765
1899  -0.978  -1.143  -0.822   -0.664  -0.771  -0.693  -0.372  -0.325  -0.061  -0.500  -0.153  -0.333
1900  -1.098  -0.385  -0.343   -0.733  -0.388  -0.272  -0.407  -0.353  -0.570  -0.100  -0.259  -0.316
1901  -0.937  -0.686  -0.015   -0.104  -0.506  -0.345  -0.283  -0.249  -0.316  -0.476  -0.387  -0.261
1902  -0.531  -0.228  -0.943   -0.864  -0.572  -0.267  -0.280  -0.391  -0.520  -0.592  -0.748  -1.117
1903  -0.669  -0.643  -0.551   -1.008  -0.590  -0.539  -0.660  -0.635  -0.710  -0.824  -0.476  -1.197
1904  -1.298  -1.103  -0.623   -1.017  -0.793  -0.679  -0.628  -0.627  -0.726  -0.568  -0.126  -0.437
1905  -0.599  -1.366  -0.705   -0.778  -0.415  -0.349  -0.336  -0.634  -0.708  -0.700  -0.308  -0.783
1906  -1.124  -0.894  -0.758   -0.081  -0.219  -0.199  -0.261  -0.385  -0.416  -0.050  -0.419  -0.011
1907  -0.780  -1.300  -0.842   -1.141  -1.146  -0.872  -0.632  -0.520  -0.590  -0.273  -0.717  -0.934
1908  -1.113  -0.535  -1.211   -1.103  -0.773  -0.464  -0.431  -0.704  -0.597  -0.682  -0.664  -0.800
1909  -1.567  -0.824  -1.038   -1.098  -0.799  -0.744  -0.577  -0.411  -0.404  -0.227  -0.033  -0.668
1910  -0.569  -0.732  -0.870   -0.647  -0.554  -0.557  -0.311  -0.348  -0.426  -0.537  -0.334  -1.077
1911  -1.186  -1.229  -1.381   -0.485  -0.753  -0.732  -0.551  -0.592  -0.566  -0.279  -0.240  -0.565
1912  -0.862  -0.765  -1.394   -0.771  -0.481  -0.407  -0.851  -0.959  -0.924  -1.215  -0.329  -0.709
1913  -0.936  -1.027  -1.147   -0.849  -0.903  -0.702  -0.591  -0.304  -0.423  -0.590  -0.399   0.016
1914  -0.254  -0.484  -0.836   -0.597  -0.413  -0.283  -0.483  -0.605  -0.551  -0.165  -0.016  -0.336
1915  -0.695  -0.469  -0.532   -0.066  -0.204  -0.411  -0.214  -0.350  -0.417  -0.469  -0.120  -0.822
1916  -0.530  -0.698  -0.759   -0.534  -0.479  -0.557  -0.567  -0.395  -0.532  -0.469  -1.013  -1.757
1917  -0.841  -1.392  -1.555   -1.089  -1.193  -0.805  -0.324  -0.624  -0.569  -1.026  -0.623  -1.587
1918  -1.481  -1.357  -1.046   -1.207  -1.072  -0.941  -0.637  -0.684  -0.427  -0.285  -0.629  -1.032
1919  -0.486  -1.099  -1.146   -0.295  -0.467  -0.644  -0.430  -0.558  -0.353  -0.442  -0.496  -0.733
1920  -0.189  -0.654  -0.510   -0.762  -0.409  -0.583  -0.576  -0.510  -0.555  -0.485  -0.582  -1.147
1921  -0.272  -0.771  -0.789   -0.637  -0.307  -0.324  -0.239  -0.441  -0.468  -0.251  -0.200  -0.475
1922  -0.551  -1.351  -0.656   -0.353  -0.638  -0.502  -0.562  -0.658  -0.498  -0.508   0.103  -0.254
1923  -0.661  -0.771  -1.047   -0.894  -0.620  -0.387  -0.733  -0.728  -0.624  -0.226   0.020  -0.328
1924  -0.659  -0.682  -0.401   -0.739  -0.518  -0.470  -0.630  -0.653  -0.412  -0.354  -0.016  -0.530
1925  -0.883  -0.814  -0.631   -0.247  -0.487  -0.661  -0.605  -0.611  -0.579  -0.278  -0.181  -0.088
1926   0.244  -0.118   0.090   -0.223  -0.788  -0.515  -0.602  -0.515  -0.361   0.149  -0.098  -0.822
1927  -0.810  -0.533  -1.123   -0.855  -0.566  -0.328  -0.427  -0.184  -0.093   0.142  -0.041  -0.923
1928  -0.310  -0.384  -0.716   -0.596  -0.429  -0.362  -0.521  -0.500  -0.073  -0.257   0.020  -0.114
1929  -0.816  -1.119  -0.752   -0.931  -0.747  -0.941  -0.893  -0.443  -0.435  -0.195  -0.330  -1.250
1930  -0.714  -0.614  -0.509   -0.394  -0.488  -0.354  -0.114  -0.336  -0.552  -0.407   0.336  -0.227
1931  -0.308  -0.818  -0.573   -0.587  -0.562  -0.251  -0.110  -0.076   0.033   0.208   0.126  -0.035
1932   0.327  -0.821  -0.580   -0.070  -0.371  -0.242  -0.398  -0.607   0.028   0.106  -0.521  -0.486
1933  -0.446  -0.935  -0.692   -0.598  -0.530  -0.545  -0.539  -0.495  -0.674  -0.223  -0.458  -0.790
1934  -0.605  -0.014  -0.703   -0.758  -0.051  -0.391  -0.316  -0.310  -0.279   0.055   0.250  -0.107
1935  -0.851   0.375  -0.461   -1.101  -0.681  -0.677  -0.155  -0.218  -0.151  -0.135  -0.508  -0.428
1936  -0.969  -1.055  -0.774   -0.496  -0.395  -0.368   0.026  -0.010  -0.241   0.059  -0.032  -0.090
1937  -0.285  -0.263  -0.946   -0.729  -0.234  -0.261  -0.290  -0.074   0.130   0.191   0.212  -0.411
1938  -0.117  -0.085  -0.022    0.141  -0.195  -0.586  -0.065  -0.136   0.152   0.274   0.371  -0.256
1939  -0.131  -0.363  -0.933   -0.570  -0.129  -0.199  -0.033   0.039  -0.250  -0.275   0.030   0.888
1940  -0.302  -0.213  -0.406    0.076  -0.177  -0.347  -0.238  -0.376  -0.125   0.108  -0.034   0.180
1941  -0.474  -0.072  -0.540   -0.165  -0.133  -0.124  -0.047   0.027  -0.310   0.057  -0.282  -0.210
1942   0.227  -0.778  -0.608   -0.377  -0.387  -0.150  -0.403  -0.169   0.015   0.028   0.110  -0.210
1943  -0.657  -0.246  -0.559   -0.020  -0.307  -0.727  -0.212  -0.336  -0.270   0.417   0.151   0.115
1944   0.393   0.104  -0.090   -0.372  -0.187  -0.305  -0.372  -0.271   0.219   0.292   0.167  -0.139
1945  -0.199  -0.688  -0.571    0.071  -0.368  -0.322  -0.360   0.271  -0.153  -0.090  -0.208  -0.771
1946   0.015  -0.357  -0.656   -0.258  -0.193  -0.430  -0.301  -0.381  -0.266  -0.354   0.059  -0.644
1947  -0.172  -0.207  -0.136   -0.076  -0.304  -0.237  -0.252  -0.368  -0.199   0.333   0.072  -0.415
1948  -0.001  -0.410  -0.794   -0.286   0.090  -0.377  -0.199  -0.245  -0.206   0.057  -0.056  -0.883
1949  -0.044  -0.737  -0.271   -0.464  -0.211  -0.500  -0.413  -0.318  -0.460  -0.111  -0.172  -0.392
1950  -0.721  -0.818  -0.441   -0.680  -0.208  -0.377  -0.418  -0.538  -0.319  -0.377  -0.691  -0.621
1951  -1.047  -1.337  -0.564   -0.567  -0.141  -0.369  -0.422  -0.161   0.074   0.139  -0.240   0.082
1952  -0.055  -0.285  -0.768   -0.249  -0.360  -0.384  -0.155  -0.202  -0.141  -0.247  -0.495  -0.321
1953  -0.103   0.029  -0.048    0.236  -0.045  -0.077  -0.391  -0.231  -0.265   0.076  -0.181  -0.060
1954  -0.713  -0.493  -0.699   -0.610  -0.597  -0.334  -0.208  -0.286  -0.277   0.097   0.280  -0.289
1955   0.309  -0.752  -1.119   -0.642  -0.457  -0.363  -0.385   0.101  -0.249   0.077  -0.612  -0.905
1956  -0.524  -0.691  -0.651   -0.793  -0.806  -0.541  -0.391  -0.869  -0.557  -0.756  -0.460  -0.324
1957  -0.454  -0.698  -0.763   -0.417  -0.402  -0.096  -0.455  -0.086  -0.084  -0.081  -0.139  -0.207
1958   0.467  -0.131  -0.372   -0.448  -0.183  -0.479  -0.143  -0.482  -0.536  -0.232  -0.251  -0.260
1959  -0.195  -0.271   0.118    0.011  -0.239  -0.104  -0.108  -0.230  -0.340  -0.290  -0.300  -0.250
1960  -0.300  -0.036  -1.323   -0.723  -0.699  -0.328  -0.379  -0.287  -0.200  -0.119  -0.610   0.265
1961  -0.143  -0.177  -0.339   -0.154  -0.120  -0.112  -0.177  -0.212  -0.105  -0.267  -0.097  -0.773
1962  -0.203   0.028  -0.070   -0.243  -0.616  -0.408  -0.460  -0.434  -0.400  -0.213   0.148  -0.258
1963  -0.319   0.169  -0.834   -0.616  -0.656  -0.414  -0.217   0.047   0.069   0.147  -0.015  -0.346
1964  -0.559  -0.715  -1.015   -1.018  -0.814  -0.371  -0.307  -0.423  -0.751  -0.711  -0.508  -0.600
1965  -0.312  -0.724  -0.648   -0.720  -0.491  -0.535  -0.443  -0.361  -0.533  -0.121  -0.151  -0.437
1966  -0.879  -0.554  -0.515   -0.780  -0.426  -0.225   0.003  -0.345  -0.233  -0.606  -0.313  -0.482
1967  -0.594  -0.901  -0.294   -0.325   0.133  -0.456  -0.305  -0.310  -0.188   0.230  -0.194  -0.071
1968  -0.731  -0.604   0.330   -0.374  -0.478  -0.482  -0.613  -0.442  -0.661  -0.247  -0.761  -1.055
1969  -1.118  -1.147  -0.765   -0.342  -0.191  -0.279  -0.382  -0.373  -0.227  -0.013  -0.010   0.231
1970  -0.194  -0.044  -0.379   -0.347  -0.411  -0.257  -0.090  -0.485  -0.032  -0.299  -0.236  -0.614
1971  -0.482  -0.682  -0.568   -0.454  -0.291  -0.448  -0.319  -0.206   0.102  -0.275  -0.273  -0.299
1972  -0.951  -1.000  -0.263   -0.379  -0.396  -0.112  -0.279   0.149  -0.208  -0.149  -0.541  -0.260
1973   0.015   0.080  -0.024    0.238   0.151   0.251  -0.056  -0.167  -0.097  -0.005  -0.108  -0.206
1974  -0.549  -1.093  -0.450   -0.394  -0.266  -0.250  -0.209  -0.025  -0.465  -0.286  -0.517  -0.657
1975  -0.289  -0.171   0.000   -0.093   0.104  -0.052  -0.219  -0.516  -0.117  -0.430  -0.477  -0.365
1976  -0.167  -0.543  -0.837   -0.333  -0.709  -0.522  -0.299  -0.463  -0.222  -1.077  -0.678  -0.391
1977  -0.273  -0.414  -0.231    0.029   0.227   0.163   0.080   0.116  -0.302  -0.361   0.158  -0.310
1978  -0.354  -0.247  -0.109   -0.142  -0.225  -0.481  -0.228  -0.689  -0.164  -0.202   0.072  -0.374
1979  -0.364  -1.017  -0.431   -0.647  -0.368  -0.287  -0.417  -0.189   0.025   0.104   0.031   0.500
1980  -0.030   0.267  -0.163    0.065   0.215  -0.077   0.121   0.173   0.074   0.094   0.168  -0.120
1981   0.798   0.473   0.450    0.174   0.010   0.046   0.126   0.414  -0.021   0.126   0.236   0.447
1982  -0.657  -0.205  -0.728   -0.306  -0.287  -0.450  -0.004  -0.276  -0.195  -0.287  -0.316   0.310
1983   0.313   0.191   0.129   -0.212   0.143  -0.124  -0.175   0.231   0.491   0.029   0.441  -0.117
1984   0.055  -0.393  -0.027   -0.427   0.399  -0.321  -0.087  -0.055  -0.096  -0.010  -0.295  -0.654
1985   0.127  -0.770  -0.155   -0.234  -0.103  -0.035  -0.517  -0.039  -0.152  -0.175  -0.185  -0.166
1986   0.153   0.380   0.135    0.020   0.107  -0.239  -0.215  -0.105  -0.383  -0.255  -0.263  -0.249
1987   0.112   0.138  -0.565   -0.243  -0.082   0.091   0.397  -0.192   0.057  -0.004  -0.351   0.221
1988   0.341   0.038   0.229    0.220   0.397   0.376   0.229   0.387   0.384   0.418  -0.092   0.232
1989  -0.488   0.135   0.071    0.031  -0.246  -0.198  -0.004   0.087   0.282   0.263  -0.237   0.350
1990   0.194   0.005   1.078    0.720   0.472   0.159   0.193   0.088   0.062   0.352   0.310   0.244
1991   0.196   0.435  -0.038    0.394   0.223   0.591   0.456   0.339   0.442   0.343   0.208   0.003
1992   0.420   0.285   0.372   -0.161   0.015  -0.099  -0.344  -0.328  -0.528  -0.286  -0.316  -0.079
1993   0.145   0.248   0.153    0.025  -0.068  -0.030   0.020  -0.180  -0.159   0.152  -0.391  -0.139
1994  -0.085  -0.710  -0.065    0.267   0.072   0.396   0.114  -0.086   0.299   0.524   0.382   0.065
1995   0.567   1.143   0.354    0.500   0.061   0.445   0.502   0.635   0.440   0.561   0.585   0.034
1996  -0.058   0.441   0.019   -0.013   0.053  -0.106   0.286   0.434  -0.010  -0.083   0.478   0.141
1997  -0.165  -0.008   0.365    0.126   0.025   0.415  -0.003   0.104   0.495   0.655   0.595   0.206
1998   0.259   0.820   0.343    0.668   0.610   0.758   0.779   0.863   0.503   0.394   0.329   0.677
1999   0.367   0.923  -0.171    0.012   0.033   0.307   0.315   0.357   0.517   0.416   0.477   0.550
2000   0.034   0.581   0.509    0.796   0.192   0.320   0.339   0.383   0.384   0.059   0.075  -0.149
2001   0.315   0.153   0.335    0.351   0.507   0.338   0.660   0.433   0.532   0.391   1.037   0.644
2002   0.821   0.708   1.055    0.322   0.690   0.436   0.738   0.580   0.705   0.643   0.713   0.228
2003   0.892   0.522   0.319    0.449   0.561   0.213   0.455   0.606   0.770   1.031   0.527   0.963
2004   0.557   0.629   0.590    0.479   0.012   0.154  -0.116   0.232   0.444   0.733   0.987   0.341
2005   1.044   0.577   0.841    0.759   0.663   0.688   0.622   0.492   0.934   1.198   1.354   1.089
2006   0.624   1.052   0.711    0.401   0.407   0.647   0.438   0.873   0.764   0.961   0.880   1.060
2007   1.451   0.750   0.775    1.225   0.817   0.596   0.705   0.723   0.851   1.016   1.048   0.687
2008  -0.067   0.016   1.090    0.536   0.508   0.333   0.628   0.402   0.704   1.060   1.208   0.681
2009   0.915   0.465   0.334    0.483   0.558   0.510   0.759   0.688   1.042   0.869   1.050   0.591
2010   0.744   0.884   1.067    1.117   0.913   0.699   0.700   0.690   0.813   1.155   1.477   0.485
2011   0.567   0.354   0.736    0.876   0.508   0.635   0.951   0.993   0.853   1.160   0.774   0.799
2012   0.509   0.394   0.416    1.017   1.023   0.871   0.625   0.681   0.946   1.186   1.129   0.263
2013   0.842   0.476   0.570    0.457   0.665   0.850   0.484   0.683   1.009   0.879   1.212   0.858
2014   0.934   0.345   0.980    0.897   0.963   0.548   0.409   0.875   0.978   0.990   0.682   0.945
2015   1.019   1.150   1.198    0.803   0.764   0.858   0.649   0.772   1.005   1.454   1.397   1.446
2016   1.596   2.094   1.995    1.558   1.083   0.698   0.859   1.283   1.252   1.111   1.476   1.173
2017   1.444   1.514   1.504    1.080   1.038   0.626   0.846   0.927   1.062   1.338   1.323   1.501
2018   1.075   1.186   1.021    1.098   0.925   0.852   0.994   0.913   0.914   1.524   0.990   1.111
2019   1.106   0.942   1.652    1.386   1.004   0.910   0.956   1.028   1.211   1.535   1.374   1.605
2020   1.616   1.758   1.435    1.504   1.213   1.045   1.010   1.001   1.469   1.374   1.944   1.108
2021   1.123   0.476   1.129    0.906   0.951   0.943   1.086   1.070   1.283   1.574   1.398   1.186
2022   1.155   1.058   1.551    1.088   0.925   1.126   1.129   1.116   1.053   1.473   0.796   0.825
2023   1.038   1.319   1.721    0.941   0.934   1.124   1.337   1.526   2.100   2.017   2.218   1.901
2024   1.562   1.808   1.645    1.524   1.319   1.444   1.472   1.686   1.667   2.063   2.104   1.848
2025   1.930   1.652   1.923    1.635   1.292   0.943   0.938   1.332   1.621   1.878   1.929 -99.000
 -99
 originally from https://www.ncei.noaa.gov/data/noaa-global-surface-temperature/v6/access/timeseries/
https://psl.noaa.gov/data/timeseries/month/
 Available at NOAA/PSL
      NOAA GLOBAL Land Temperature Index in degrees Celsius 
