1850 2025
1850  -0.771  -0.548  -0.562   -0.676  -0.606  -0.396  -0.336  -0.289  -0.383  -0.597  -0.454  -0.355
1851  -0.489  -0.408  -0.591   -0.667  -0.584  -0.454  -0.235  -0.196  -0.239  -0.131  -0.347  -0.378
1852  -0.340  -0.576  -0.754   -0.648  -0.416  -0.203  -0.230  -0.168  -0.217  -0.196  -0.229  -0.301
1853  -0.441  -0.589  -0.566   -0.599  -0.407  -0.309  -0.187  -0.271  -0.350  -0.378  -0.424  -0.417
1854  -0.597  -0.527  -0.369   -0.452  -0.409  -0.382  -0.308  -0.352  -0.335  -0.206  -0.246  -0.279
1855  -0.397  -0.417  -0.401   -0.402  -0.402  -0.381  -0.428  -0.391  -0.372  -0.255  -0.347  -0.431
1856  -0.139  -0.364  -0.471   -0.529  -0.530  -0.340  -0.444  -0.558  -0.511  -0.665  -0.471  -0.434
1857  -0.464  -0.683  -0.526   -0.609  -0.663  -0.504  -0.465  -0.463  -0.470  -0.460  -0.417  -0.294
1858  -0.449  -0.570  -0.461   -0.505  -0.692  -0.492  -0.448  -0.441  -0.502  -0.392  -0.419  -0.523
1859  -0.470  -0.403  -0.361   -0.362  -0.284  -0.353  -0.444  -0.317  -0.431  -0.394  -0.329  -0.191
1860  -0.450  -0.530  -0.562   -0.530  -0.577  -0.460  -0.521  -0.463  -0.531  -0.536  -0.544  -0.777
1861  -0.940  -0.859  -0.632   -0.644  -0.699  -0.562  -0.461  -0.435  -0.420  -0.540  -0.362  -0.557
1862  -0.754  -0.821  -0.716   -0.743  -0.721  -0.535  -0.582  -0.577  -0.562  -0.618  -0.478  -0.771
1863  -0.448  -0.591  -0.482   -0.478  -0.551  -0.495  -0.536  -0.503  -0.590  -0.537  -0.441  -0.516
1864  -0.651  -0.591  -0.553   -0.524  -0.417  -0.347  -0.400  -0.509  -0.550  -0.545  -0.425  -0.588
1865  -0.173  -0.563  -0.572   -0.588  -0.551  -0.358  -0.299  -0.266  -0.297  -0.322  -0.324  -0.372
1866  -0.299  -0.322  -0.493   -0.504  -0.490  -0.436  -0.308  -0.476  -0.417  -0.443  -0.392  -0.325
1867  -0.488  -0.648  -0.612   -0.734  -0.676  -0.453  -0.489  -0.338  -0.307  -0.370  -0.339  -0.517
1868  -0.696  -0.589  -0.435   -0.533  -0.432  -0.348  -0.386  -0.311  -0.379  -0.313  -0.554  -0.375
1869  -0.288  -0.229  -0.394   -0.498  -0.361  -0.366  -0.390  -0.451  -0.445  -0.455  -0.216  -0.373
1870  -0.475  -0.624  -0.490   -0.533  -0.452  -0.358  -0.325  -0.315  -0.403  -0.531  -0.504  -0.667
1871  -0.671  -0.663  -0.371   -0.334  -0.442  -0.311  -0.323  -0.378  -0.503  -0.536  -0.553  -0.509
1872  -0.591  -0.613  -0.511   -0.633  -0.496  -0.432  -0.403  -0.309  -0.400  -0.469  -0.538  -0.621
1873  -0.525  -0.561  -0.747   -0.752  -0.554  -0.412  -0.377  -0.339  -0.395  -0.381  -0.472  -0.521
1874  -0.529  -0.548  -0.728   -0.617  -0.664  -0.479  -0.535  -0.499  -0.426  -0.438  -0.558  -0.406
1875  -0.445  -0.553  -0.561   -0.512  -0.521  -0.414  -0.395  -0.455  -0.500  -0.475  -0.674  -0.779
1876  -0.543  -0.753  -0.535   -0.622  -0.795  -0.436  -0.470  -0.469  -0.471  -0.362  -0.551  -0.564
1877  -0.412  -0.405  -0.248   -0.354  -0.286  -0.209  -0.012  -0.147  -0.104   0.002   0.068  -0.165
1878  -0.175  -0.130   0.074   -0.171  -0.265  -0.074  -0.081  -0.202  -0.181  -0.318  -0.344  -0.340
1879  -0.367  -0.477  -0.384   -0.468  -0.406  -0.384  -0.308  -0.454  -0.452  -0.454  -0.543  -0.638
1880  -0.622  -0.730  -0.501   -0.418  -0.430  -0.431  -0.506  -0.330  -0.424  -0.492  -0.462  -0.433
1881  -0.424  -0.474  -0.395   -0.288  -0.240  -0.465  -0.300  -0.378  -0.474  -0.522  -0.531  -0.317
1882  -0.221  -0.426  -0.403   -0.522  -0.410  -0.548  -0.513  -0.404  -0.443  -0.554  -0.518  -0.582
1883  -0.497  -0.667  -0.452   -0.525  -0.459  -0.262  -0.382  -0.528  -0.554  -0.526  -0.518  -0.545
1884  -0.531  -0.480  -0.758   -0.716  -0.620  -0.571  -0.627  -0.593  -0.623  -0.633  -0.640  -0.405
1885  -0.717  -0.614  -0.711   -0.744  -0.593  -0.678  -0.560  -0.481  -0.561  -0.510  -0.531  -0.379
1886  -0.614  -0.700  -0.800   -0.574  -0.562  -0.586  -0.484  -0.514  -0.544  -0.564  -0.571  -0.515
1887  -0.951  -0.786  -0.701   -0.650  -0.642  -0.558  -0.564  -0.552  -0.467  -0.632  -0.533  -0.663
1888  -0.460  -0.618  -0.636   -0.583  -0.474  -0.390  -0.307  -0.376  -0.437  -0.140  -0.183  -0.271
1889  -0.251  -0.107  -0.257   -0.256  -0.222  -0.332  -0.371  -0.386  -0.416  -0.442  -0.569  -0.567
1890  -0.650  -0.693  -0.705   -0.708  -0.606  -0.570  -0.555  -0.614  -0.684  -0.510  -0.700  -0.647
1891  -0.600  -0.858  -0.555   -0.545  -0.445  -0.409  -0.416  -0.463  -0.478  -0.457  -0.629  -0.459
1892  -0.504  -0.435  -0.583   -0.585  -0.625  -0.526  -0.622  -0.567  -0.485  -0.547  -0.643  -0.628
1893  -0.859  -0.809  -0.726   -0.651  -0.633  -0.486  -0.507  -0.528  -0.571  -0.531  -0.583  -0.720
1894  -0.848  -0.788  -0.674   -0.736  -0.558  -0.726  -0.513  -0.461  -0.595  -0.574  -0.535  -0.546
1895  -0.644  -0.682  -0.604   -0.528  -0.593  -0.493  -0.396  -0.404  -0.470  -0.441  -0.430  -0.512
1896  -0.484  -0.492  -0.518   -0.614  -0.528  -0.373  -0.363  -0.311  -0.370  -0.196  -0.326  -0.357
1897  -0.408  -0.533  -0.488   -0.273  -0.366  -0.398  -0.324  -0.323  -0.388  -0.446  -0.409  -0.386
1898  -0.537  -0.640  -0.805   -0.640  -0.528  -0.448  -0.421  -0.438  -0.446  -0.580  -0.665  -0.577
1899  -0.620  -0.680  -0.587   -0.540  -0.555  -0.539  -0.407  -0.327  -0.255  -0.414  -0.279  -0.341
1900  -0.585  -0.310  -0.317   -0.453  -0.379  -0.338  -0.390  -0.373  -0.391  -0.211  -0.290  -0.327
1901  -0.516  -0.447  -0.239   -0.271  -0.439  -0.403  -0.418  -0.406  -0.453  -0.528  -0.440  -0.420
1902  -0.493  -0.402  -0.618   -0.590  -0.541  -0.482  -0.475  -0.502  -0.528  -0.508  -0.535  -0.662
1903  -0.531  -0.556  -0.559   -0.737  -0.634  -0.601  -0.670  -0.708  -0.749  -0.754  -0.642  -0.856
1904  -0.919  -0.865  -0.744   -0.840  -0.803  -0.739  -0.739  -0.735  -0.758  -0.628  -0.470  -0.591
1905  -0.625  -0.832  -0.554   -0.627  -0.523  -0.467  -0.465  -0.546  -0.572  -0.568  -0.429  -0.533
1906  -0.631  -0.550  -0.528   -0.336  -0.481  -0.412  -0.437  -0.493  -0.522  -0.392  -0.500  -0.388
1907  -0.624  -0.820  -0.602   -0.710  -0.763  -0.662  -0.600  -0.561  -0.621  -0.477  -0.653  -0.727
1908  -0.796  -0.599  -0.835   -0.815  -0.740  -0.653  -0.643  -0.725  -0.713  -0.729  -0.700  -0.753
1909  -0.992  -0.761  -0.808   -0.857  -0.759  -0.771  -0.724  -0.625  -0.626  -0.572  -0.552  -0.736
1910  -0.675  -0.743  -0.813   -0.697  -0.619  -0.636  -0.598  -0.603  -0.620  -0.668  -0.613  -0.871
1911  -0.881  -0.923  -0.960   -0.701  -0.803  -0.771  -0.718  -0.691  -0.643  -0.496  -0.430  -0.490
1912  -0.615  -0.538  -0.721   -0.543  -0.504  -0.501  -0.668  -0.744  -0.778  -0.829  -0.550  -0.666
1913  -0.686  -0.716  -0.797   -0.713  -0.730  -0.678  -0.649  -0.538  -0.579  -0.580  -0.500  -0.346
1914  -0.386  -0.462  -0.588   -0.553  -0.495  -0.493  -0.512  -0.506  -0.471  -0.320  -0.259  -0.331
1915  -0.471  -0.368  -0.359   -0.223  -0.311  -0.432  -0.354  -0.408  -0.427  -0.450  -0.358  -0.564
1916  -0.450  -0.489  -0.554   -0.526  -0.538  -0.612  -0.619  -0.503  -0.584  -0.573  -0.798  -1.060
1917  -0.847  -0.974  -1.011   -0.843  -0.820  -0.690  -0.485  -0.499  -0.499  -0.699  -0.620  -0.872
1918  -0.822  -0.778  -0.692   -0.764  -0.722  -0.681  -0.581  -0.567  -0.452  -0.369  -0.400  -0.544
1919  -0.379  -0.583  -0.594   -0.357  -0.486  -0.637  -0.569  -0.658  -0.516  -0.511  -0.546  -0.649
1920  -0.492  -0.546  -0.494   -0.598  -0.506  -0.589  -0.597  -0.531  -0.483  -0.464  -0.488  -0.686
1921  -0.428  -0.602  -0.625   -0.620  -0.509  -0.526  -0.426  -0.445  -0.438  -0.286  -0.343  -0.460
1922  -0.515  -0.753  -0.488   -0.477  -0.617  -0.603  -0.602  -0.616  -0.577  -0.550  -0.305  -0.442
1923  -0.608  -0.667  -0.732   -0.651  -0.548  -0.513  -0.619  -0.660  -0.609  -0.435  -0.288  -0.349
1924  -0.486  -0.518  -0.406   -0.523  -0.461  -0.502  -0.610  -0.652  -0.576  -0.567  -0.487  -0.656
1925  -0.742  -0.703  -0.596   -0.498  -0.522  -0.580  -0.530  -0.518  -0.518  -0.368  -0.300  -0.285
1926  -0.156  -0.299  -0.250   -0.310  -0.511  -0.466  -0.530  -0.473  -0.424  -0.251  -0.339  -0.563
1927  -0.584  -0.496  -0.690   -0.616  -0.539  -0.478  -0.476  -0.362  -0.360  -0.263  -0.289  -0.595
1928  -0.403  -0.459  -0.569   -0.541  -0.502  -0.504  -0.505  -0.512  -0.379  -0.443  -0.363  -0.430
1929  -0.672  -0.780  -0.658   -0.717  -0.657  -0.712  -0.678  -0.526  -0.498  -0.414  -0.435  -0.777
1930  -0.637  -0.571  -0.514   -0.459  -0.484  -0.448  -0.386  -0.425  -0.429  -0.330  -0.074  -0.305
1931  -0.339  -0.520  -0.410   -0.467  -0.449  -0.345  -0.319  -0.294  -0.274  -0.236  -0.300  -0.348
1932  -0.194  -0.538  -0.467   -0.351  -0.440  -0.437  -0.518  -0.558  -0.356  -0.323  -0.511  -0.512
1933  -0.473  -0.627  -0.563   -0.523  -0.533  -0.569  -0.543  -0.535  -0.604  -0.440  -0.538  -0.648
1934  -0.583  -0.424  -0.614   -0.589  -0.364  -0.424  -0.398  -0.381  -0.346  -0.279  -0.205  -0.343
1935  -0.605  -0.219  -0.515   -0.682  -0.555  -0.588  -0.417  -0.414  -0.389  -0.318  -0.427  -0.407
1936  -0.611  -0.618  -0.548   -0.469  -0.453  -0.472  -0.348  -0.314  -0.357  -0.247  -0.285  -0.310
1937  -0.383  -0.339  -0.546   -0.488  -0.351  -0.345  -0.326  -0.221  -0.147  -0.156  -0.143  -0.359
1938  -0.291  -0.292  -0.273   -0.261  -0.373  -0.501  -0.326  -0.320  -0.242  -0.161  -0.197  -0.406
1939  -0.378  -0.396  -0.564   -0.439  -0.319  -0.318  -0.267  -0.219  -0.306  -0.283  -0.164   0.152
1940  -0.199  -0.221  -0.225   -0.093  -0.159  -0.244  -0.210  -0.245  -0.174  -0.092  -0.074   0.036
1941  -0.137  -0.024  -0.216   -0.075  -0.105  -0.144  -0.093  -0.066  -0.177   0.064   0.007  -0.026
1942  -0.016  -0.328  -0.273   -0.188  -0.207  -0.189  -0.289  -0.250  -0.231  -0.235  -0.155  -0.252
1943  -0.330  -0.259  -0.394   -0.212  -0.296  -0.419  -0.219  -0.268  -0.243  -0.022  -0.056  -0.100
1944  -0.002  -0.055  -0.047   -0.128  -0.073  -0.108  -0.145  -0.124   0.043   0.014  -0.054  -0.136
1945  -0.122  -0.265  -0.274   -0.035  -0.169  -0.195  -0.198   0.058  -0.064  -0.128  -0.146  -0.321
1946  -0.123  -0.309  -0.391   -0.303  -0.313  -0.443  -0.404  -0.436  -0.326  -0.323  -0.253  -0.505
1947  -0.314  -0.338  -0.303   -0.237  -0.314  -0.240  -0.302  -0.374  -0.396  -0.234  -0.274  -0.428
1948  -0.314  -0.428  -0.564   -0.372  -0.205  -0.377  -0.337  -0.339  -0.394  -0.293  -0.337  -0.527
1949  -0.236  -0.443  -0.321   -0.370  -0.315  -0.466  -0.378  -0.379  -0.432  -0.316  -0.365  -0.424
1950  -0.513  -0.551  -0.414   -0.494  -0.307  -0.321  -0.358  -0.389  -0.363  -0.446  -0.554  -0.533
1951  -0.637  -0.725  -0.479   -0.479  -0.283  -0.285  -0.264  -0.198  -0.144  -0.132  -0.262  -0.138
1952  -0.167  -0.223  -0.376   -0.238  -0.311  -0.313  -0.246  -0.229  -0.212  -0.218  -0.330  -0.293
1953  -0.227  -0.170  -0.184   -0.073  -0.142  -0.137  -0.296  -0.262  -0.282  -0.160  -0.276  -0.262
1954  -0.476  -0.398  -0.472   -0.479  -0.486  -0.403  -0.378  -0.407  -0.373  -0.275  -0.221  -0.441
1955  -0.191  -0.527  -0.638   -0.523  -0.457  -0.431  -0.390  -0.254  -0.357  -0.321  -0.492  -0.591
1956  -0.413  -0.511  -0.481   -0.565  -0.567  -0.469  -0.397  -0.545  -0.476  -0.497  -0.394  -0.333
1957  -0.353  -0.416  -0.423   -0.280  -0.205  -0.137  -0.236  -0.134  -0.170  -0.202  -0.203  -0.210
1958   0.036  -0.146  -0.224   -0.254  -0.222  -0.274  -0.184  -0.280  -0.303  -0.227  -0.256  -0.231
1959  -0.205  -0.236  -0.124   -0.178  -0.225  -0.216  -0.208  -0.244  -0.268  -0.261  -0.301  -0.293
1960  -0.279  -0.193  -0.591   -0.429  -0.379  -0.326  -0.295  -0.248  -0.209  -0.205  -0.376  -0.086
1961  -0.205  -0.170  -0.229   -0.178  -0.173  -0.188  -0.234  -0.238  -0.215  -0.271  -0.227  -0.434
1962  -0.251  -0.178  -0.192   -0.272  -0.354  -0.283  -0.269  -0.294  -0.258  -0.229  -0.151  -0.292
1963  -0.314  -0.138  -0.452   -0.354  -0.348  -0.286  -0.224  -0.093  -0.113  -0.124  -0.146  -0.273
1964  -0.364  -0.438  -0.555   -0.586  -0.515  -0.347  -0.330  -0.415  -0.523  -0.533  -0.502  -0.553
1965  -0.389  -0.499  -0.477   -0.492  -0.418  -0.398  -0.373  -0.315  -0.354  -0.251  -0.262  -0.350
1966  -0.466  -0.372  -0.351   -0.437  -0.359  -0.275  -0.173  -0.313  -0.281  -0.396  -0.285  -0.338
1967  -0.408  -0.520  -0.307   -0.330  -0.127  -0.312  -0.284  -0.265  -0.279  -0.135  -0.312  -0.302
1968  -0.535  -0.479  -0.187   -0.370  -0.376  -0.332  -0.391  -0.309  -0.375  -0.202  -0.355  -0.429
1969  -0.393  -0.411  -0.271   -0.135  -0.092  -0.212  -0.274  -0.232  -0.179  -0.122  -0.123  -0.031
1970  -0.146  -0.130  -0.243   -0.224  -0.285  -0.294  -0.257  -0.341  -0.184  -0.249  -0.245  -0.410
1971  -0.363  -0.489  -0.455   -0.384  -0.322  -0.405  -0.331  -0.296  -0.243  -0.343  -0.363  -0.378
1972  -0.494  -0.467  -0.267   -0.261  -0.306  -0.189  -0.228  -0.090  -0.191  -0.141  -0.229  -0.080
1973  -0.004   0.001  -0.059    0.003  -0.031  -0.043  -0.147  -0.194  -0.158  -0.155  -0.217  -0.319
1974  -0.396  -0.595  -0.408   -0.393  -0.307  -0.317  -0.287  -0.184  -0.338  -0.283  -0.364  -0.412
1975  -0.265  -0.241  -0.192   -0.234  -0.164  -0.237  -0.281  -0.388  -0.263  -0.408  -0.447  -0.435
1976  -0.339  -0.416  -0.505   -0.339  -0.492  -0.386  -0.302  -0.334  -0.269  -0.467  -0.307  -0.158
1977  -0.083  -0.138  -0.123   -0.062  -0.005  -0.036  -0.080  -0.070  -0.169  -0.187  -0.067  -0.222
1978  -0.204  -0.182  -0.134   -0.175  -0.203  -0.274  -0.214  -0.366  -0.188  -0.203  -0.079  -0.196
1979  -0.165  -0.380  -0.178   -0.230  -0.177  -0.121  -0.184  -0.087  -0.011   0.024   0.014   0.192
1980   0.040   0.115  -0.003    0.028   0.075  -0.045   0.009  -0.019  -0.033  -0.068  -0.000  -0.082
1981   0.189   0.079   0.109    0.013  -0.032   0.012   0.013   0.051  -0.066  -0.011   0.024   0.137
1982  -0.226  -0.135  -0.297   -0.168  -0.136  -0.213  -0.118  -0.187  -0.088  -0.092  -0.096   0.127
1983   0.174   0.119   0.071   -0.044   0.065  -0.016  -0.075   0.069   0.135  -0.034   0.093  -0.081
1984  -0.014  -0.144  -0.044   -0.201   0.045  -0.209  -0.127  -0.089  -0.049  -0.092  -0.182  -0.298
1985  -0.047  -0.304  -0.134   -0.178  -0.116  -0.122  -0.262  -0.126  -0.119  -0.131  -0.149  -0.131
1986  -0.040   0.048  -0.041   -0.070  -0.043  -0.140  -0.135  -0.101  -0.163  -0.085  -0.123  -0.104
1987   0.028   0.044  -0.156   -0.060   0.003   0.048   0.176   0.014   0.111   0.075   0.000   0.130
1988   0.226   0.121   0.168    0.127   0.150   0.115   0.053   0.110   0.099   0.103  -0.116  -0.028
1989  -0.209  -0.021  -0.031   -0.019  -0.109  -0.095  -0.002   0.037   0.100   0.058  -0.089   0.092
1990   0.069   0.061   0.398    0.283   0.205   0.075   0.112   0.059   0.032   0.159   0.146   0.107
1991   0.090   0.157   0.016    0.194   0.107   0.227   0.180   0.120   0.130   0.068   0.043  -0.020
1992   0.114   0.091   0.125   -0.029   0.031  -0.014  -0.164  -0.189  -0.250  -0.199  -0.212  -0.117
1993   0.016   0.054   0.021   -0.009  -0.011  -0.008  -0.037  -0.115  -0.096  -0.003  -0.183  -0.114
1994  -0.087  -0.280  -0.048    0.071   0.016   0.112   0.018  -0.050   0.063   0.183   0.168   0.068
1995   0.219   0.414   0.154    0.178   0.016   0.149   0.193   0.236   0.126   0.177   0.197  -0.014
1996  -0.042   0.146   0.025    0.013   0.018  -0.021   0.070   0.154  -0.003  -0.052   0.134   0.040
1997  -0.059   0.027   0.164    0.065   0.079   0.246   0.124   0.172   0.321   0.381   0.363   0.261
1998   0.275   0.468   0.286    0.398   0.383   0.422   0.403   0.418   0.214   0.184   0.183   0.259
1999   0.147   0.306   0.013    0.038   0.007   0.095   0.076   0.085   0.136   0.082   0.102   0.147
2000  -0.006   0.196   0.175    0.267   0.054   0.073   0.101   0.141   0.158   0.047   0.038  -0.024
2001   0.137   0.092   0.193    0.205   0.255   0.215   0.319   0.245   0.263   0.240   0.425   0.301
2002   0.360   0.342   0.477    0.236   0.344   0.268   0.338   0.268   0.322   0.308   0.311   0.187
2003   0.388   0.280   0.237    0.249   0.288   0.180   0.274   0.348   0.400   0.487   0.297   0.413
2004   0.301   0.359   0.321    0.291   0.085   0.126   0.064   0.196   0.262   0.365   0.437   0.218
2005   0.444   0.286   0.387    0.359   0.349   0.352   0.341   0.305   0.418   0.477   0.504   0.405
2006   0.279   0.416   0.300    0.223   0.238   0.326   0.260   0.415   0.380   0.427   0.423   0.463
2007   0.596   0.362   0.330    0.455   0.329   0.278   0.289   0.275   0.313   0.345   0.307   0.167
2008  -0.043  -0.012   0.355    0.194   0.195   0.170   0.289   0.234   0.326   0.419   0.436   0.273
2009   0.351   0.200   0.180    0.250   0.313   0.363   0.438   0.414   0.474   0.433   0.500   0.396
2010   0.440   0.491   0.544    0.551   0.467   0.390   0.374   0.358   0.369   0.429   0.513   0.191
2011   0.227   0.174   0.297    0.344   0.245   0.306   0.396   0.400   0.329   0.405   0.290   0.266
2012   0.192   0.175   0.185    0.397   0.440   0.386   0.334   0.372   0.458   0.525   0.488   0.211
2013   0.363   0.258   0.296    0.273   0.347   0.391   0.317   0.394   0.476   0.422   0.526   0.387
2014   0.426   0.241   0.446    0.469   0.516   0.408   0.350   0.530   0.561   0.531   0.404   0.485
2015   0.517   0.540   0.589    0.493   0.515   0.554   0.487   0.548   0.648   0.808   0.786   0.805
2016   0.883   1.000   0.982    0.815   0.649   0.534   0.576   0.708   0.669   0.611   0.667   0.580
2017   0.722   0.761   0.762    0.627   0.599   0.460   0.557   0.583   0.581   0.658   0.628   0.644
2018   0.522   0.550   0.525    0.581   0.528   0.487   0.542   0.524   0.542   0.761   0.588   0.625
2019   0.607   0.573   0.797    0.722   0.595   0.604   0.623   0.645   0.662   0.763   0.723   0.803
2020   0.842   0.871   0.791    0.811   0.686   0.624   0.613   0.612   0.715   0.653   0.809   0.507
2021   0.511   0.310   0.536    0.477   0.506   0.532   0.608   0.587   0.651   0.733   0.677   0.577
2022   0.602   0.559   0.716    0.559   0.517   0.614   0.604   0.628   0.595   0.701   0.491   0.502
2023   0.572   0.680   0.872    0.668   0.660   0.765   0.886   0.971   1.149   1.111   1.166   1.072
2024   0.984   1.066   0.989    0.958   0.869   0.899   0.911   0.969   0.959   1.076   1.070   0.965
2025   1.022   0.918   1.011    0.897   0.788   0.673   0.702   0.823   0.896   0.935   0.916 -99.000
 -99
 originally from https://www.ncei.noaa.gov/data/noaa-global-surface-temperature/v6/access/timeseries/
https://psl.noaa.gov/data/timeseries/month/
 Available at NOAA/PSL
      NOAA GLOBAL Land-Ocean Temperature Index in degrees Celsius 
