 1836 2015
1836 1008.73 1006.86 1012.22 1016.91 1018.11 1017.63 1018.46 1018.25 1016.64 1014.69 1012.06 1010.43
1837 1007.31 1009.21 1015.19 1015.94 1017.94 1017.90 1018.72 1017.49 1017.09 1014.81 1013.36 1008.49
1838 1010.20 1007.79 1011.77 1016.31 1018.04 1017.71 1018.77 1017.37 1017.43 1015.41 1012.05 1011.24
1839 1010.11 1009.88 1014.42 1015.59 1018.38 1018.30 1019.65 1017.55 1015.88 1016.31 1013.24 1010.51
1840 1009.49 1010.62 1011.94 1015.49 1017.20 1018.19 1018.44 1018.37 1017.34 1017.47 1014.12 1010.48
1841 1009.37 1006.35 1016.92 1018.33 1018.11 1017.72 1018.69 1018.04 1016.13 1015.62 1014.36 1009.61
1842 1008.87 1012.77 1015.59 1016.29 1018.55 1018.91 1019.06 1018.29 1016.65 1015.13 1013.23 1010.50
1843 1008.90 1010.98 1016.04 1017.03 1018.60 1017.89 1020.18 1018.64 1016.96 1015.29 1013.59 1012.13
1844 1008.49 1009.90 1015.84 1019.28 1021.22 1019.99 1018.61 1017.65 1016.94 1014.77 1013.69 1013.06
1845 1011.40 1014.88 1015.80 1017.94 1017.02 1019.81 1018.95 1018.16 1017.47 1017.14 1014.62 1014.04
1846 1009.87 1010.67 1011.63 1015.98 1017.76 1017.90 1019.19 1018.17 1016.86 1015.46 1015.03 1012.40
1847 1010.78 1009.55 1012.36 1015.82 1018.61 1018.21 1020.48 1018.70 1015.96 1015.40 1014.66 1013.76
1848 1012.50 1013.23 1014.97 1016.22 1017.87 1018.39 1019.39 1017.80 1015.08 1014.85 1015.47 1011.05
1849 1010.43 1011.76 1012.59 1016.55 1018.68 1018.40 1019.72 1018.23 1015.84 1016.03 1014.68 1012.84
1850 1011.06 1009.88 1012.39 1018.86 1019.13 1018.35 1020.22 1018.74 1016.82 1015.88 1013.98 1011.82
1851 1008.04 1012.85 1016.42 1020.39 1018.90 1019.20 1021.23 1018.50 1017.93 1016.43 1014.84 1012.53
1852 1009.95 1012.80 1013.77 1013.89 1016.24 1018.49 1019.73 1017.37 1016.53 1015.56 1013.65 1012.03
1853 1008.96 1012.13 1016.21 1016.09 1017.75 1019.19 1019.46 1018.37 1015.61 1017.10 1015.66 1010.62
1854 1013.31 1010.10 1015.94 1014.21 1018.76 1017.75 1020.01 1016.55 1015.73 1014.19 1008.12 1007.58
1855 1008.00 1009.73 1015.81 1017.13 1018.47 1017.67 1018.04 1016.20 1015.94 1014.43 1013.58 1010.73
1856 1007.53 1012.30 1017.06 1014.68 1016.98 1017.19 1020.30 1018.57 1015.75 1015.00 1013.48 1012.47
1857 1008.43 1007.91 1016.60 1018.73 1018.56 1018.27 1018.00 1017.99 1015.56 1014.41 1012.68 1007.12
1858 1007.37 1010.72 1013.25 1015.52 1017.39 1019.21 1019.35 1015.22 1015.48 1014.35 1014.18 1015.41
1859 1012.44 1009.14 1014.06 1017.58 1016.77 1016.74 1020.28 1017.25 1015.18 1016.74 1017.11 1012.77
1860 1011.10 1012.65 1017.70 1016.69 1016.89 1017.57 1017.55 1016.38 1016.70 1015.88 1014.86 1010.67
1861 1005.92 1012.73 1014.98 1015.24 1016.61 1017.42 1018.08 1018.57 1015.88 1015.53 1013.19 1011.00
1862 1010.12 1008.12 1011.47 1015.56 1017.53 1016.87 1017.00 1017.24 1016.78 1016.08 1017.20 1012.94
1863 1006.47 1010.93 1015.42 1015.28 1018.17 1018.91 1019.17 1017.88 1015.77 1015.27 1012.50 1009.14
1864 1005.24 1010.96 1009.90 1013.51 1017.20 1018.27 1018.68 1017.28 1016.53 1014.88 1014.92 1012.68
1865 1007.07 1008.66 1013.81 1017.95 1016.80 1018.26 1019.22 1017.03 1016.27 1016.20 1014.48 1011.33
1866 1008.13 1011.16 1011.87 1015.75 1016.72 1017.73 1020.26 1017.79 1016.84 1017.25 1012.04 1005.54
1867 1006.80 1012.93 1015.83 1014.82 1017.18 1018.04 1016.65 1016.71 1017.69 1016.84 1013.03 1007.19
1868 1007.96 1013.02 1011.95 1016.09 1018.72 1017.02 1018.57 1018.02 1017.37 1016.81 1015.63 1012.32
1869 1005.22 1007.43 1012.41 1015.68 1018.82 1019.86 1017.95 1017.31 1017.07 1014.86 1012.05 1009.32
1870 1011.09 1008.32 1012.65 1016.98 1016.79 1019.57 1019.59 1018.00 1017.32 1016.97 1015.15 1014.49
1871 1014.71 1010.95 1013.63 1017.01 1017.51 1020.25 1020.14 1018.02 1016.69 1015.86 1013.06 1011.45
1872 1012.01 1009.88 1013.84 1018.32 1018.96 1020.11 1019.39 1018.16 1017.43 1016.90 1016.32 1013.36
1873 1011.01 1010.64 1015.11 1018.12 1018.55 1018.63 1021.05 1020.42 1018.37 1017.17 1014.80 1011.01
1874 1007.76 1008.97 1015.46 1019.21 1018.52 1020.37 1020.24 1019.27 1018.82 1016.64 1015.61 1014.02
1875 1012.25 1011.60 1013.67 1015.54 1015.35 1018.30 1019.59 1019.21 1016.68 1016.85 1015.79 1011.97
1876 1014.14 1016.00 1015.12 1016.80 1018.18 1019.63 1018.75 1017.75 1016.91 1014.70 1016.34 1015.74
1877 1015.16 1012.29 1013.53 1017.84 1018.20 1018.80 1017.72 1018.06 1018.41 1017.44 1015.24 1015.41
1878 1010.45 1011.68 1014.04 1017.38 1016.62 1017.70 1020.09 1017.38 1017.48 1016.76 1012.29 1015.91
1879 1013.26 1017.85 1019.17 1017.01 1017.98 1017.78 1017.79 1015.88 1016.61 1016.14 1014.94 1015.13
1880 1009.69 1016.34 1017.54 1017.25 1018.16 1017.86 1017.29 1017.19 1016.11 1015.87 1016.01 1005.77
1881 1005.73 1006.42 1012.77 1015.43 1018.99 1017.83 1019.81 1017.96 1017.37 1015.52 1016.74 1016.30
1882 1009.63 1010.34 1014.89 1017.76 1017.05 1017.42 1018.65 1017.84 1016.10 1015.27 1014.20 1013.11
1883 1008.59 1018.51 1012.53 1016.12 1016.50 1018.33 1019.19 1018.62 1016.29 1016.35 1016.39 1010.74
1884 1009.12 1005.41 1012.08 1015.61 1016.56 1015.57 1018.94 1015.64 1018.18 1015.99 1008.10 1009.77
1885 1005.29 1007.20 1010.69 1017.88 1015.13 1017.18 1018.09 1017.02 1013.34 1012.88 1013.25 1013.29
1886 1006.47 1010.89 1015.52 1017.36 1019.84 1018.29 1019.92 1019.19 1015.93 1018.43 1015.70 1008.88
1887 1014.27 1016.65 1018.39 1017.95 1020.10 1020.75 1021.83 1018.85 1018.29 1018.07 1016.95 1015.65
1888 1011.44 1003.62 1016.44 1018.91 1017.22 1015.32 1019.51 1018.45 1016.89 1016.46 1017.16 1009.27
1889 1006.07 1008.64 1010.50 1016.86 1018.15 1017.26 1019.35 1016.62 1016.70 1015.95 1014.31 1013.53
1890 1011.09 1012.61 1017.02 1020.03 1019.09 1019.03 1020.27 1018.09 1014.59 1013.99 1014.80 1013.71
1891 1004.82 1005.95 1009.97 1014.57 1015.83 1015.14 1018.23 1017.11 1017.29 1015.43 1011.97 1010.59
1892 1006.42 1009.99 1013.69 1018.66 1017.65 1018.31 1020.59 1017.22 1016.36 1014.26 1015.85 1007.45
1893 1011.23 1010.92 1013.39 1016.12 1017.45 1018.90 1019.72 1016.55 1017.85 1018.81 1012.91 1012.95
1894 1013.44 1016.02 1018.15 1018.32 1019.50 1018.92 1019.42 1017.70 1016.16 1014.27 1012.25 1008.73
1895 1005.35 1005.66 1009.89 1017.18 1017.52 1020.27 1019.60 1018.20 1016.94 1014.13 1012.46 1011.43
1896 1008.62 1009.78 1014.18 1017.64 1017.60 1018.11 1019.71 1017.73 1014.64 1012.51 1013.18 1010.17
1897 1009.35 1011.21 1014.90 1016.83 1018.00 1017.35 1018.81 1017.76 1016.75 1015.40 1013.68 1005.76
1898 1011.08 1010.37 1018.31 1017.43 1015.26 1016.09 1019.91 1017.23 1015.08 1015.82 1013.60 1010.88
1899 1009.48 1009.02 1016.41 1016.68 1018.38 1019.37 1019.34 1016.08 1015.79 1013.29 1006.34 1011.71
1900 1009.58 1007.13 1010.18 1017.60 1016.40 1016.41 1016.93 1017.68 1016.85 1016.22 1012.87 1008.75
1901 1011.12 1008.14 1012.29 1019.84 1018.28 1017.15 1019.13 1018.34 1015.93 1014.43 1013.50 1009.33
1902 1003.11 1001.99 1015.08 1013.92 1016.24 1015.80 1016.91 1015.19 1015.24 1012.93 1011.02 1014.67
1903 1008.56 1010.95 1017.13 1015.99 1016.01 1016.22 1018.00 1017.34 1016.44 1014.26 1010.42 1007.85
1904 1009.59 1012.37 1017.92 1017.56 1017.16 1018.59 1017.40 1018.74 1014.90 1014.02 1010.00 1005.79
1905 1008.44 1001.53 1007.12 1013.38 1016.31 1018.52 1019.18 1016.29 1016.26 1015.37 1011.58 1008.01
1906 1008.76 1002.22 1009.54 1015.36 1016.43 1015.24 1017.36 1015.41 1014.22 1011.37 1012.11 1010.00
1907 1010.99 1006.75 1012.22 1015.08 1013.65 1014.38 1017.85 1016.76 1014.38 1013.07 1010.19 1001.06
1908 1003.98 1004.82 1016.52 1014.84 1013.01 1016.77 1016.61 1017.22 1016.98 1012.44 1007.42 1006.88
1909 1008.96 1003.19 1014.50 1018.07 1015.46 1015.73 1018.28 1017.62 1016.64 1014.61 1013.66 1005.42
1910 1013.78 1007.22 1013.16 1019.22 1017.10 1017.09 1018.63 1018.44 1014.96 1012.90 1010.91 1006.96
1911 1015.11 1009.78 1012.74 1018.07 1015.81 1016.30 1018.94 1018.18 1015.86 1010.91 1011.27 1009.54
1912 1004.80 1005.73 1016.00 1013.06 1015.17 1017.82 1019.72 1016.80 1014.78 1014.71 1009.57 1007.46
1913 1009.30 1008.00 1009.88 1015.32 1014.86 1014.08 1018.19 1016.26 1014.82 1013.87 1011.93 1002.00
1914 1009.07 1002.31 1016.10 1013.60 1018.13 1015.88 1017.49 1016.49 1015.98 1010.47 1012.14 1010.53
1915 1005.71 1010.02 1008.32 1012.28 1013.96 1019.60 1019.16 1016.38 1014.64 1015.24 1013.63 1008.69
1916 1016.82 1011.04 1011.19 1013.78 1017.57 1016.36 1018.77 1016.59 1015.04 1016.44 1015.86 1010.11
1917 1013.06 1006.50 1017.14 1015.56 1014.51 1018.34 1020.19 1015.82 1015.61 1014.67 1011.00 1007.30
1918 1004.68 1011.44 1017.22 1017.88 1017.31 1016.63 1015.97 1017.61 1014.56 1012.92 1011.31 1008.90
1919 1006.55 1006.14 1012.69 1013.77 1013.55 1018.63 1020.76 1017.88 1015.70 1016.98 1013.34 1009.01
1920 1012.22 1011.52 1016.57 1016.80 1018.86 1015.58 1017.69 1016.46 1016.20 1012.90 1012.20 1009.31
1921 1012.88 1004.48 1013.38 1018.41 1015.98 1012.90 1020.29 1016.16 1014.96 1014.08 1007.60 1010.91
1922 1009.72 1016.51 1012.49 1018.29 1017.22 1017.00 1021.92 1017.02 1017.33 1012.97 1013.13 1003.93
1923 1013.28 1010.44 1016.26 1013.55 1015.83 1015.44 1018.95 1015.60 1015.29 1010.86 1008.41 1011.26
1924 1006.38 1007.58 1012.20 1018.82 1014.93 1016.99 1018.43 1017.18 1014.33 1015.76 1009.23 1008.71
1925 1010.36 1003.74 1011.66 1016.85 1012.81 1016.28 1017.91 1018.33 1015.87 1010.67 1010.76 1006.42
1926 1001.54 1003.65 1007.39 1011.10 1013.82 1014.36 1017.55 1015.98 1015.32 1008.70 1007.60 1009.04
1927 1010.31 1001.18 1016.50 1018.77 1018.54 1013.79 1020.18 1016.94 1012.71 1013.97 1012.73 1011.19
1928 1006.39 1006.53 1010.37 1015.31 1015.45 1016.54 1018.43 1018.07 1017.21 1013.66 1008.55 1006.58
1929 1006.66 1008.35 1015.72 1015.94 1015.25 1014.55 1018.66 1017.40 1013.01 1010.80 1012.45 1011.50
1930 1009.13 1007.64 1017.80 1014.43 1015.18 1015.66 1018.48 1017.76 1017.02 1012.24 1013.20 1005.67
1931 1000.28 1007.97 1010.92 1014.15 1015.46 1014.28 1017.26 1017.40 1016.78 1013.79 1012.76 1012.24
1932 1013.64 1013.45 1006.87 1013.21 1015.51 1015.76 1018.60 1017.49 1015.72 1013.05 1013.90 1008.70
1933 1012.43 1012.04 1012.88 1016.29 1016.79 1015.92 1019.15 1016.09 1014.38 1012.89 1012.74 1010.97
1934 1004.82 1000.43 1009.27 1015.39 1014.90 1016.69 1019.01 1017.41 1013.65 1012.54 1010.30 1007.89
1935 1006.79 1007.72 1013.32 1016.53 1015.10 1014.09 1017.71 1016.91 1013.60 1016.11 1014.12 1003.05
1936 1002.65 1004.13 1015.72 1014.19 1014.42 1015.08 1018.69 1017.58 1015.61 1010.48 1011.32 1012.82
1937 1017.62 1013.65 1012.69 1016.13 1013.05 1013.32 1017.44 1017.95 1015.61 1010.04 1011.78 1006.56
1938 1007.14 1008.36 1011.92 1010.71 1015.22 1014.69 1018.72 1018.54 1013.50 1010.47 1012.41 1005.44
1939 1006.56 1008.16 1013.74 1016.37 1015.97 1016.66 1016.95 1016.57 1014.65 1014.21 1010.60 1001.13
1940  999.85 1001.76 1007.08 1008.63 1015.73 1014.99 1016.58 1016.61 1013.45 1011.18 1011.36 1003.19
1941 1001.89 1002.70 1010.05 1010.71 1016.26 1013.47 1016.36 1016.35 1014.93 1014.65 1013.10 1006.59
1942  999.26 1007.26 1017.12 1014.35 1016.56 1016.45 1018.49 1016.08 1014.85 1013.75 1016.15 1011.60
1943 1006.83 1009.92 1014.42 1012.17 1016.22 1016.52 1017.70 1018.02 1014.75 1012.47 1008.93 1007.64
1944 1003.56 1012.07 1015.82 1015.92 1016.58 1017.06 1017.88 1018.26 1017.05 1015.32 1008.67 1008.26
1945 1000.60 1008.63 1013.68 1019.72 1014.41 1017.04 1017.77 1018.30 1015.46 1013.71 1016.46 1003.01
1946 1006.71 1007.75 1014.59 1015.72 1015.10 1016.74 1017.86 1017.80 1015.32 1014.88 1016.16 1014.47
1947 1013.77 1002.73 1011.50 1014.14 1012.71 1015.33 1017.59 1018.74 1016.33 1010.58 1007.82 1008.80
1948 1008.21 1013.38 1016.12 1019.69 1016.05 1016.08 1017.62 1017.88 1016.27 1012.02 1011.06 1014.34
1949 1013.05 1012.07 1008.16 1014.44 1016.46 1017.08 1019.43 1017.38 1013.61 1013.03 1008.97 1011.37
1950 1015.85 1011.45 1008.46 1016.43 1016.44 1016.36 1017.16 1013.71 1013.62 1012.11 1017.56 1008.71
1951 1009.61 1011.78 1016.42 1013.22 1013.82 1014.83 1018.33 1016.61 1013.21 1012.19 1010.45 1014.20
1952 1011.09 1007.62 1014.72 1014.55 1016.53 1014.59 1018.57 1017.11 1014.87 1012.89 1009.04 1004.52
1953 1003.23 1008.64 1015.56 1011.31 1014.32 1017.64 1018.02 1016.89 1015.81 1010.91 1006.63 1008.23
1954 1011.34 1007.79 1017.32 1017.85 1014.51 1013.68 1018.59 1016.90 1015.11 1010.96 1006.12 1012.03
1955 1007.02 1015.71 1016.39 1017.19 1015.38 1016.17 1017.53 1018.36 1016.43 1013.62 1013.63 1012.46
1956 1011.27 1013.21 1014.39 1015.19 1014.51 1016.26 1019.28 1015.39 1014.73 1016.65 1011.59 1007.92
1957 1014.13 1011.70 1008.78 1015.91 1013.00 1013.53 1019.24 1016.94 1012.34 1011.58 1009.15 1013.01
1958 1002.30 1002.65 1015.03 1013.30 1014.58 1015.01 1017.04 1016.93 1014.63 1015.28 1011.77 1006.09
1959 1008.61 1013.57 1012.95 1016.29 1015.42 1015.01 1018.34 1017.20 1012.59 1010.87 1009.39 1010.64
1960 1005.96 1008.11 1014.33 1015.34 1015.44 1016.98 1017.64 1017.33 1016.27 1012.42 1012.85 1005.77
1961 1000.07 1007.34 1010.72 1018.27 1015.07 1016.84 1018.55 1016.24 1016.22 1016.27 1013.30 1010.61
1962 1011.27 1008.05 1014.09 1018.80 1018.53 1017.31 1018.57 1017.02 1016.09 1011.24 1009.35 1007.46
1963 1002.72 1003.08 1017.66 1017.96 1016.65 1016.32 1019.10 1016.36 1011.24 1012.80 1012.12 1003.47
1964 1007.18 1010.43 1014.92 1019.72 1021.43 1013.99 1016.85 1016.19 1015.28 1014.97 1012.74 1011.39
1965 1005.85 1010.38 1010.92 1016.48 1017.03 1014.65 1017.86 1015.87 1015.34 1012.26 1014.75 1013.47
1966 1004.28 1013.33 1012.29 1015.81 1016.60 1014.16 1017.65 1016.53 1010.96 1015.02 1016.18 1006.89
1967 1008.59 1008.81 1016.05 1020.71 1018.15 1014.39 1019.10 1014.14 1010.45 1011.16 1012.65 1009.88
1968 1010.33  999.70 1012.43 1017.28 1016.35 1016.69 1016.18 1015.43 1016.17 1011.11 1006.89 1013.75
1969 1013.12 1009.10 1012.96 1012.44 1012.96 1013.43 1019.30 1016.94 1012.48 1010.58 1011.06 1001.91
1970 1006.36 1002.73 1008.11 1017.52 1017.41 1015.11 1016.57 1017.29 1014.64 1015.29 1015.44 1012.49
1971 1012.89 1007.78 1011.98 1015.33 1014.69 1015.01 1016.57 1015.73 1015.74 1016.14 1012.48 1014.76
1972 1013.44 1011.52 1010.30 1019.90 1015.09 1015.83 1018.25 1014.82 1014.87 1015.12 1010.10 1011.29
1973 1009.14 1008.80 1011.07 1017.09 1014.89 1015.34 1017.81 1018.03 1014.90 1015.62 1015.54 1005.65
1974 1006.86 1011.45 1007.53 1014.98 1015.81 1016.32 1017.37 1014.65 1014.50 1011.31 1010.92 1006.80
1975 1011.00 1008.23 1014.58 1018.83 1014.74 1016.74 1016.11 1017.80 1016.70 1014.33 1012.70 1007.40
1976 1004.38 1013.51 1014.39 1015.63 1015.05 1015.95 1015.52 1015.60 1012.17 1012.73 1008.10 1005.24
1977  998.82 1001.42 1017.60 1017.17 1016.03 1015.47 1017.99 1014.25 1016.94 1011.75 1012.58 1010.54
1978 1000.91 1000.67 1009.11 1014.50 1017.81 1018.38 1017.56 1015.31 1014.15 1012.80 1011.52 1013.27
1979 1006.62 1014.62 1008.66 1016.41 1013.90 1019.45 1017.61 1014.78 1012.87 1009.67 1013.63 1009.62
1980 1007.24 1000.40 1011.38 1011.95 1015.05 1019.36 1017.62 1018.83 1015.13 1011.10 1008.58 1005.90
1981  997.19 1005.98 1007.41 1015.57 1013.64 1015.40 1019.77 1015.52 1014.85 1014.96 1009.51 1008.71
1982 1009.73 1012.15 1015.49 1018.46 1017.06 1013.43 1017.05 1018.17 1015.19 1016.01 1010.04 1006.08
1983 1001.80  998.25 1003.92 1016.77 1015.63 1013.89 1017.33 1018.11 1017.09 1014.77 1005.60 1007.65
1984 1007.43 1008.36 1005.50 1016.11 1016.11 1015.72 1018.94 1016.25 1012.60 1012.37 1008.38 1011.27
1985 1000.27 1014.83 1017.63 1018.21 1016.27 1016.26 1017.85 1018.63 1016.48 1016.45 1013.09 1002.62
1986 1002.15 1001.05 1008.34 1018.91 1015.89 1014.32 1018.07 1015.65 1015.52 1011.53 1012.75 1001.66
1987 1003.96 1006.17 1009.06 1013.27 1017.20 1014.51 1016.64 1017.25 1015.63 1013.38 1010.63 1010.30
1988 1006.25 1004.64 1012.41 1014.35 1014.18 1014.89 1018.20 1016.01 1016.72 1012.30 1010.67 1008.88
1989 1012.97 1015.54 1013.68 1016.40 1017.80 1016.79 1018.97 1016.15 1013.78 1015.07 1014.36 1005.51
1990 1007.96 1017.50 1010.51 1016.02 1014.69 1016.31 1017.18 1015.67 1014.28 1015.29 1020.02 1012.30
1991 1007.94 1003.17 1015.42 1014.65 1015.10 1016.73 1017.20 1015.30 1012.28 1014.04 1008.97 1008.05
1992  999.87 1007.95 1010.57 1014.61 1016.04 1014.12 1017.59 1016.16 1015.32 1012.27 1010.41 1013.55
1993 1010.54 1003.13 1008.25 1010.32 1013.23 1015.51 1017.98 1016.97 1016.13 1013.13 1014.28 1007.07
1994 1008.72 1010.99 1012.68 1014.57 1014.53 1017.73 1017.84 1018.16 1014.23 1013.48 1017.17 1005.96
1995 1002.60 1006.52 1012.51 1014.58 1014.52 1015.12 1017.57 1017.91 1010.62 1013.58 1012.63  999.81
1996 1008.75 1008.73 1011.51 1010.24 1016.37 1017.59 1018.67 1017.53 1014.85 1014.99 1012.92 1010.41
1997 1002.73 1004.87 1013.82 1011.36 1013.75 1015.43 1016.49 1016.51 1012.85 1013.78 1010.74 1009.05
1998 1001.33 1001.17 1008.56 1015.61 1016.66 1018.19 1018.42 1019.11 1014.78 1014.48 1009.45 1011.46
1999 1008.36 1007.27 1012.65 1017.85 1016.33 1014.69 1019.90 1015.18 1014.80 1015.13 1012.06 1010.69
2000 1014.33 1001.02 1006.31 1015.68 1016.81 1015.91 1017.82 1018.45 1013.78 1013.72 1009.41 1003.05
2001 1001.94 1009.22 1012.12 1016.65 1016.28 1017.02 1018.10 1016.85 1014.31 1014.61 1007.45 1007.25
2002 1008.16 1010.25 1014.81 1018.98 1014.72 1014.16 1017.46 1016.69 1015.28 1010.71 1005.36 1004.36
2003 1000.23 1007.89 1011.09 1015.60 1016.83 1014.75 1018.85 1017.24 1014.03 1012.36 1019.07 1004.46
2004 1005.42 1002.21 1014.66 1012.31 1016.12 1017.54 1015.86 1014.70 1016.70 1013.49 1012.02 1009.91
2005 1004.73 1009.04 1009.28 1014.97 1012.91 1015.68 1017.92 1015.99 1016.89 1014.16 1015.07 1000.14
2006 1008.60 1015.18 1016.06 1016.75 1017.87 1017.52 1017.49 1019.05 1015.45 1015.15 1016.08 1005.34
2007 1009.20 1009.02 1013.92 1010.93 1016.35 1017.22 1015.74 1017.07 1014.53 1014.17 1008.33 1011.28
2008 1010.22 1006.44 1013.43 1018.66 1014.61 1017.55 1017.17 1015.46 1014.47 1016.04 1011.51 1015.35
2009 1009.95 1015.87 1017.88 1016.37 1016.76 1013.86 1016.48 1016.98 1014.21 1011.51 1012.91 1005.02
2010 1000.79 1005.73 1011.45 1016.00 1016.84 1016.74 1019.58 1018.97 1013.81 1012.57 1014.87 1014.54
2011 1003.84 1016.71 1010.22 1015.71 1015.64 1015.69 1018.30 1015.93 1013.74 1014.02 1015.19 1010.35
2012 1008.52 1006.68 1015.46 1016.00 1017.08 1015.74 1019.21 1017.93 1016.32 1013.88 1013.79 1010.26
2013 1006.74 1010.68 1015.38 1016.85 1017.06 1016.93 1019.37 1015.02 1014.31 1013.37 1016.77 1011.27
2014 1004.06 1011.92 1010.64 1011.88 1018.62 1017.27 1017.85 1015.37 1013.16 1012.48 1009.64 1006.05
2015 1005.32 1008.23 1014.13 1016.48 1015.40 1016.23 1016.00 1017.25 1016.40 1010.72 1016.59 1007.06
 -999.
Trenberth and Hurrell North Pacific Index 20CRV3 (Monthly)
weighted zonal mean method
climo is 1981-2010
calculated at NOAA/PSL
