    1920 2025
 1920 -99.0  -99.0 -99.0 -99.0 -99.0 -99.0 -99.0 -99.0 -99.0  5.25 12.38 11.52
 1921 13.12   3.76  5.30  0.94  3.05  0.65  0.00  0.00  0.02  1.39  3.16 11.22
 1922  3.21  14.42  8.37  1.58  2.22  0.98  0.14  0.08  0.01  3.59  6.01 11.79
 1923  5.95   1.93  0.49  6.86  0.93  2.09  0.20  0.40  2.75  2.15  0.46  2.77
 1924  3.55   3.94  2.67  0.89  0.05  0.08  0.00  0.14  0.40  6.63  4.71  6.01
 1925  3.47  15.21  4.51  5.46  2.14  1.52  0.11  0.83  2.45  1.90  3.53  2.88
 1926  5.63  11.55  0.61  6.45  1.49  0.00  0.00  0.24  0.08  2.98 18.82  3.51
 1927  9.08  14.70  4.01  7.05  1.63  1.00  0.00  0.03  0.37  4.31 10.83  3.82
 1928  4.81   3.45 12.84  4.21  0.63  0.42  0.00  0.05  0.35  1.02  5.65  5.71
 1929  2.33   4.00  3.65  4.10  0.10  2.84  0.00  0.01  0.00  0.73  0.00 18.32
 1930  7.65   5.59  4.45  4.62  1.88  0.13  0.02  0.03  2.10  0.60  4.58  1.37
 1931  7.90   3.16  4.21  1.40  2.08  2.10  0.03  0.00  0.59  3.64  3.76 15.48
 1932  5.60   2.92  2.61  3.88  3.58  0.46  0.10  0.00  0.00  0.29  3.22  4.09
 1933  9.45   1.59  8.35  1.28  3.31  0.07  0.12  0.00  0.50  4.56  0.01 12.00
 1934  3.84   6.89  2.71  2.30  1.56  1.47  0.01  0.14  0.82  3.66  9.05  3.73
 1935  10.22  4.54  6.40  9.68  0.84  0.03  0.03  0.08  0.29  2.44  1.75  5.19
 1936  14.71 16.22  2.13  3.34  1.46  2.83  0.16  0.07  0.56  0.21  0.05  5.03
 1937   7.15 12.05  9.15  4.03  0.55  2.66  0.06  0.00  0.02  3.54 14.02 12.53
 1938   6.38 19.48 14.17  3.39  0.96  0.23  0.13  0.00  0.72  4.04  3.04  2.49
 1939   5.34  3.03  5.14  0.43  2.44  0.40  0.05  0.02  1.30  2.93  0.79  7.17
 1940  17.02 18.37 13.27  2.00  1.52  0.29  0.00  0.04  1.14  3.27  4.29 18.85
 1941  13.69 12.29  6.73  7.12  3.85  1.27  0.37  0.09  0.43  1.59  4.64 18.47
 1942  11.65 11.01  3.17  8.70  5.90  0.21  0.00  0.01  0.07  0.58 10.07  7.72
 1943  14.68  3.57  8.80  3.92  1.14  2.13  0.28  0.01  0.02  2.13  2.66  2.58
 1944   6.42  9.52  3.94  3.63  1.42  1.98  0.23  0.09  0.19  3.67 10.06  6.65
 1945   2.02 12.04  5.97  1.29  4.13  1.51  0.05  0.03  0.16  8.66  8.21 16.35
 1946   3.00  4.19  5.21  0.52  1.34  0.02  0.48  0.00  0.49  1.44  9.32  4.96
 1947   1.88  5.65  9.36  1.53  0.89  2.94  0.12  0.15  0.18  9.12  1.84  1.48
 1948   7.95  3.24  8.36 13.00  3.33  1.30  0.25  0.09  0.68  1.05  4.80  6.67
 1949   2.29  6.28 10.71  0.49  2.46  0.09  0.02  0.38  0.22  0.31  3.71  2.82
 1950  14.19  6.86  7.18  4.62  2.39  0.98  0.03  0.02  0.78 11.06 13.70 11.85
 1951  10.31  6.66  3.78  2.72  2.97  0.01  0.00  0.41  0.13  6.04  9.39 16.55
 1952  16.36  8.03  8.54  1.62  1.89  2.05  0.40  0.00  0.54  0.38  3.89 15.66
 1953  14.26  0.66  6.88  6.11  4.10  1.28  0.02  0.58  0.04  2.45  7.02  2.52
 1954  12.36  8.33  8.57  5.58  0.12  1.77  0.01  1.05  0.31  0.72  6.82  9.34
 1955   5.63  3.38  2.04  6.14  0.80  0.27  0.10  0.00  0.90  1.02  6.59 30.83
 1956  16.11 10.31  0.86  2.29  4.05  0.46  0.17  0.01  0.67  6.43  0.19  1.59
 1957   6.84 11.10  6.68  3.62  7.40  0.19  0.00  0.00  3.73  5.17  3.75  8.59
 1958   9.44 18.64 11.77  7.07  1.43  2.90  0.76  0.18  0.69  0.71  2.17  3.01
 1959  13.63 10.86  2.56  1.93  1.86  0.09  0.09  0.28  3.90  0.11  0.01  2.85
 1960   9.93 11.83  8.99  2.63  2.94  0.00  0.09  0.03  0.21  1.23  8.61  5.53
 1961   4.27  5.32  7.41  2.45  2.90  0.61  0.13  0.40  0.38  1.50  6.10  5.19
 1962   3.80 17.91  6.60  1.46  1.49  0.32  0.13  0.46  0.45 17.12  3.28  6.26
 1963   6.44  6.53  7.66 11.55  2.58  1.28  0.01  0.06  0.78  3.75 11.71  1.07
 1964   8.33  0.52  3.74  1.24  3.01  1.64  0.14  0.10  0.30  1.77  9.75 26.71
 1965  10.61  1.81  2.85  7.70  0.59  0.73  0.14  2.25  0.28  0.37 12.55  5.92
 1966   7.11  4.15  2.98  2.15  0.47  0.12  0.05  0.09  0.23  0.02 13.91  9.31
 1967  15.11  0.88 10.94  8.21  1.75  2.37  0.01  0.11  0.41  2.49  4.12  6.46
 1968  10.06  6.94  5.17  0.44  1.45  0.69  0.08  1.94  0.10  4.12  6.40 12.15
 1969  22.96 12.48  2.26  4.04  0.30  1.38  0.08  0.00  0.08  3.31  2.75 16.86
 1970  25.05  3.99  4.07  1.90  0.44  1.44  0.00  0.03  0.13  3.03 14.95 14.14
 1971   5.93  0.78  9.76  2.70  3.32  1.53  0.12  0.09  1.11  0.77  5.35  9.28
 1972   4.26  5.03  2.99  4.47  1.43  0.70  0.00  0.14  1.83  3.93  8.18  6.25
 1973  14.49 10.37  4.56  0.91  0.88  0.24  0.06  0.35  1.43  4.85 21.55 10.24
 1974  12.75  4.42 16.00  4.38  0.40  0.42  3.26  0.28  0.00  2.50  3.00  5.08
 1975   3.70 14.17 12.35  4.83  0.74  0.45  0.27  1.46  0.24  6.78  2.68  2.28
 1976   0.74  5.93  2.42  2.70  0.16  0.25  0.09  2.91  1.36  0.48  1.52  0.33
 1977   3.14  3.18  2.57  0.76  3.23  0.34  0.16  0.40  2.93  0.71  4.88 12.54
 1978  20.83  8.03 10.64  8.24  1.37  0.61  0.29  0.08  3.34  0.02  3.12  2.17
 1979   8.90 11.37  5.85  3.61  2.49  0.13  0.22  0.99  0.22  6.77  5.31  8.13
 1980  12.80 14.91  3.88  3.36  2.17  1.19  0.51  0.07  0.46  1.39  1.71  6.98
 1981  10.40  4.39  7.06  1.75  2.52  0.08  0.02  0.00  1.33  7.06 19.99 14.39
 1982   7.93  8.02 11.61 10.13  0.38  1.66  0.50  0.23  2.92  7.90  9.82 11.28
 1983  12.07 16.10 20.10  6.40  1.62  0.67  0.23  0.79  1.51  3.08 18.70 18.20
 1984   0.59  6.29  4.70  2.97  0.95  1.24  0.40  0.68  0.27  4.23 13.94  1.90
 1985   1.30  5.06  6.76  0.52  0.25  0.29  0.48  0.19  2.90  2.38  6.65  5.25
 1986  10.77 27.14 10.58  1.64  2.70  0.07  0.15  0.02  4.72  1.15  0.76  2.07
 1987   6.07  7.17  8.97  0.74  1.06  0.17  0.38  0.01  0.01  0.99  3.32 12.72
 1988   7.61  0.46  1.32  4.27  2.65  1.11  0.29  0.00  0.12  0.17 13.21  4.62
 1989   2.81  3.02 17.27  2.40  1.26  1.08  0.01  0.59  3.69  6.29  3.08  0.07
 1990   7.88  4.60  3.19  1.83  7.55  0.29  0.12  0.54  0.53  1.10  1.56  1.39
 1991   0.88  3.11 17.94  1.81  2.51  1.20  0.40  0.22  0.05  3.44  2.64  3.97
 1992   2.81 11.84  5.35  2.67  0.12  2.73  0.20  0.16  0.08  4.77  1.15 14.41
 1993  16.53 10.26  7.57  3.66  4.27  2.31  0.00  0.38  0.01  2.65  2.81  7.34
 1994   4.10  7.62  1.53  2.87  1.96  0.32  0.01  0.00  0.62  0.77  8.62  7.57
 1995  27.14  1.94 22.85  8.53  4.62  3.05  0.30  0.00  0.00  0.01  0.57 13.90
 1996  12.44 14.07  5.88  5.86  6.97  0.48  0.14  0.01  0.98  2.53  7.85 28.89
 1997  18.95  0.97  2.25  2.38  0.75  2.37  0.19  0.71  0.92  3.25  9.45  4.79
 1998  18.82 21.22  8.63  5.40  7.47  2.02  0.02  0.03  1.30  1.51 12.69  4.69
 1999  10.03 15.15  5.45  3.24  0.93  0.54  0.10  0.34  0.08  2.72  6.78  1.53
 2000  14.31 19.08  3.66  3.66  2.54  0.82  0.21  0.07  1.32  4.71  1.86  2.62
 2001   5.05  9.45  3.76  3.71  0.11  0.87  0.03  0.00  0.80  1.82 10.93 14.31
 2002   5.41  3.99  5.76  2.08  1.72  0.17  0.02  0.03  0.10  0.01  6.95 23.84
 2003   5.21  3.02  6.27 10.52  2.17  0.12  0.16  1.25  0.25  0.14  5.37 15.85
 2004   5.69 14.48  2.23  1.67  1.15  0.23  0.04  0.05  0.39  6.95  2.65 10.94
 2005   8.33  4.44  9.25  3.53  8.29  2.64  0.00  0.01  0.48  1.47  6.53 25.82
 2006   9.80  8.00 14.50 12.14  1.53  0.35  0.01  0.00  0.00  0.51  5.65  8.49
 2007   1.44 13.60  1.65  3.09  1.16  0.37  0.50  0.01  0.74  3.62  1.18  7.18
 2008  12.60  6.89  1.58  0.68  1.13  0.02  0.00  0.10  0.01  3.11  5.50  6.10
 2009   3.10 11.90  8.30  1.70  5.50  1.30  0.03  0.17  0.14  4.70  2.10  6.80
 2010  13.60  7.10  6.25  8.14  4.07  0.39  0.08  0.08  0.28  7.50  8.00 16.44
 2011   2.08  8.49 18.71  3.15  4.60  3.18  0.08  0.00  0.47  3.88  2.71  0.34
 2012   7.62  2.97 15.70  6.45  0.51  1.16  0.20  0.04  0.03  2.54 11.14 18.30
 2013   1.35  0.77  3.67  2.00  1.25  1.71  0.01  0.04  1.48  0.72  1.66  0.92
 2014   1.20 10.70 10.21  2.64  0.75  0.05  0.22  0.64  1.63  3.70  3.90 15.20
 2015   0.30  7.60  1.00  2.30  1.20  0.80  0.70  0.10  0.40  1.20  3.70 11.80
 2016  16.10  2.70 16.40  2.80  2.20  0.90  0.00  0.00  0.00 12.41  5.81 11.35
 2017  23.60 23.40  6.90  9.60  0.50  0.80  0.00  0.10  0.40  0.80 11.10  0.70
 2018   7.00  1.70 12.60  4.80  1.80  0.30  0.10  0.00  0.05  1.02  6.79  5.06
 2019  13.18 21.61  9.82  3.83  6.67  0.46  0.00  0.21  2.07  0.26  1.97 10.69
 2020   4.81  0.20  6.29  2.81  4.30  0.38  0.09  0.11  0.00  0.01  3.49  3.63
 2021   6.87  4.04  4.06  0.75  0.18  0.08  0.08  0.01  0.80 12.71  3.05 14.40
 2022   1.36  0.38  1.28  6.06  0.61  1.36  0.04  0.18  1.58  0.01  4.26 15.83
 2023  17.36  4.79 17.14  1.64  1.90 1.18  0.00  0.94  1.59  0.77  3.12  6.96
 2024   9.93 12.00  7.47  2.04  2.18  0.00  0.00  0.77  0.21  0.69 13.49  4.65
 2025   1.12 16.73  8.26  2.55  0.81  0.01  0.53  0.38  0.78  2.95  7.72  15.63
   -99.0
   8 station CA sierras index.
    from http://cdec.water.ca.gov/cgi-progs/precip1/8STATIONHIST
    and 
    http://cdec.water.ca.gov/cgi-progs/products/TAB_ESI.pdf
    2017 values updated jun 2025 from source.
    https://cdec.water.ca.gov/dynamicapp/QueryMonthly?s=8SI
    UNITS=INCHES
