 1974 2025
1974 -999.9 -999.9 -999.9 -999.9 -999.9    1.1    0.0    1.0    0.9    1.1    1.0    0.1
1975   -0.2    1.1    1.1    0.7    1.4    1.0    1.2    1.4    1.3    1.4    1.3    1.9
1976    1.1    1.2    0.3    0.7    0.4   -0.4   -0.5   -0.6   -0.3   -0.5    0.2   -0.8
1977   -0.7    0.6   -1.1   -0.0    0.4    0.4   -0.2   -0.0   -0.0   -0.2   -0.7   -1.9
1978   -0.9   -0.9 -999.9 -999.9 -999.9 -999.9 -999.9 -999.9 -999.9 -999.9 -999.9 -999.9
1979   -0.7   -0.6   -0.3    0.3    0.0    0.3    0.5    0.2   -0.1   -0.7   -0.5   -0.5
1980    0.6    0.4   -1.1    0.0   -0.2   -0.7   -0.3   -0.9    0.0   -0.3   -0.4    0.3
1981    0.4   -0.7   -0.9   -0.9    0.5    0.4    0.1    0.9   -0.0    0.2    0.3   -0.2
1982    0.9    0.1   -0.6   -0.0    0.4   -0.2   -1.2   -1.6   -1.4   -1.8   -2.0   -0.9
1983   -1.5   -0.7    0.1    0.3   -0.8   -0.9   -1.0   -0.1   -0.1    0.3    0.2    1.1
1984    1.7    1.9    1.2    1.1    0.7    0.5    0.1    0.2    0.3    0.2   -0.2    0.1
1985    0.2    1.2   -0.7    0.8    1.1    0.5    0.3    0.4   -0.0    0.2   -0.1    0.1
1986    0.2    0.9    1.1    0.4    0.4   -0.2   -0.2    0.2   -1.0   -0.8   -1.5   -2.4
1987   -2.3   -2.3   -1.3   -1.3   -1.9   -1.2   -2.2   -1.6   -0.6   -1.2   -0.7   -1.3
1988   -0.9   -0.7    0.4    0.2    0.6    0.9    0.9    1.1    1.1    0.8    1.2    1.6
1989    1.7    1.7    1.3    0.6    0.4    0.6    0.4    0.5    0.5    0.2   -0.6   -0.2
1990   -1.0   -1.0   -1.4   -0.7   -0.0    0.1   -0.2   -0.7   -0.7   -0.1   -0.5   -0.5
1991   -0.4   -0.6   -0.4   -0.0   -0.1   -0.2   -0.5   -1.0   -0.7   -0.6   -2.5   -1.8
1992   -2.2   -1.3   -2.0   -1.6   -1.8   -1.0   -0.4   -0.2   -0.0   -0.5   -1.1   -1.5
1993   -0.7   -1.6   -1.0   -2.0   -1.5   -1.4   -1.3   -0.6   -0.9   -1.5   -0.1   -0.7
1994   -0.1    0.6    0.3   -0.3   -0.1    0.1   -0.3   -0.6   -1.0   -0.6   -1.4   -2.8
1995   -1.7   -0.6   -0.0    0.2    0.2    0.4    0.4    0.7    0.4    0.9    0.8    1.0
1996    1.7    1.6    1.1    0.4    0.4    0.5    0.5    0.5    0.6    0.5    0.5    0.7
1997    0.5    0.5   -1.0   -1.2   -1.7   -0.9   -1.5   -1.7   -1.4   -2.6   -0.6   -1.5
1998   -0.7   -0.3    0.1    1.0   -0.3   -0.1    0.5    0.6    0.9    0.8    1.0    1.3
1999    1.8    1.3    1.5    1.0    0.7    0.5    0.2    0.7    1.0    0.9    0.7    1.8
2000    1.7    2.2    1.8    1.1    0.4    0.8    0.8   -0.1    0.5    0.4    0.7    1.0
2001    1.5    0.6    0.8    0.0   -0.2    0.0   -0.0   -0.4    0.3   -0.1   -0.4   -1.8
2002   -0.2   -1.2   -1.0    0.3    0.1   -0.7    0.2   -1.6   -1.9   -1.5   -1.8   -1.6
2003   -2.3   -1.1   -0.8    0.3    0.1    0.8   -0.2    0.5   -0.0   -0.0    0.5   -0.1
2004   -0.9    0.4   -0.5   -0.8    0.3   -1.1    0.1   -0.4   -0.3   -0.3   -0.8   -0.1
2005   -0.1   -2.2    0.0   -0.5   -0.2    0.1   -0.6    0.3   -0.1   -0.0    0.4    0.8
2006    0.8    0.4    1.1    0.3    0.7   -0.4    0.0   -0.5   -0.5   -1.0   -0.7   -0.8
2007   -1.4   -0.1    0.4   -0.1    0.1    0.4    0.7    0.4    0.5    1.0    0.2    1.5
2008    0.6    2.1    1.9    1.2    0.9    0.3    0.5    0.3    0.1    0.7    0.5    1.6
2009    1.3    1.3    0.9    0.7    0.6 -999.9 -999.9 -999.9 -999.9 -999.9 -999.9   -2.6
2010   -2.1   -2.3   -1.5   -0.3    0.6    1.0    0.8    1.0    1.3    1.3    1.5    2.2
2011    2.0    2.3    1.7    1.1    0.3   -0.1    0.0    0.2    0.2    0.9    0.8    1.5
2012    1.7    1.9    0.9    0.1   -0.0    0.1   -0.8    0.1   -0.5   -0.4   -0.2    0.5
2013   -0.3    0.1   -0.2    0.6    0.6    0.4    0.6    0.8    0.3    0.1    0.5    0.7
2014    0.2    0.2   -1.1   -1.0   -0.1   -0.7   -0.2    0.3    0.0   -0.2    0.2    0.0
2015    0.1   -0.1   -1.9   -1.0   -0.9   -1.4   -0.4   -1.5   -1.7   -1.5   -1.5   -2.7
2016   -2.0   -2.4   -1.6   -0.9   -0.2    0.1    0.4    0.7    0.7    0.9    1.2    1.2
2017    0.9    1.4    1.1    0.4    0.1    0.6   -0.6    0.2    0.6    0.6    0.9    0.7
2018    1.7    0.0    0.5    1.2    1.0    1.0    0.2    0.3    0.2    0.3   -0.5   -0.3
2019   -0.7   -1.8   -1.2   -0.8   -0.7   -0.3    0.1    0.0    0.5    0.4   -0.1   -0.2
2020   -0.7   -1.3    0.1    0.7    0.7    1.1    0.8    0.8    0.8    1.1    1.2    1.8
2021    2.2    1.1    1.5    0.1    0.2    0.8    0.3    1.0    0.7    1.2    1.4    1.1
2022    1.1    1.6    1.8    1.6    1.5    1.0    0.8    1.2    1.2    1.2    1.3    1.7
2023    1.8    1.4    1.4    0.6   -0.2   -0.3   -0.7   -0.3   -0.8   -0.6   -1.2   -1.3
2024    0.0   -1.1    0.3    0.3    0.7    0.6   -0.2    0.5    0.5    0.8    1.1    1.1
2025    1.7    2.0    1.7    0.6    0.5    0.5    0.1    0.8    0.8    0.8    0.5    1.1
 -999.9
 standardized OLR enso index
 from NOAA/CPC
 Climo period changed at CPC so data values changed on June 2021. Update dec 2025
https://www.cpc.ncep.noaa.gov/data/indices/olr
This file maintained at NOAA PSL.
https://psl.noaa.gov/data/correlation/olr.data
 units="standardized"
 
