 1854 2025
1854    -0.448    -0.431    -0.265    -0.307    -0.123    -0.282    -0.685    -0.504    -0.075     0.337     0.011    -0.143
1855    -0.342    -0.388    -0.509    -0.532    -0.448    -0.324    -0.702    -0.596    -0.402    -0.307    -0.233    -0.383
1856    -0.254    -0.345    -0.423    -0.320    -0.287    -0.141    -0.458    -0.412    -0.291    -0.420    -0.555    -0.555
1857    -0.320    -0.482    -0.595    -0.498    -0.543    -0.523    -0.558    -0.557    -0.483    -0.353    -0.432    -0.850
1858    -0.986    -0.938    -0.504    -0.698    -0.855    -0.650    -0.356    -0.224    -0.194    -0.517    -0.524    -0.563
1859    -0.311    -0.292    -0.258    -0.311    -0.224    -0.247    -0.123    -0.167    -0.158    -0.368    -0.147    -0.160
1860     0.124     0.008    -0.176    -0.330    -0.448    -0.437    -0.348    -0.217    -0.275    -0.489    -0.895    -1.143
1861    -1.185    -1.204    -1.238    -0.818    -0.732    -0.706    -0.429    -0.409    -0.437    -0.725    -0.629    -0.679
1862    -0.743    -0.921    -0.793    -0.802    -0.700    -0.656    -0.835    -0.652    -0.451    -0.567    -0.574    -0.245
1863    -0.234    -0.305    -0.396    -0.521    -0.361    -0.452    -0.418    -0.442    -0.377    -0.363    -0.532     0.013
1864    -0.341    -0.428    -0.633    -0.552    -0.444    -0.484    -0.417    -0.552    -0.661    -0.685    -0.508    -0.361
1865    -0.300    -0.347    -0.270    -0.149    -0.336    -0.317    -0.349    -0.430    -0.436    -0.413    -0.236    -0.249
1866    -0.159    -0.029     0.181    -0.212    -0.495    -0.398    -0.279    -0.320    -0.767    -0.172    -0.023    -0.485
1867    -0.542    -0.140    -0.084    -0.366    -0.723    -0.517    -0.506    -0.052     0.197    -0.377    -0.584    -0.788
1868    -1.026    -0.736    -0.707    -0.502    -0.280    -0.221    -0.385    -0.248    -0.377    -0.304    -0.455    -0.457
1869    -0.488    -0.419    -0.156     0.033     0.327     0.146    -0.025    -0.193    -0.215    -0.154    -0.097    -0.266
1870    -0.324    -0.316    -0.362    -0.318    -0.292    -0.428    -0.334    -0.311    -0.194    -0.313    -0.381    -0.499
1871    -0.434    -0.492    -0.395    -0.356    -0.490    -0.655    -0.378    -0.574    -0.757    -0.556    -0.375    -0.431
1872    -0.527    -0.519    -0.500    -0.610    -0.448    -0.295    -0.342    -0.164    -0.338    -0.456    -0.375    -0.312
1873    -0.346    -0.445    -0.561    -0.627    -0.513    -0.587    -0.540    -0.609    -0.420    -0.401    -0.405    -0.385
1874    -0.424    -0.270    -0.423    -0.485    -0.596    -0.597    -0.423    -0.424    -0.547    -0.663    -0.622    -0.423
1875    -0.538    -0.714    -0.793    -0.696    -0.698    -0.738    -0.661    -0.583    -0.612    -0.512    -0.358    -0.343
1876    -0.390    -0.390    -0.313    -0.442    -0.487    -0.560    -0.465    -0.498    -0.783    -0.756    -0.637    -0.584
1877    -0.705    -0.643    -0.681    -0.650    -0.660    -0.587    -0.452    -0.458    -0.289    -0.339    -0.247    -0.017
1878     0.172     0.163     0.039    -0.034     0.095     0.070    -0.023    -0.094    -0.206    -0.065    -0.318    -0.300
1879    -0.327    -0.322    -0.407    -0.552    -0.506    -0.346    -0.249    -0.386    -0.530    -0.765    -0.789    -0.926
1880    -0.804    -0.543    -0.393    -0.428    -0.595    -0.773    -0.831    -0.512    -0.566    -0.650    -0.630    -0.503
1881    -0.633    -0.491    -0.423    -0.203    -0.084    -0.328    -0.251    -0.199    -0.392    -0.432    -0.331    -0.210
1882     0.038    -0.210    -0.377    -0.458    -0.517    -0.672    -0.476    -0.485    -0.370    -0.528    -0.383    -0.426
1883    -0.440    -0.769    -0.905    -1.002    -0.794    -0.747    -0.591    -0.650    -0.615    -0.770    -0.759    -0.888
1884    -0.947    -0.735    -0.831    -0.841    -0.765    -0.985    -1.078    -0.841    -0.702    -0.631    -0.784    -0.839
1885    -0.635    -0.675    -0.764    -0.868    -0.854    -1.091    -1.097    -1.098    -0.981    -0.762    -0.581    -0.547
1886    -0.647    -0.685    -0.561    -0.448    -0.449    -0.523    -0.481    -0.605    -0.552    -0.691    -0.653    -0.736
1887    -0.560    -0.492    -0.631    -0.858    -1.001    -1.096    -0.911    -0.714    -0.684    -0.601    -0.454    -0.463
1888    -0.570    -0.468    -0.558    -0.472    -0.464    -0.671    -0.766    -0.789    -0.751    -0.395    -0.221    -0.185
1889    -0.019    -0.080    -0.168    -0.323    -0.468    -0.527    -0.292    -0.433    -0.455    -0.510    -0.504    -0.410
1890    -0.504    -0.473    -0.607    -0.637    -0.606    -0.575    -0.529    -0.664    -0.730    -0.766    -0.817    -0.603
1891    -0.625    -0.643    -0.583    -0.540    -0.457    -0.544    -0.701    -0.735    -0.563    -0.362    -0.337    -0.245
1892    -0.070    -0.188    -0.448    -0.537    -0.650    -0.805    -0.842    -0.539    -0.277    -0.437    -0.531    -0.483
1893    -0.362    -0.479    -0.564    -0.660    -0.717    -0.790    -0.603    -0.556    -0.610    -0.656    -0.619    -0.832
1894    -0.818    -0.702    -0.691    -0.573    -0.734    -0.805    -0.773    -0.822    -0.650    -0.564    -0.643    -0.557
1895    -0.586    -0.433    -0.594    -0.486    -0.627    -0.595    -0.656    -0.602    -0.649    -0.625    -0.619    -0.485
1896    -0.483    -0.430    -0.383    -0.200    -0.496    -0.764    -0.678    -0.618    -0.747    -0.763    -0.518    -0.334
1897    -0.145    -0.108     0.090    -0.055    -0.301    -0.479    -0.306    -0.268    -0.242    -0.193    -0.205    -0.122
1898    -0.262    -0.301    -0.504    -0.762    -0.792    -0.767    -0.719    -0.802    -0.725    -0.698    -0.707    -0.696
1899    -0.821    -0.767    -0.692    -0.728    -0.762    -0.942    -1.036    -0.934    -0.994    -0.957    -0.879    -0.753
1900    -0.663    -0.429    -0.307    -0.311    -0.501    -0.540    -0.413    -0.518    -0.372    -0.275    -0.148    -0.201
1901    -0.311    -0.562    -0.528    -0.622    -0.803    -0.872    -0.902    -0.870    -0.956    -0.983    -0.663    -0.722
1902    -0.800    -0.783    -0.897    -0.825    -0.909    -1.144    -1.109    -1.119    -1.234    -1.018    -0.908    -0.709
1903    -0.531    -0.660    -0.857    -0.997    -0.882    -0.806    -0.752    -0.711    -0.770    -0.752    -0.894    -0.912
1904    -0.803    -0.865    -1.049    -1.166    -1.309    -1.309    -1.181    -1.246    -1.324    -1.108    -1.024    -0.983
1905    -0.989    -0.932    -0.854    -0.897    -0.961    -0.868    -1.116    -1.207    -1.028    -0.971    -0.754    -0.601
1906    -0.582    -0.482    -0.778    -0.844    -0.889    -0.768    -0.635    -0.602    -0.632    -0.675    -0.744    -0.760
1907    -0.743    -0.775    -0.868    -0.902    -0.932    -0.809    -0.876    -0.935    -0.891    -0.745    -0.579    -0.565
1908    -0.578    -0.569    -0.781    -0.689    -0.737    -0.981    -1.037    -1.003    -1.052    -0.984    -0.942    -1.011
1909    -0.687    -0.698    -0.792    -0.832    -0.888    -0.915    -0.873    -0.809    -0.773    -0.846    -0.881    -0.851
1910    -0.663    -0.731    -0.815    -0.882    -0.803    -0.868    -0.860    -0.929    -0.796    -0.828    -0.913    -0.956
1911    -0.816    -0.726    -0.651    -0.961    -1.005    -1.071    -1.098    -1.070    -1.069    -0.945    -0.909    -0.787
1912    -0.862    -0.703    -0.835    -0.732    -0.725    -0.677    -0.691    -0.763    -0.769    -0.760    -0.753    -0.745
1913    -0.847    -0.807    -0.855    -0.943    -0.961    -0.983    -1.035    -0.999    -1.063    -0.955    -0.818    -0.714
1914    -0.729    -0.573    -0.565    -0.571    -0.705    -0.825    -0.923    -0.975    -0.987    -0.815    -0.543    -0.483
1915    -0.459    -0.398    -0.427    -0.605    -0.636    -0.636    -0.556    -0.454    -0.492    -0.572    -0.627    -0.679
1916    -0.748    -0.743    -0.760    -0.799    -0.912    -0.913    -0.607    -0.518    -0.639    -0.674    -0.915    -1.025
1917    -0.996    -1.068    -1.291    -1.430    -1.150    -0.869    -0.731    -0.622    -0.705    -0.889    -0.894    -0.800
1918    -0.996    -1.265    -1.285    -1.303    -1.126    -1.139    -0.882    -0.915    -0.974    -0.752    -0.555    -0.521
1919    -0.395    -0.504    -0.542    -0.674    -0.741    -0.931    -1.017    -1.408    -1.234    -1.091    -1.100    -1.001
1920    -0.883    -0.702    -0.709    -0.783    -0.796    -0.774    -0.945    -0.965    -0.935    -0.896    -0.867    -0.636
1921    -0.540    -0.653    -0.687    -0.681    -0.736    -0.602    -0.598    -0.607    -0.575    -0.446    -0.553    -0.464
1922    -0.511    -0.440    -0.489    -0.682    -0.611    -0.661    -0.770    -0.794    -0.784    -0.636    -0.610    -0.698
1923    -0.813    -0.712    -0.811    -0.647    -0.835    -0.846    -0.897    -1.043    -1.140    -0.847    -0.718    -0.487
1924    -0.545    -0.398    -0.365    -0.410    -0.539    -0.624    -0.657    -0.804    -0.802    -0.935    -0.970    -0.957
1925    -0.928    -0.931    -1.046    -1.095    -0.971    -0.892    -0.774    -0.823    -0.760    -0.729    -0.612    -0.461
1926    -0.435    -0.487    -0.507    -0.552    -0.543    -0.615    -0.644    -0.637    -0.689    -0.702    -0.801    -0.718
1927    -0.778    -0.483    -0.694    -0.753    -0.953    -0.851    -0.799    -0.838    -0.694    -0.666    -0.534    -0.404
1928    -0.239    -0.224    -0.411    -0.567    -0.693    -0.883    -0.937    -0.911    -0.907    -1.020    -0.750    -0.713
1929    -0.753    -0.793    -0.812    -0.855    -1.002    -1.130    -1.084    -0.944    -0.847    -0.848    -0.764    -0.612
1930    -0.753    -0.722    -0.756    -0.675    -0.915    -0.902    -0.897    -0.890    -0.819    -0.717    -0.665    -0.683
1931    -0.441    -0.380    -0.400    -0.552    -0.523    -0.544    -0.564    -0.591    -0.471    -0.598    -0.643    -0.593
1932    -0.765    -0.705    -0.634    -0.779    -0.937    -0.950    -0.956    -0.765    -0.829    -0.890    -0.879    -0.844
1933    -0.616    -0.688    -0.752    -0.839    -0.818    -0.879    -0.792    -0.738    -0.726    -0.819    -0.879    -0.916
1934    -0.940    -0.980    -1.051    -1.024    -1.124    -0.869    -0.792    -0.686    -0.727    -0.756    -0.725    -0.733
1935    -0.792    -0.654    -0.814    -0.777    -0.846    -0.891    -0.959    -0.798    -0.803    -0.864    -0.784    -0.696
1936    -0.680    -0.565    -0.609    -0.659    -0.816    -0.809    -0.662    -0.576    -0.586    -0.640    -0.731    -0.646
1937    -0.665    -0.554    -0.668    -0.689    -0.748    -0.617    -0.649    -0.600    -0.657    -0.710    -0.705    -0.640
1938    -0.558    -0.460    -0.491    -0.644    -0.662    -0.717    -0.761    -0.607    -0.820    -0.716    -0.815    -0.797
1939    -0.817    -0.850    -0.800    -0.724    -0.899    -0.928    -0.751    -0.693    -0.701    -0.732    -0.734    -0.623
1940    -0.745    -0.740    -0.528    -0.454    -0.633    -0.808    -0.738    -0.723    -0.569    -0.631    -0.570    -0.554
1941    -0.341    -0.334    -0.283    -0.294    -0.365    -0.343    -0.357    -0.325    -0.267    -0.087    -0.124    -0.185
1942    -0.269    -0.285    -0.455    -0.382    -0.296    -0.300    -0.291    -0.288    -0.367    -0.393    -0.459    -0.515
1943    -0.542    -0.513    -0.607    -0.659    -0.728    -0.793    -0.886    -0.646    -0.188    -0.200    -0.138    -0.306
1944    -0.386    -0.420    -0.459    -0.523    -0.428    -0.250    -0.158    -0.031    -0.053    -0.136    -0.095     0.031
1945     0.104     0.058    -0.197    -0.308    -0.274    -0.301    -0.239    -0.171     0.056    -0.144    -0.228    -0.098
1946    -0.146     0.063     0.119     0.068    -0.219    -0.704    -0.739    -0.642    -0.628    -0.634    -0.704    -0.668
1947    -0.533    -0.557    -0.577    -0.631    -0.556    -0.510    -0.493    -0.578    -0.703    -0.816    -0.890    -0.849
1948    -0.769    -0.671    -0.844    -0.743    -0.846    -0.752    -0.786    -0.743    -0.877    -0.803    -0.848    -0.714
1949    -0.769    -0.789    -0.795    -0.893    -0.981    -0.866    -0.693    -0.933    -1.006    -0.989    -0.865    -0.847
1950    -0.656    -0.545    -0.571    -0.676    -0.701    -0.519    -0.584    -0.615    -0.914    -0.830    -0.767    -0.841
1951    -0.729    -0.837    -0.799    -0.799    -0.675    -0.773    -0.808    -0.890    -0.645    -0.512    -0.585    -0.557
1952    -0.541    -0.536    -0.621    -0.622    -0.668    -0.804    -0.853    -0.931    -0.745    -0.693    -0.802    -0.797
1953    -0.657    -0.556    -0.492    -0.554    -0.628    -0.676    -0.666    -0.680    -0.820    -0.678    -0.640    -0.498
1954    -0.487    -0.404    -0.486    -0.572    -0.723    -0.672    -0.683    -0.594    -0.760    -0.803    -0.885    -0.891
1955    -0.538    -0.643    -0.734    -0.909    -1.068    -1.027    -0.816    -0.686    -0.566    -0.726    -0.805    -0.808
1956    -0.732    -0.715    -0.617    -0.702    -0.857    -0.822    -0.746    -0.767    -0.811    -0.701    -0.613    -0.581
1957    -0.511    -0.562    -0.519    -0.458    -0.371    -0.566    -0.645    -0.595    -0.718    -0.638    -0.587    -0.542
1958    -0.330    -0.234    -0.317    -0.415    -0.507    -0.528    -0.491    -0.472    -0.462    -0.540    -0.704    -0.630
1959    -0.588    -0.412    -0.476    -0.539    -0.431    -0.530    -0.585    -0.567    -0.548    -0.529    -0.477    -0.465
1960    -0.453    -0.503    -0.419    -0.449    -0.408    -0.623    -0.571    -0.592    -0.568    -0.606    -0.499    -0.453
1961    -0.471    -0.415    -0.502    -0.533    -0.651    -0.727    -0.739    -0.734    -0.725    -0.691    -0.639    -0.467
1962    -0.473    -0.630    -0.539    -0.497    -0.576    -0.507    -0.432    -0.433    -0.478    -0.429    -0.559    -0.526
1963    -0.540    -0.612    -0.629    -0.520    -0.372    -0.503    -0.554    -0.488    -0.530    -0.615    -0.527    -0.461
1964    -0.250    -0.245    -0.359    -0.263    -0.473    -0.470    -0.450    -0.558    -0.469    -0.496    -0.832    -0.857
1965    -0.804    -0.678    -0.842    -0.713    -0.762    -0.814    -0.941    -0.851    -0.800    -0.769    -0.665    -0.651
1966    -0.553    -0.349    -0.459    -0.587    -0.733    -0.673    -0.580    -0.611    -0.470    -0.517    -0.481    -0.526
1967    -0.657    -0.766    -0.737    -0.649    -0.588    -0.573    -0.691    -0.653    -0.592    -0.598    -0.729    -0.646
1968    -0.754    -0.766    -0.717    -0.743    -0.675    -0.422    -0.428    -0.500    -0.459    -0.399    -0.521    -0.480
1969    -0.355    -0.364    -0.280    -0.184    -0.224    -0.299    -0.364    -0.315    -0.245    -0.241    -0.274    -0.227
1970    -0.119    -0.206    -0.100    -0.290    -0.317    -0.355    -0.285    -0.258    -0.284    -0.313    -0.353    -0.525
1971    -0.478    -0.571    -0.646    -0.635    -0.636    -0.720    -0.660    -0.491    -0.422    -0.549    -0.601    -0.648
1972    -0.575    -0.439    -0.633    -0.629    -0.651    -0.628    -0.676    -0.652    -0.571    -0.442    -0.319    -0.223
1973    -0.176    -0.226    -0.244    -0.248    -0.381    -0.310    -0.295    -0.205    -0.143    -0.295    -0.433    -0.518
1974    -0.789    -0.775    -0.755    -0.735    -0.627    -0.651    -0.507    -0.456    -0.399    -0.494    -0.608    -0.638
1975    -0.626    -0.580    -0.584    -0.646    -0.538    -0.670    -0.421    -0.422    -0.405    -0.590    -0.718    -0.824
1976    -0.754    -0.757    -0.737    -0.630    -0.697    -0.638    -0.593    -0.575    -0.651    -0.449    -0.393    -0.460
1977    -0.401    -0.384    -0.526    -0.432    -0.398    -0.366    -0.529    -0.462    -0.485    -0.537    -0.465    -0.434
1978    -0.284    -0.345    -0.276    -0.379    -0.455    -0.347    -0.317    -0.398    -0.488    -0.636    -0.570    -0.435
1979    -0.272    -0.186    -0.189    -0.284    -0.380    -0.350    -0.472    -0.439    -0.447    -0.409    -0.329    -0.260
1980    -0.279    -0.382    -0.272    -0.351    -0.213    -0.312    -0.294    -0.327    -0.381    -0.291    -0.197    -0.200
1981    -0.299    -0.333    -0.229    -0.358    -0.232    -0.190    -0.094    -0.249    -0.186    -0.034    -0.155    -0.307
1982    -0.327    -0.306    -0.342    -0.344    -0.310    -0.423    -0.607    -0.540    -0.495    -0.433    -0.373    -0.135
1983    -0.212    -0.153    -0.174    -0.148    -0.201    -0.106    -0.269    -0.190    -0.082    -0.150    -0.309    -0.375
1984    -0.301    -0.404    -0.317    -0.328    -0.435    -0.593    -0.525    -0.464    -0.288    -0.382    -0.294    -0.451
1985    -0.350    -0.275    -0.293    -0.293    -0.367    -0.478    -0.431    -0.453    -0.382    -0.434    -0.359    -0.246
1986    -0.396    -0.318    -0.464    -0.381    -0.186    -0.232    -0.202    -0.382    -0.564    -0.338    -0.364    -0.364
1987    -0.318    -0.408    -0.223    -0.245    -0.068    -0.129    -0.196    -0.173    -0.126    -0.077     0.012    -0.111
1988     0.010     0.215     0.156     0.079    -0.039    -0.098    -0.007     0.161     0.222     0.106    -0.175    -0.347
1989    -0.207    -0.332    -0.270    -0.307    -0.324    -0.389    -0.218    -0.207    -0.061    -0.102    -0.170    -0.199
1990    -0.204     0.004    -0.143    -0.126    -0.069    -0.156    -0.126    -0.170    -0.276    -0.133    -0.188    -0.217
1991    -0.148    -0.191    -0.166    -0.156    -0.141    -0.167    -0.080    -0.105    -0.238    -0.305    -0.352    -0.403
1992    -0.359    -0.286    -0.340    -0.252    -0.162    -0.177    -0.218    -0.246    -0.270    -0.315    -0.482    -0.505
1993    -0.503    -0.584    -0.405    -0.410    -0.435    -0.367    -0.441    -0.477    -0.416    -0.553    -0.303    -0.391
1994    -0.355    -0.170    -0.280    -0.272    -0.294    -0.369    -0.417    -0.406    -0.546    -0.382    -0.319    -0.266
1995    -0.241    -0.165    -0.284    -0.175    -0.145    -0.060    -0.008     0.047    -0.062    -0.043    -0.073    -0.203
1996    -0.163    -0.128    -0.137    -0.193    -0.209    -0.099     0.029    -0.008     0.039    -0.035    -0.066    -0.083
1997    -0.214    -0.330    -0.306    -0.286    -0.339    -0.240    -0.328    -0.431    -0.371    -0.255    -0.250    -0.001
1998     0.007     0.255     0.230     0.178     0.096     0.143     0.246     0.327     0.245     0.117    -0.026    -0.168
1999    -0.112    -0.079    -0.007    -0.144    -0.332    -0.351    -0.233    -0.275    -0.161    -0.132    -0.167    -0.184
2000    -0.100    -0.186    -0.295    -0.185    -0.265    -0.411    -0.269    -0.065     0.065     0.052     0.040    -0.108
2001    -0.044    -0.042     0.039     0.066     0.057     0.053    -0.033    -0.044    -0.023     0.059    -0.023    -0.028
2002    -0.003    -0.115    -0.007     0.166     0.162     0.144     0.058    -0.109    -0.068     0.035     0.094     0.201
2003     0.156     0.208     0.115     0.156     0.104     0.087     0.090     0.061     0.075     0.100     0.046    -0.083
2004     0.060     0.136     0.088     0.096    -0.174    -0.253    -0.231    -0.292    -0.190    -0.153    -0.055     0.020
2005     0.068     0.184     0.199    -0.039     0.016     0.022     0.054     0.079    -0.008     0.063     0.024    -0.000
2006    -0.005     0.045    -0.003    -0.097     0.035     0.050    -0.110    -0.146    -0.126    -0.241    -0.069     0.094
2007     0.122     0.101    -0.025    -0.039     0.013     0.176     0.019     0.016     0.053    -0.001    -0.139    -0.140
2008    -0.047    -0.197    -0.332    -0.346    -0.445    -0.419    -0.248    -0.074     0.119     0.077     0.010     0.009
2009    -0.002    -0.042     0.093     0.050     0.116     0.154     0.182     0.227     0.063     0.082     0.047     0.036
2010     0.073     0.243     0.275     0.311     0.373     0.389     0.354     0.262     0.319     0.237     0.161     0.025
2011    -0.131    -0.111    -0.115    -0.237    -0.133    -0.147    -0.147    -0.053    -0.087    -0.009     0.102     0.152
2012     0.105     0.044    -0.149     0.050     0.128    -0.048    -0.096    -0.008     0.027     0.054     0.119     0.229
2013     0.146     0.220     0.192     0.180     0.147     0.027     0.052     0.054     0.120     0.084     0.202     0.135
2014     0.109     0.011     0.030     0.121     0.307     0.321     0.111     0.134     0.159     0.149     0.195     0.273
2015     0.170     0.150     0.188     0.143     0.204     0.232     0.106     0.116     0.146     0.137     0.283     0.426
2016     0.540     0.449     0.640     0.572     0.541     0.453     0.468     0.415     0.344     0.301     0.231     0.165
2017     0.165     0.083     0.131    -0.013     0.105     0.145     0.247     0.300     0.293     0.254     0.265     0.169
2018     0.182     0.067     0.129     0.137     0.135     0.024     0.013     0.020     0.014     0.160     0.175     0.155
2019     0.119     0.024     0.042     0.145     0.165     0.229     0.244     0.136     0.033     0.153     0.099     0.291
2020     0.405     0.404     0.462     0.470     0.370     0.459     0.582     0.546     0.454     0.312     0.231     0.182
2021     0.063     0.079     0.149     0.034     0.105     0.099     0.219     0.348     0.273     0.286     0.302     0.271
2022     0.312     0.193     0.303     0.250     0.234     0.376     0.266     0.232     0.357     0.286     0.229     0.181
2023     0.011     0.004     0.129     0.316     0.254     0.248     0.303     0.301     0.211     0.214     0.268     0.370
2024     0.594     0.661     0.501     0.593     0.606     0.607     0.656     0.637     0.642     0.656     0.660     0.492
2025     0.537     0.459 -9999.000 -9999.000 -9999.000 -9999.000 -9999.000 -9999.000 -9999.000 -9999.000 -9999.000 -9999.000
-9999
PACWARMPOOL ERSSTV5
06/2025
empty
Timeseries output created at NOAA PSL
60E-170E; 15S-15N area average anomalies
Climo is 1991 to 2020
