 1870 2025
1870     0.085     0.017    -0.068    -0.593    -0.587    -0.750    -0.423     0.151     0.150    -0.439    -0.668    -0.720
1871    -0.192    -0.267     0.065    -0.485    -0.832    -0.910    -0.711    -0.424    -0.577    -0.254    -0.278    -0.218
1872    -0.522    -0.634    -0.351    -0.519    -0.215    -0.689    -0.544    -0.716    -0.582    -0.472    -0.973    -1.221
1873    -1.198    -1.374    -1.242    -0.494    -0.178    -0.445    -0.476    -0.652    -0.549    -0.568    -0.887    -0.961
1874    -0.738    -0.918    -0.711    -0.253    -0.301    -0.553    -0.377    -0.247    -0.539    -0.626    -0.518    -0.640
1875    -0.732    -1.034    -0.890    -0.757    -0.954    -0.780    -0.727    -0.617    -0.335    -0.152     0.205    -0.287
1876    -0.814    -0.823    -0.997    -1.217    -1.114    -0.988    -1.348    -1.429    -1.098     0.211     0.603     0.234
1877     0.190     0.378     0.274     0.062     0.020     0.349     1.449     1.119     1.308     1.035     0.973     0.917
1878     1.149     1.415     1.411     1.443     1.547     1.250     0.992     0.385    -0.633    -0.394     0.002     0.815
1879     0.582     0.412     0.497     0.633    -0.351    -0.803    -1.049    -0.369    -0.030    -0.105    -0.481     0.012
1880    -0.093    -0.462    -0.993    -1.437    -1.993    -1.957    -1.429    -0.969    -0.959     0.069    -0.062    -0.033
1881     0.059     0.142     0.462     0.753     0.893     0.530    -0.489    -0.934    -0.115    -0.115    -0.199    -0.804
1882    -1.287    -1.372    -1.333    -1.059    -0.723    -0.582    -1.542    -0.652    -0.532    -0.747    -0.488     0.013
1883    -0.377    -0.847    -0.458    -0.017     0.138    -0.276    -0.973    -0.810    -0.296    -0.568    -0.376    -0.827
1884    -0.916    -1.447    -0.660    -0.115     0.579     0.830     0.902     1.178     0.750     0.705     1.294     1.387
1885     1.319     0.919     1.491     1.417     1.329     0.477     0.383     0.924     0.861     1.065     1.009     0.715
1886     0.518     0.798     0.173     0.379     0.024    -0.517     0.103     0.356    -0.094    -0.400    -0.860    -0.450
1887    -0.199    -0.656    -0.797    -0.495    -0.203     0.144     0.351    -0.653    -1.024    -0.530    -0.313    -0.524
1888    -0.433     0.498     0.302     0.198     1.005     1.460     1.106     0.906     1.577     1.662     1.238     1.109
1889     0.818     0.342     0.667     1.106     1.157     0.975     0.907     0.212    -0.270    -0.240     0.548    -0.258
1890    -1.072    -1.206    -1.019    -0.903    -0.868    -1.762    -1.065    -0.553     0.003    -0.342    -0.031    -0.238
1891     0.141    -0.290    -0.172     0.062     0.605     0.759     0.548     0.441     0.251     0.667     0.167    -0.082
1892    -0.403    -0.475    -0.240    -0.492    -1.122    -1.106    -1.146    -1.361    -1.164    -1.061    -0.691    -0.333
1893     0.268    -0.258    -0.569    -0.821    -1.152    -1.201    -1.209    -0.514    -0.672    -0.974    -0.573    -0.886
1894    -0.966    -1.271    -1.852    -1.980    -2.114    -1.916    -1.908    -1.331    -1.596    -1.609    -1.481    -0.621
1895    -0.144     0.001     0.143    -0.195    -0.213    -0.518    -0.006    -0.117    -0.375     0.163    -0.087     0.055
1896     0.404     0.466     0.167    -0.227    -0.591    -0.345     0.126     0.518     1.353     1.038     0.269     0.529
1897     0.848     0.437     0.227     0.437     0.848     0.915     0.639     0.433     0.278     0.769     0.388    -0.183
1898    -0.413    -0.302    -0.452    -0.348    -0.320    -0.151    -0.305     0.178     0.172    -0.313     0.032     0.346
1899    -0.173    -0.575    -0.513    -0.529    -0.660    -0.795    -0.768     0.192     0.838     0.131     0.919     0.882
1900     0.875     0.665     1.031     1.432     1.051     0.859     1.256     1.090     0.452     0.294     0.301     1.157
1901     1.114     0.873     0.439    -0.079    -0.612    -0.908    -0.721    -0.625    -0.015     0.313     0.322     0.660
1902     0.925     0.815     0.546     1.038     0.799     1.677     2.432     1.549     0.836     0.873     0.370     0.126
1903     0.080     0.089    -0.016    -0.627     0.265     0.095     1.206     1.107     0.538     0.244     0.078     0.649
1904     0.656    -0.283    -0.042    -0.412    -0.188    -0.171    -0.149     1.077     1.541     1.144     1.627     1.950
1905     1.773     1.562     1.616     1.509     1.090     1.208     1.398     2.224     1.223     0.204     0.918     0.163
1906     1.332     1.405     0.894     0.984     1.268     0.859     0.455    -0.005    -0.426     0.546     0.893    -0.149
1907    -0.572     0.101    -0.865    -0.779     0.056     0.726     0.851    -0.348     0.400     1.243     0.833     1.043
1908     0.794     0.698     0.578    -0.047    -0.001     0.248     0.322    -0.781     0.065     0.187     0.674     0.588
1909     0.111    -0.124     0.237    -0.116    -0.277    -0.557    -0.883    -1.147    -1.553    -1.146    -1.566    -1.479
1910    -1.498    -1.032    -0.515    -1.297    -1.502    -1.064    -0.330    -1.014    -0.356    -1.044    -0.616     0.266
1911    -0.283    -1.150    -1.040    -0.772    -0.847    -1.277    -0.568    -0.270    -0.394    -0.365    -0.260    -0.137
1912    -0.015     0.258    -0.148    -0.052    -0.091     0.190     0.509     0.158     0.795     0.480     0.265    -0.076
1913    -0.454     0.332    -0.129    -0.763    -0.367     0.251     0.697     0.711     0.341     0.633     0.419     0.292
1914     0.194     0.104     0.415     0.882     0.232    -0.731    -1.031    -0.365    -0.631    -0.554    -0.115     0.260
1915     0.433     0.183     1.012     1.439     1.854     1.756     1.427     0.552     0.092    -0.876    -0.855    -0.503
1916    -0.836    -0.759    -0.518    -0.232    -0.337    -1.112    -1.150    -1.440    -1.380    -1.311    -1.886    -1.833
1917    -1.445    -1.317    -1.528    -1.286    -0.931    -0.726    -0.299    -0.074    -0.559    -0.928    -0.615    -0.272
1918     0.247    -0.269    -0.516    -0.575    -0.534    -0.085     0.421     0.551     0.723     1.301     1.207     0.863
1919     1.006     0.455    -0.058    -0.057    -0.267    -0.631    -0.908    -0.291     0.332     0.225    -0.161     0.069
1920    -0.247    -0.295    -0.485    -0.871    -0.510    -0.670    -0.652    -1.164    -1.277    -1.260    -0.633    -0.551
1921    -0.669    -1.000    -0.785    -1.428    -1.518    -0.996    -1.358    -1.166    -1.130    -0.911    -0.065     0.219
1922    -0.106    -1.034    -1.044    -1.265    -1.437    -0.999    -0.466    -0.540    -0.412     0.065    -0.449     0.111
1923     0.151    -0.341    -0.461    -0.102     0.039    -0.447     0.562     0.146     0.009     0.667     0.522    -0.005
1924    -0.207    -0.052     0.007    -0.313    -0.150     0.140    -0.574    -0.911    -1.076    -1.523    -0.911    -0.236
1925    -0.672    -0.310    -0.312    -0.393    -0.402    -0.926    -0.250    -0.598     0.245     0.725     1.048     1.150
1926     1.546     1.514     1.457     1.871     2.155     1.784     1.817     1.301     1.152     1.255     2.038     1.838
1927     1.135     1.602     1.005     0.379    -0.113     0.448    -0.480    -0.651    -0.231    -0.517    -0.279    -0.309
1928     0.487     0.739     0.803     0.562     0.617     0.846    -0.121    -0.482    -1.266    -0.813    -0.000     0.338
1929     0.487     0.064     0.039     0.117     0.413     0.146     0.138    -0.082     1.034     0.764     0.754     1.304
1930     0.861     0.729     0.354     0.208    -0.198    -0.050    -0.287     0.379     0.703     0.452     0.457     0.710
1931     1.181     1.302     1.403     1.698     2.126     1.944     2.089     1.169     1.003     0.437     0.110    -0.353
1932    -0.882    -0.899    -0.098     0.718    -0.048    -0.122    -0.230    -0.051    -0.609    -0.004    -0.155     0.034
1933    -0.597    -0.909    -0.867    -0.838    -1.409    -1.887    -2.551    -2.068    -2.206    -1.341    -0.320    -0.563
1934    -0.435     0.165     0.785     1.313     0.944     0.056     0.051     1.054     0.973     1.584     1.595     1.341
1935     0.620     0.375    -0.104     0.317     0.689     0.978     0.333     0.390     0.478     0.609     0.337     1.343
1936     1.765     1.565     1.157     1.220     1.574     1.838     2.266     1.654     0.684     1.996     2.342     1.424
1937     0.121    -0.262    -0.178    -0.527    -0.169     1.092     0.066    -0.440     0.161     0.532     0.749     1.165
1938     1.218     0.303    -0.212    -0.013    -0.419    -0.397    -0.304    -0.363    -0.014     0.631     0.132     0.672
1939     0.646    -0.315    -0.549     0.011     0.257     0.215    -0.406    -0.530    -0.747    -0.857    -0.276     1.608
1940     1.873     1.828     2.013     2.222     2.237     2.525     2.047     1.668     1.540     1.582     1.781     2.343
1941     2.658     2.814     2.486     2.417     2.335     2.767     2.989     3.304     2.353     1.744     1.904     2.187
1942     2.221     1.587     1.258     1.149     1.045     0.788     0.520     0.487     0.508     0.376     0.049    -0.359
1943    -0.444     0.016     0.342     0.709     0.299    -0.378    -0.493    -1.184    -0.847    -0.476     0.225     0.947
1944     0.832     0.116    -0.113    -0.319    -0.900    -1.213    -0.863    -0.321    -0.709    -0.977    -0.399    -0.586
1945    -0.349     0.161    -0.511    -0.274     0.014     0.515     0.768     0.032    -0.066    -0.156    -1.061    -1.437
1946    -0.584     0.221     0.111    -0.001    -0.548    -0.429     0.094     0.536     0.258    -0.601    -1.202    -1.164
1947    -0.313     0.103     0.965     0.654     0.246     1.506     0.948     0.749     0.726     1.104     0.389     0.265
1948     0.250    -0.351    -0.761    -0.904    -0.930    -0.082     0.182    -0.756    -1.023    -1.120    -0.576    -1.157
1949    -2.775    -3.083    -1.925    -1.478    -1.101    -0.864    -0.907    -1.204    -1.057    -1.702    -1.070    -1.059
1950    -1.655    -2.131    -1.761    -1.663    -2.586    -1.967    -2.803    -1.934    -1.651    -1.500    -1.669    -0.905
1951    -1.091    -1.494    -1.561    -1.075    -0.835    -0.967     0.297    -0.865    -0.023     0.168    -0.167    -1.343
1952    -2.105    -1.128    -1.362    -1.543    -1.358    -1.830    -1.561    -0.756    -0.668    -0.146    -0.160    -0.687
1953    -0.151    -0.253    -1.029    -0.655    -0.160    -0.219     0.142    -0.440    -0.531    -0.817    -0.327    -0.131
1954    -0.863    -0.774    -0.783    -0.872    -0.242     0.402     0.171    -0.029    -0.618     0.116     0.816     0.162
1955    -0.318    -1.038    -1.249    -1.932    -1.723    -2.331    -2.417    -2.136    -1.981    -2.944    -2.264    -2.123
1956    -1.944    -2.062    -2.585    -2.334    -1.608    -2.207    -1.447    -0.725    -0.374    -1.513    -1.978    -1.020
1957    -1.238    -1.333    -0.644    -0.457     0.253     1.288     0.612     0.391     1.823     1.787     1.583     0.518
1958     0.730     1.046     0.744     0.764     1.379     1.544     0.649     1.326     1.061     0.528     0.495     1.222
1959     1.127     0.548    -0.032     0.110     0.139     0.361    -0.012    -0.169    -0.160     1.026     1.411     0.945
1960     0.300     0.614     0.463     0.465     0.640     0.878    -0.204     0.004    -0.544     0.026     0.035     0.222
1961     0.923     0.982     0.756     0.537    -0.181    -0.364    -0.764    -0.439    -0.830    -1.394    -1.092    -1.553
1962    -0.965    -0.860    -0.939    -0.767    -0.977    -1.694    -1.484    -0.580    -1.260    -1.346    -0.310    -0.239
1963     0.060     0.374    -0.045    -0.132    -0.899    -0.807    -0.982    -0.656     0.981     0.235    -0.444     0.244
1964     0.205    -0.063    -0.752    -1.210    -2.026    -0.784    -1.041    -1.430    -1.126    -0.611    -0.812    -0.889
1965    -0.812    -0.481    -0.103     0.062    -0.323    -0.562    -0.476     0.687     1.118     0.674     0.644     0.095
1966    -0.651    -0.384    -0.749    -0.119    -0.313     0.076     0.221     0.140     0.140    -0.201    -0.468    -0.209
1967    -0.299    -0.397    -0.641    -0.959    -1.322    -1.146    -0.841    -1.011    -0.257    -0.069     0.131    -0.775
1968    -0.676    -0.214     0.162    -0.475    -0.359     0.216     0.695     0.281     0.450     0.117     0.180    -0.095
1969    -0.543    -1.033    -0.995    -0.847    -0.671     1.083     0.166    -0.376    -0.561     1.153     0.700     1.076
1970     1.111     1.103     1.261     0.372    -0.547    -0.062    -0.548    -1.276    -1.121    -0.877    -0.561    -0.932
1971    -1.234    -1.278    -1.224    -1.355    -1.355    -1.704    -2.017    -0.193     0.036    -0.319    -1.245    -1.766
1972    -1.944    -1.801    -1.285    -1.330    -1.687    -1.476    -0.869     0.290     0.189     0.100     0.040    -0.271
1973    -0.274    -0.525    -0.660    -0.873    -1.018    -1.023    -0.683    -0.684    -0.399    -0.716    -1.080    -0.860
1974    -0.668    -1.097    -0.963    -0.421    -0.463    -0.417     0.169     0.313     0.951     0.440     0.593     0.195
1975    -0.500    -0.752    -0.899    -1.380    -1.661    -1.235    -0.564    -0.855    -0.823    -1.141    -1.438    -1.387
1976    -0.919    -0.817    -1.071    -1.077    -0.826    -1.044     0.524     1.145     0.807     1.318     1.392     1.138
1977     1.195     1.434     0.732     0.123    -0.056     0.369     0.322     0.600     0.026    -0.236     0.098     0.183
1978     0.805     1.010     1.392     1.207     1.120     0.605    -0.863    -0.256    -0.308     0.311     0.238    -0.334
1979    -0.122    -0.850    -0.298     0.100     0.863     0.483     0.565     0.624     1.332     1.429     0.815     0.466
1980     0.394     0.973     0.904     1.077     1.100    -0.293     0.088     0.333     0.266     1.357     1.032     0.681
1981     1.378     1.498     1.486     1.385     1.550     1.971     1.114     0.724     0.926     0.198     0.676     0.679
1982     0.218     0.097     0.033    -0.257    -0.649    -0.523     0.675     0.569     1.089     0.545    -0.211     0.164
1983     0.420     1.084     1.813     1.577     1.351     1.904     2.627     1.572     0.757     0.865     1.126     1.400
1984     1.286     1.129     1.461     1.104     0.997     0.095     0.075     0.558     0.622     0.703     0.593     0.430
1985     0.875     0.588    -0.064    -0.131    -0.279     0.345     0.957     0.876     0.655     0.423    -0.451     0.395
1986     1.024     1.679     1.993     1.397     1.034     1.045     1.444     0.699     0.761     1.385     1.813     1.608
1987     1.591     1.708     1.584     1.726     1.536     0.769     1.807     2.171     1.984     1.244     1.159     0.874
1988     0.415     0.575     0.639     0.512     0.595     0.295     0.204    -0.121    -0.329     0.024     0.019    -0.247
1989    -1.162    -1.243    -0.958    -0.157     0.054     0.100     0.499    -0.000    -0.133    -0.227    -0.526    -0.099
1990    -0.312    -0.903    -0.782     0.088     0.004    -0.077    -0.022     0.024     0.158    -0.764    -1.470    -1.841
1991    -1.539    -0.743    -0.772    -1.284    -1.233    -1.946    -1.083    -0.277     0.405     0.542     0.570    -0.121
1992     0.132     0.372     0.274     0.748     1.578     1.485     1.856     1.308     0.961     1.340     1.300     0.454
1993    -0.103     0.273     0.620     1.158     1.787     2.128     1.707     2.158     1.506     1.516     1.133     0.738
1994     0.968     0.496     0.485     0.749     0.691     0.088    -0.376    -0.546    -0.905    -0.760    -1.759    -2.110
1995    -0.768     0.049     0.571     0.671     1.139     1.108     1.433     0.332     1.480     0.599     0.102     0.364
1996     0.780     0.848     0.932     1.290     1.986     1.100     0.517     0.078     0.478     0.483     0.562     0.102
1997     0.611     0.533     0.604     0.849     1.693     2.311     1.462     2.117     1.787     1.589     1.224     0.845
1998     0.946     1.446     1.410     0.417    -0.225    -0.261    -0.469    -0.082    -0.781    -1.420    -0.637    -0.898
1999    -0.671    -0.943    -0.907    -1.373    -1.833    -1.917    -1.302    -1.104    -1.457    -1.928    -1.786    -1.733
2000    -1.917    -1.118    -0.605    -0.329    -0.575    -0.666    -0.788    -1.071    -0.936    -1.072    -0.955    -0.295
2001     0.199    -0.168    -0.192    -0.790    -0.695    -0.917    -1.622    -0.977    -1.185    -1.114    -0.838    -0.896
2002    -0.327    -1.014    -0.757    -0.759    -1.055    -0.907    -0.204     0.269     0.114     0.184     1.042     1.320
2003     1.291     1.051     1.059     0.549     0.144    -0.015     0.619     0.785    -0.059     0.593    -0.214    -0.480
2004    -0.310    -0.099     0.127     0.144     0.450    -0.347     0.054     0.459     0.151    -0.590    -1.096    -0.791
2005    -0.239     0.083     0.728     0.381     1.112     0.487     0.063    -0.149    -0.814    -1.725    -1.738    -0.308
2006     0.404     0.388    -0.308    -0.336    -0.163     0.224     0.350    -0.554    -1.001    -0.297    -0.568    -0.445
2007    -0.635    -0.447    -0.749    -0.278    -0.214    -0.067     0.770     0.203    -0.596    -1.987    -1.552    -1.032
2008    -1.515    -1.364    -1.125    -1.656    -1.513    -1.680    -1.423    -1.314    -1.337    -1.626    -1.452    -1.322
2009    -1.735    -1.628    -1.862    -1.871    -0.960    -0.535    -0.458    -0.084     0.516     0.123    -0.744    -0.563
2010     0.101     0.269    -0.045     0.029    -0.055    -0.773    -1.553    -1.671    -1.814    -1.307    -1.272    -1.849
2011    -1.576    -1.172    -1.074    -0.974    -1.057    -1.611    -2.342    -2.170    -1.943    -1.620    -2.676    -2.367
2012    -1.811    -1.260    -1.432    -0.680    -1.540    -1.396    -1.936    -1.938    -2.235    -0.816    -0.665    -1.173
2013    -0.997    -1.209    -1.114    -0.603    -0.325    -1.124    -1.258    -1.226    -0.731    -1.288    -0.873    -1.169
2014    -0.573    -0.308     0.426     0.536     1.272    -0.363     0.316     0.305     0.443     0.990     1.005     1.514
2015     1.319     1.438     1.326     0.856     0.381     0.660     1.416     0.907     1.019     0.820    -0.068    -0.081
2016     0.547     1.116     1.572     1.736     1.593     0.983     0.549    -0.093    -0.317    -0.343     0.658    -0.022
2017    -0.306     0.024     0.033     0.377     0.295     0.132    -0.421    -0.277     0.070    -0.518    -0.594    -0.295
2018     0.038    -0.329    -0.778    -0.530    -0.431    -0.769    -0.191    -0.080    -0.199    -0.527    -0.671    -0.328
2019    -0.382    -0.497    -0.314     0.196     0.326    -0.003     0.341     0.048    -0.074    -1.006    -0.505    -0.158
2020    -1.069    -1.178    -1.645    -1.375    -0.614    -0.987    -0.994    -1.322    -1.139    -0.751    -1.768    -1.236
2021    -0.750    -1.111    -1.601    -1.469    -1.725    -1.754    -1.674    -0.895    -1.857    -2.805    -2.521    -2.537
2022    -2.203    -1.815    -1.573    -1.910    -2.261    -1.475    -2.268    -1.834    -1.678    -1.493    -2.214    -1.990
2023    -1.104    -1.479    -2.004    -2.553    -1.919    -2.268    -2.196    -1.976    -2.464    -1.971    -1.731    -1.705
2024    -1.357    -1.182    -1.179    -1.655    -2.636    -2.780    -2.180    -1.983    -2.760    -3.095    -2.880    -1.970
2025    -1.228    -1.290    -1.077    -1.089    -1.617    -2.741    -3.714    -2.805    -2.075    -2.276    -1.678    -1.223
-9999
PDO from Ensemble SST
https://psl.noaa.gov//pdo/
Using EOF from 1920 to 2014 for N Pacific (see webpage)
Date produced Mar 17 2026
SST interpolated to a 2x2 grid 
Datasets used COBE2-SST HADISST1.1 NOAA ERSSTV5 
