 1850 2026
1850    -0.417    -0.758    -0.826    -0.701    -0.480    -0.946    -0.506    -0.093    -0.796    -0.724    -0.571    -1.247
1851    -0.340    -0.257    -0.562    -0.993    -0.553    -0.011     0.116     0.611     0.677     0.511     0.411    -0.477
1852    -0.481    -0.566    -0.437     0.028     0.029     0.093     1.011     0.819     1.027     0.960     0.498    -0.048
1853    -0.156    -0.518     0.395     0.287    -0.246    -0.261     0.205     0.275    -0.333     0.348     0.389    -0.430
1854    -1.006    -0.873    -0.733    -0.294    -0.552    -0.219    -0.938    -0.043    -0.952    -0.250    -0.295    -0.226
1855    -0.030     0.430     0.228     0.063    -0.149    -0.485    -0.853     0.187     0.121    -0.691     0.275     0.252
1856     0.066     0.082     0.572     0.034    -0.240    -1.034    -0.407    -0.161     0.073     0.262     0.250    -0.668
1857    -0.932    -0.563    -0.758    -0.805    -0.020     0.026     0.549    -0.355    -0.155     0.039    -0.705    -0.300
1858     0.101    -0.154    -0.053    -0.440    -0.503    -0.909    -0.496    -0.473    -0.090     0.241    -0.183    -0.303
1859    -0.784    -0.258    -1.060    -1.547    -1.207    -0.282    -0.565     0.495    -0.600     0.126    -0.033     0.322
1860    -0.921    -0.960    -0.805    -0.805    -0.189    -0.193     0.213     0.222     0.139     0.368     0.066    -0.641
1861    -0.282    -1.060    -1.355     0.083    -0.577    -0.077     0.120     0.484     0.078    -0.785    -0.371    -0.418
1862    -0.092    -0.029     0.136     0.382     0.495    -0.384     0.025     0.327    -0.625    -0.635    -1.160    -0.435
1863    -0.460    -0.327    -1.612    -0.865    -1.323    -1.094    -0.649     0.178     0.429     0.308    -0.195    -0.347
1864    -0.878    -0.569    -0.653    -0.184    -1.083    -0.654    -0.428     0.136     0.399     0.313     0.305     0.255
1865     0.243     0.439     0.530    -0.825    -0.540    -0.184     0.200    -0.153    -0.423    -0.218     0.166     0.134
1866     0.077    -0.079     0.409    -0.337    -0.833    -0.153    -0.011     0.298    -0.199    -0.068     0.307    -0.347
1867     0.115    -0.477     0.358     0.362     0.488     0.677    -0.344     0.275     0.067    -0.187    -0.120    -0.321
1868    -0.364     0.090     0.175    -0.065    -0.408    -0.485    -0.276     0.694     0.573     0.413     0.462    -0.336
1869    -0.740    -0.390     0.450     0.385     0.286     0.919     1.325     0.534    -0.135    -0.289     0.182    -0.431
1870    -0.277     0.335    -0.392    -0.787    -0.773    -1.160    -0.868     0.631     0.692    -0.379    -0.664    -0.207
1871     0.229    -0.273     0.089    -0.372    -0.797    -0.984    -0.899    -0.620    -0.729     0.144     0.026    -0.054
1872    -0.303    -0.025    -0.367    -0.586    -0.636    -1.048    -0.856    -0.628    -0.991    -0.405    -0.569    -0.478
1873    -0.552    -1.249    -0.951    -0.318     0.075    -0.560    -0.587    -0.681     0.039    -0.707    -0.783    -0.790
1874    -0.595    -0.699    -0.755    -0.007     0.103    -0.756    -0.401     0.137    -0.381    -0.650    -0.703    -0.183
1875    -0.482    -0.533    -0.629    -0.306    -0.753    -1.101    -1.175    -1.329    -0.525     0.269     0.591    -0.229
1876    -0.802    -0.586    -0.668    -0.904    -0.674    -1.183    -0.905    -1.264    -1.706     0.006     0.351     0.170
1877    -0.086     0.809     0.126    -0.052    -0.245     0.750     1.421     2.012     1.792     1.381     1.223     0.896
1878     1.445     1.301     1.442     0.971     1.475     1.541     1.062     0.520    -0.753    -0.240     0.131     0.479
1879     0.653     0.446     0.487     1.222     0.199    -0.294    -1.059    -0.592    -0.016    -0.281    -0.542    -0.129
1880    -0.639    -0.199    -0.563    -0.849    -1.491    -1.527    -1.519    -0.860    -0.769    -0.086    -0.212     0.071
1881     0.606     0.446     0.640     1.048     0.910     0.446    -0.246    -0.266    -0.756    -0.665    -0.453    -0.911
1882    -0.972    -1.156    -1.113    -0.894    -0.571     0.385    -0.632    -0.344    -0.397    -0.641    -0.428     0.093
1883     0.094    -0.777     0.457    -0.003     0.808    -0.223    -0.588    -0.603    -0.056    -0.398    -0.081    -0.178
1884    -0.001    -0.695     0.030     0.155     0.865     1.152     0.741     1.422     0.592    -0.137     0.608     0.242
1885    -0.088     0.398     1.072     1.095     1.188     0.159     0.197     0.813     0.648     1.324     1.652     1.214
1886     0.838     0.942     0.462     0.208     0.593     0.114     0.206     0.769    -0.566    -0.565    -0.417     0.353
1887     0.485    -0.407    -0.399     0.345    -0.126    -0.146    -0.106    -0.478    -0.529    -0.188    -0.377    -0.339
1888    -0.148     0.854     0.510     0.174     0.530     1.339     0.921     0.800     1.613     2.068     1.687     1.400
1889     0.748     0.482     1.070     0.876     0.756     1.181     1.163     0.894     0.028    -0.048     0.016     0.075
1890    -0.842    -1.095    -1.030    -1.228    -0.619    -1.038    -1.348    -0.946    -1.251    -0.655     0.162     0.383
1891     0.751     0.065    -0.042     0.319     0.744     0.763     0.171     0.521     0.277     0.431     0.222    -0.178
1892    -0.257    -0.211     0.241    -0.212    -0.061    -0.601    -0.896    -0.857    -0.945    -0.255     0.046     0.323
1893     1.024     0.329     0.103    -0.273     0.185    -0.675    -0.947    -0.122    -0.744    -1.207    -0.025     0.078
1894    -0.536    -0.742    -1.003    -1.292    -1.148    -1.260    -1.224    -0.514    -0.931    -0.573     0.331    -0.336
1895     0.107     0.006     0.343     0.097    -0.313    -0.836     0.372     0.395     0.035     0.605     0.508     0.161
1896     0.353     0.524     0.479     0.150    -0.357    -0.281     0.169     0.681     0.950     1.438     0.613     0.861
1897     1.087     0.573     0.852     0.727     0.976     0.665     0.127     0.427     0.678     1.018     0.394    -0.168
1898    -0.454    -0.050    -0.486    -0.692    -0.109     0.027    -0.166    -0.004     0.352     0.000    -0.313     0.226
1899    -0.387    -0.187    -0.339    -0.489    -0.783    -0.895    -0.950    -0.440     0.559     0.550     1.325     1.010
1900     0.675     0.635     1.285     1.045     0.969     0.546     1.294     0.688     0.546     0.252     0.256     1.098
1901     1.119     0.812     0.931     0.023    -0.236    -0.693    -0.297    -0.716    -0.205     0.274     0.559     0.965
1902     1.082     1.263     0.568     1.011     0.723     1.530     2.098     1.817     0.845     0.817     0.476    -0.030
1903     0.413     0.470     0.019    -0.155     0.528     0.470     1.099     1.375     0.287     0.283     0.840     1.358
1904     0.909     0.024    -0.071    -0.480    -0.180    -0.151    -0.186     0.612     1.463     1.252     1.968     1.647
1905     1.558     1.752     1.991     1.120     1.106     0.762     1.269     2.464     1.587     0.635     1.155     1.053
1906     1.705     1.740     0.865     0.971     1.494     1.238     0.326    -0.059     0.105     0.576     1.087     0.318
1907     0.113     0.550    -0.119     0.161     0.213     1.311     1.617    -0.214     0.379     1.349     0.901     1.059
1908     0.710     0.609     0.519    -0.092    -0.030     0.146     0.452    -0.246     0.341     0.022     1.020     0.876
1909     0.021    -0.263     0.159    -0.113    -0.200    -0.425    -0.529    -0.158    -0.601    -0.505    -1.295    -0.654
1910    -0.762    -0.970    -0.457    -0.838    -1.077    -0.737    -0.158    -0.601    -0.330    -0.437    -0.120     0.810
1911    -0.038    -1.126    -1.138    -0.880    -1.083    -1.440    -0.913    -0.343    -0.433    -0.111     0.138     0.242
1912     0.401     0.590    -0.078     0.433     0.055     0.327     0.657     0.169     0.950     0.756     0.663     0.565
1913    -0.165     0.395    -0.098    -0.515    -0.105     0.667     1.351     0.859     0.719     0.812     0.800     0.419
1914     0.189     0.268     0.667     0.771     0.183    -0.443    -0.842    -0.102    -0.511    -0.564     0.250     0.427
1915     0.709     0.014     0.920     1.444     2.063     1.722     1.385     0.189     0.108    -1.002    -0.762    -0.390
1916    -0.930    -0.654    -0.339    -0.014    -0.340    -1.467    -1.177    -1.576    -1.446    -1.343    -1.803    -1.754
1917    -1.330    -1.029    -1.538    -1.226    -0.727    -0.618    -0.163    -0.038    -0.662    -1.034    -0.286    -0.076
1918     0.521    -0.292    -0.489    -0.310    -0.437    -0.139     0.358     0.541     0.212     0.759     0.803     0.977
1919     1.056     0.615    -0.021     0.122     0.058    -0.380    -0.904    -0.427     0.528     0.252    -0.009     0.338
1920     0.193     0.205     0.375    -0.552    -0.532    -0.664    -1.031    -1.092    -1.145    -1.217    -0.605    -0.319
1921    -0.490    -0.875    -0.693    -1.320    -1.491    -0.637    -1.081    -1.263    -1.029    -1.012    -0.245     0.181
1922    -0.181    -0.977    -1.057    -1.399    -1.600    -0.907    -0.419    -0.509    -0.547     0.163    -0.494     0.110
1923     0.399    -0.257    -0.453    -0.043    -0.068    -0.327     0.711     0.331     0.355     0.795     0.564     0.145
1924    -0.194    -0.092     0.136    -0.380     0.122     0.369    -0.474    -1.037    -1.048    -1.437    -0.928    -0.404
1925    -0.602    -0.127    -0.067    -0.498    -0.384    -0.473    -0.090    -0.239     0.482     0.778     0.996     1.167
1926     1.419     1.464     1.696     2.087     2.385     1.946     2.002     1.448     1.305     1.324     2.065     2.029
1927     1.126     1.579     0.899     0.106    -0.096     0.453    -0.529    -0.774    -0.117    -0.390    -0.171    -0.238
1928     0.512     0.739     0.860     0.521     0.586     0.925    -0.119    -0.351    -1.248    -0.896    -0.053     0.402
1929     0.685     0.320     0.059     0.235     0.277     0.323     0.167    -0.113     0.990     0.863     0.707     1.285
1930     1.158     0.915     0.400     0.357    -0.257    -0.194    -0.199     0.445     0.876     0.434     0.670     0.816
1931     1.087     1.087     1.132     1.708     2.187     2.236     2.359     1.063     0.932     0.261     0.131    -0.361
1932    -0.895    -0.887    -0.268     0.497     0.088    -0.026    -0.293     0.026    -0.507     0.019    -0.017     0.135
1933    -0.530    -0.880    -0.808    -0.803    -1.272    -1.835    -2.347    -1.918    -2.073    -1.362    -0.427    -0.558
1934    -0.463     0.055     0.640     1.224     0.996     0.228     0.151     1.020     0.924     1.391     1.409     1.213
1935     0.624     0.422     0.020     0.341     0.679     0.811     0.361     0.369     0.420     0.400     0.318     1.262
1936     1.623     1.559     1.044     1.147     1.365     1.450     2.089     1.562     0.494     1.611     1.996     1.277
1937     0.050    -0.387    -0.221    -0.546    -0.291     0.797    -0.074    -0.559     0.083     0.423     0.720     1.243
1938     1.120     0.471     0.032    -0.056    -0.216    -0.296    -0.373    -0.401    -0.188     0.456     0.245     0.622
1939     0.552    -0.200    -0.453    -0.049     0.081     0.276    -0.346    -0.531    -0.695    -0.696    -0.128     1.556
1940     1.917     1.854     1.900     2.185     2.217     2.391     2.007     1.739     1.551     1.617     1.782     2.341
1941     2.658     2.875     2.428     2.274     2.247     2.819     2.805     2.993     2.417     1.710     2.088     1.917
1942     2.116     1.639     1.006     1.089     0.784     0.376     0.126     0.167     0.634     0.523     0.237     0.170
1943     0.347     0.312     0.284     0.524     0.044    -0.514    -0.737    -0.896    -0.952    -0.335     0.516     0.551
1944     0.479     0.231    -0.190    -0.429    -0.753    -1.045    -0.854    -0.389    -0.555    -0.880    -0.146    -0.470
1945    -0.369     0.065    -0.737    -0.102     0.263     0.663     0.907    -0.232    -0.390    -0.303    -1.279    -1.251
1946     0.205     0.442     0.223    -0.330    -0.208    -0.027     0.121     0.535    -0.116    -0.061    -1.206    -0.808
1947    -0.284     0.053     1.097     0.968     0.588     1.687     1.265     0.850     0.558     0.831     0.517     0.507
1948     0.326    -0.135    -0.437    -0.773    -0.356     0.010    -0.060    -0.681    -0.951    -0.671    -0.539    -0.827
1949    -2.603    -2.828    -1.690    -1.310    -1.054    -0.598    -0.794    -1.056    -0.895    -1.528    -1.033    -0.949
1950    -1.592    -1.823    -1.439    -1.433    -2.304    -1.827    -2.566    -1.816    -1.460    -1.231    -1.532    -0.740
1951    -0.772    -1.219    -1.267    -0.915    -0.592    -0.813     0.265    -0.643    -0.148     0.102    -0.206    -1.172
1952    -2.017    -1.195    -1.204    -1.498    -1.438    -1.792    -1.331    -0.685    -0.699    -0.076    -0.138    -0.629
1953    -0.081    -0.187    -0.894    -0.581    -0.200    -0.270     0.036    -0.318    -0.418    -0.735    -0.256    -0.078
1954    -0.657    -0.571    -0.631    -0.613     0.101     0.598     0.659     0.215    -0.252     0.297     0.859     0.365
1955    -0.202    -0.808    -1.000    -1.490    -1.440    -1.980    -1.963    -1.820    -1.722    -2.561    -2.052    -1.745
1956    -1.714    -1.796    -2.251    -1.948    -1.338    -1.747    -1.191    -0.632    -0.207    -1.247    -1.649    -0.850
1957    -1.161    -1.256    -0.626    -0.407     0.202     1.064     0.596     0.471     1.695     1.886     1.623     0.543
1958     0.519     0.995     0.722     0.712     1.145     1.249     0.553     1.188     0.989     0.587     0.516     1.061
1959     0.964     0.508    -0.004     0.131     0.142     0.461     0.365     0.001     0.011     0.873     1.487     1.059
1960     0.399     0.633     0.515     0.551     0.693     0.845    -0.067     0.082    -0.297     0.144     0.241     0.333
1961     0.935     0.882     0.671     0.495    -0.122    -0.262    -0.471    -0.299    -0.597    -1.120    -0.920    -1.268
1962    -0.878    -0.740    -0.804    -0.608    -0.797    -1.570    -1.318    -0.559    -1.121    -1.208    -0.174    -0.169
1963     0.094     0.418     0.079    -0.162    -0.816    -0.870    -0.836    -0.521     0.808     0.213    -0.460     0.195
1964     0.272    -0.020    -0.538    -0.982    -1.660    -0.650    -0.900    -1.047    -0.816    -0.368    -0.579    -0.657
1965    -0.801    -0.538    -0.138     0.030    -0.352    -0.536    -0.415     0.666     0.981     0.681     0.630    -0.039
1966    -0.719    -0.482    -0.676    -0.111    -0.325     0.052     0.180     0.153     0.059    -0.223    -0.492    -0.242
1967    -0.329    -0.503    -0.651    -0.888    -1.177    -1.030    -0.806    -0.853    -0.249    -0.067     0.064    -0.745
1968    -0.776    -0.264     0.116    -0.480    -0.321     0.158     0.679     0.278     0.356     0.093     0.149    -0.101
1969    -0.543    -1.003    -0.994    -0.832    -0.621     0.947     0.177    -0.324    -0.537     0.965     0.647     0.938
1970     0.942     0.949     1.098     0.319    -0.463    -0.177    -0.514    -1.185    -1.077    -0.814    -0.563    -0.928
1971    -1.237    -1.236    -1.234    -1.306    -1.375    -1.721    -1.803    -0.228     0.056    -0.394    -1.197    -1.699
1972    -1.809    -1.716    -1.253    -1.277    -1.652    -1.517    -0.795     0.268     0.200     0.126     0.043    -0.206
1973    -0.287    -0.492    -0.632    -0.794    -0.971    -0.989    -0.585    -0.598    -0.423    -0.664    -1.069    -0.817
1974    -0.643    -0.971    -0.847    -0.358    -0.482    -0.452     0.134     0.286     0.937     0.440     0.534     0.159
1975    -0.490    -0.685    -0.888    -1.270    -1.560    -1.194    -0.573    -0.841    -0.831    -1.079    -1.386    -1.299
1976    -0.851    -0.758    -0.999    -0.969    -0.901    -0.976     0.490     1.093     0.776     1.200     1.274     1.073
1977     1.100     1.292     0.652     0.218     0.009     0.301     0.270     0.650     0.151    -0.163     0.079     0.221
1978     0.756     0.977     1.324     1.123     1.020     0.348    -0.671    -0.152    -0.153     0.237     0.245    -0.305
1979    -0.221    -0.806    -0.290     0.083     0.830     0.464     0.540     0.674     1.393     1.352     0.873     0.457
1980     0.335     0.876     0.842     1.112     0.993    -0.205     0.103     0.376     0.294     1.224     1.001     0.632
1981     1.289     1.393     1.403     1.317     1.503     1.815     0.958     0.759     0.833     0.247     0.598     0.588
1982     0.198     0.157     0.044    -0.147    -0.559    -0.424     0.675     0.634     1.118     0.635    -0.072     0.107
1983     0.444     1.056     1.707     1.531     1.257     1.791     2.429     1.507     0.750     0.857     1.058     1.312
1984     1.225     1.031     1.362     1.163     0.998     0.239     0.152     0.622     0.741     0.721     0.568     0.397
1985     0.818     0.550    -0.068    -0.055    -0.186     0.304     0.974     0.943     0.705     0.466    -0.288     0.329
1986     0.968     1.546     1.947     1.410     1.098     1.054     1.388     0.870     0.857     1.392     1.754     1.521
1987     1.532     1.567     1.455     1.667     1.423     0.739     1.696     2.061     1.880     1.241     1.135     0.736
1988     0.309     0.558     0.584     0.515     0.549     0.220     0.198    -0.014    -0.242     0.058     0.105    -0.292
1989    -1.088    -1.061    -0.834    -0.084     0.230     0.273     0.484     0.125     0.060    -0.114    -0.310     0.012
1990    -0.186    -0.919    -0.691     0.231     0.028    -0.023     0.024     0.108     0.300    -0.475    -1.224    -1.710
1991    -1.452    -0.659    -0.646    -1.070    -1.053    -1.718    -0.891    -0.145     0.458     0.684     0.544    -0.113
1992     0.128     0.256     0.229     0.705     1.535     1.423     1.976     1.290     0.986     1.214     1.333     0.523
1993    -0.088     0.174     0.572     1.120     1.752     2.146     1.804     1.998     1.494     1.441     1.079     0.694
1994     0.928     0.452     0.402     0.698     0.663     0.129    -0.281    -0.402    -0.811    -0.736    -1.597    -1.959
1995    -0.703     0.156     0.620     0.722     1.038     1.052     1.451     0.358     1.391     0.479     0.076     0.476
1996     0.765     0.726     0.817     1.178     1.925     1.007     0.358     0.007     0.500     0.482     0.549     0.106
1997     0.464     0.473     0.489     0.857     1.674     2.054     1.406     1.983     1.717     1.526     1.040     0.551
1998     0.788     1.158     1.222     0.242    -0.526    -0.488    -0.427    -0.215    -0.923    -1.455    -0.815    -1.072
1999    -0.926    -1.202    -1.120    -1.469    -1.810    -1.797    -1.240    -1.067    -1.462    -1.921    -1.836    -1.741
2000    -1.968    -1.204    -0.692    -0.402    -0.582    -0.579    -0.696    -1.010    -0.895    -0.868    -0.727    -0.232
2001     0.150    -0.291    -0.341    -0.862    -0.752    -0.888    -1.485    -0.815    -1.048    -1.137    -0.970    -0.948
2002    -0.555    -1.078    -0.897    -0.893    -1.231    -0.916    -0.342     0.312     0.212     0.245     1.043     1.171
2003     1.173     0.937     0.912     0.509     0.002    -0.044     0.560     0.629    -0.086     0.488    -0.266    -0.573
2004    -0.458    -0.211     0.094     0.101     0.373    -0.353     0.039     0.543     0.289    -0.548    -0.998    -0.712
2005    -0.191     0.063     0.658     0.515     1.118     0.540     0.119    -0.165    -0.817    -1.668    -1.723    -0.371
2006     0.286     0.327    -0.295    -0.340    -0.129     0.336     0.283    -0.530    -0.901    -0.219    -0.527    -0.429
2007    -0.657    -0.431    -0.713    -0.281    -0.216    -0.108     0.744     0.191    -0.587    -1.915    -1.551    -1.109
2008    -1.455    -1.235    -1.011    -1.634    -1.502    -1.618    -1.449    -1.322    -1.282    -1.681    -1.445    -1.298
2009    -1.734    -1.698    -1.850    -1.892    -0.957    -0.337    -0.410     0.003     0.474     0.214    -0.651    -0.521
2010     0.268     0.283    -0.014     0.054    -0.059    -0.821    -1.546    -1.634    -1.815    -1.424    -1.252    -1.856
2011    -1.438    -1.092    -1.046    -0.895    -1.105    -1.589    -2.390    -2.302    -1.929    -1.600    -2.595    -2.309
2012    -1.718    -1.209    -1.357    -0.544    -1.433    -1.448    -2.102    -2.081    -2.212    -0.826    -0.703    -1.071
2013    -1.008    -1.147    -1.084    -0.553    -0.440    -1.182    -1.420    -1.210    -0.765    -1.215    -0.776    -1.124
2014    -0.492    -0.233     0.419     0.565     1.332    -0.342     0.200     0.261     0.435     1.000     0.936     1.404
2015     1.303     1.594     1.412     0.901     0.395     0.623     1.395     0.798     1.054     0.729    -0.126    -0.087
2016     0.533     1.097     1.501     1.645     1.492     0.878     0.403    -0.219    -0.362    -0.404     0.566    -0.225
2017    -0.327    -0.033    -0.081     0.323     0.301     0.186    -0.517    -0.413    -0.054    -0.663    -0.456    -0.353
2018     0.026    -0.314    -0.811    -0.527    -0.579    -0.818    -0.207    -0.037    -0.251    -0.488    -0.595    -0.433
2019    -0.427    -0.454    -0.304     0.135     0.325     0.079     0.271     0.029    -0.102    -0.943    -0.291    -0.102
2020    -0.703    -0.968    -1.498    -1.281    -0.563    -0.961    -0.848    -1.256    -1.048    -0.654    -1.660    -1.071
2021    -0.616    -0.931    -1.543    -1.267    -1.632    -1.653    -1.655    -0.836    -1.813    -2.635    -2.418    -2.432
2022    -1.986    -1.574    -1.394    -1.753    -2.141    -1.457    -2.194    -1.660    -1.601    -1.614    -2.233    -1.866
2023    -0.982    -1.403    -1.911    -2.365    -1.858    -2.362    -2.242    -1.834    -2.305    -1.841    -1.562    -1.536
2024    -1.181    -1.091    -0.989    -1.523    -2.633    -2.800    -2.150    -1.806    -2.560    -2.937    -2.772    -1.756
2025    -0.934    -1.121    -0.988    -1.028    -1.575    -2.758    -3.616    -2.740    -1.977    -2.171    -1.718    -1.090
2026    -1.015    -0.750 -9999.000 -9999.000 -9999.000 -9999.000 -9999.000 -9999.000 -9999.000 -9999.000 -9999.000 -9999.000
-9999
PDO from COBE2
https://psl.noaa.gov/pdo/
Using EOF from 1920 to 2014 for N Pacific (see webpage)
Date produced Mar 17 2026
SST interpolated to a 2x2 grid 
 
