 1870 2025
1870     0.263    -0.273    -0.187    -1.026    -1.146    -0.804    -0.598    -0.680    -0.323    -0.599    -0.729    -1.096
1871    -0.379    -0.523    -0.060    -1.010    -1.155    -1.636    -1.091    -0.729    -0.532    -0.206    -0.120    -0.301
1872    -0.888    -1.393    -0.506    -0.597    -0.128    -0.426    -0.098    -0.974    -0.554    -1.018    -0.749    -1.123
1873    -0.952    -0.943    -1.188    -0.463    -0.348    -0.239    -0.143    -0.614    -1.073    -0.522    -1.062    -1.371
1874    -1.041    -1.224    -0.996    -0.795    -0.914    -0.624    -0.770    -1.392    -1.590    -1.368    -1.056    -0.963
1875    -0.657    -1.199    -0.941    -0.967    -1.589    -0.808    -0.609    -0.447    -0.551    -0.199     0.517    -0.713
1876    -0.652    -1.056    -1.281    -1.121    -1.175    -1.029    -1.051    -1.269    -0.624     0.482     1.056     0.653
1877     0.704     0.080     0.445     0.392     0.619     0.736     2.600     1.484     1.925     1.403     1.189     1.244
1878     1.250     1.568     1.279     1.429     1.189     0.918     1.070     0.675     0.028    -0.115     0.033     0.499
1879     0.871     0.524     0.632    -0.146    -0.539    -1.167    -0.823    -0.428    -0.148     0.102    -0.571     0.221
1880    -0.045    -0.907    -1.308    -1.501    -1.857    -1.460    -0.913    -0.672    -0.614    -0.152     0.081    -0.263
1881    -0.173    -0.079     0.463     0.788     0.931     0.482     0.176    -0.536    -0.005    -0.240    -0.437    -0.794
1882    -1.113    -1.366    -1.378    -1.032    -0.568    -0.562    -1.119    -0.701    -0.728    -0.657    -0.472    -0.360
1883    -0.056    -0.713    -0.734     0.058    -0.145     0.007    -0.488    -0.266    -0.052    -0.456    -0.323    -0.814
1884    -1.175    -1.806    -0.852    -0.074     0.253     0.274     0.645     0.942     0.776     0.738     1.104     1.410
1885     1.513     0.859     1.309     1.244     1.338     1.143     0.967     1.389     1.466     1.526     1.303     1.095
1886     1.155     0.949     0.445     0.456    -0.818    -0.988    -0.121     0.135     0.270     0.306     0.013    -0.025
1887    -0.057    -0.133    -0.184    -0.521    -0.170    -0.072    -0.549    -0.984    -0.771    -0.338     0.229    -0.317
1888    -0.312     0.542     0.290     0.368     1.196     1.572     0.960     0.662     1.646     1.983     1.123     1.384
1889     1.058     0.401     0.402     1.183     1.276     0.315     0.743     0.199    -0.040    -0.385     0.319    -0.777
1890    -1.703    -1.443    -0.696    -0.624    -0.988    -1.316    -0.831    -0.152    -0.431    -0.193     0.252     0.186
1891     0.092    -0.246     0.179     0.011     0.064     0.274     0.294     0.084     0.040     0.491    -0.061     0.062
1892     0.087    -0.019    -0.126    -0.064    -0.681    -0.612    -0.593    -0.685    -0.376    -0.595     0.071    -0.140
1893     0.249    -0.557    -1.013    -0.628    -1.242    -0.728    -0.510    -0.784    -0.925    -0.997    -0.881    -1.037
1894    -0.749    -0.804    -1.537    -1.600    -1.876    -1.789    -1.462    -1.568    -1.874    -1.787    -1.490     0.067
1895     0.454     0.539     0.584     0.140    -0.048    -0.126    -0.569    -0.578    -0.019     0.774     0.426     0.390
1896     0.570     0.668     0.058    -0.305    -0.479    -0.043     0.343     0.588     1.722     1.496    -0.061     0.455
1897     0.861     0.840     0.245     0.544     0.824     1.154     0.929     0.677     0.716     1.030     0.335    -0.356
1898    -0.826    -0.739    -0.509    -0.349    -0.443    -0.557    -0.261     0.102    -0.255    -1.023    -0.098     0.588
1899    -0.101    -0.884    -0.719    -0.702    -0.401    -0.253    -1.123     0.544     1.252    -0.232     0.857     1.199
1900     0.976     0.915     0.845     1.227     0.753     0.912     1.393     1.224     0.996     0.446    -0.123     1.542
1901     0.987     1.016     0.695     0.198    -0.376    -0.687    -0.510    -0.586     0.186     0.483     0.290     0.633
1902     0.510     0.758     0.829     1.720     0.595     1.258     2.381     1.046     0.591     0.633     0.057     0.141
1903    -0.134    -0.327     0.121    -0.640     0.675    -0.062     1.076     0.721     0.696    -0.069    -0.422     0.566
1904     0.070    -1.043    -0.678    -0.841    -0.675    -0.128    -0.168     0.949     0.910     0.144     0.889     0.981
1905     0.844     1.478     2.085     1.437     0.760     1.319     0.644     1.991     0.132     0.263     0.961     0.488
1906     0.849     1.101     1.174     1.318     0.755     0.497    -0.390    -0.825    -1.521    -0.113     0.957    -0.080
1907    -0.987     0.299    -0.457    -1.066    -0.475     0.066     0.183    -0.736    -0.431     0.220    -0.165     0.293
1908     0.255     0.167     0.799    -0.072    -0.194     0.264     0.136    -1.827    -0.979    -0.681    -0.693    -0.043
1909    -0.007    -0.622    -0.155    -0.376    -0.228    -0.429    -0.687    -1.015    -2.020    -1.510    -1.671    -1.277
1910    -1.854    -0.711     0.002    -0.860    -1.078    -1.994    -0.691    -1.815    -1.596    -1.572    -1.076    -0.081
1911    -0.229    -1.026    -0.509    -0.735    -0.736    -0.884    -0.373    -0.628    -0.772    -0.946    -0.676     0.187
1912    -0.132     0.046    -0.152    -0.206    -0.321    -0.089     0.574    -0.187     0.155    -0.055    -0.062    -0.663
1913    -0.857     0.424    -0.117    -1.120    -1.174    -0.092    -0.178    -0.134    -0.744     0.396    -0.127     0.356
1914     0.627     0.104     0.270     0.803    -0.263    -1.095    -1.781    -0.669    -0.934    -0.887    -0.764     0.143
1915     0.864     0.724     1.339     1.177     1.507     1.586     1.034     0.294    -0.419    -0.683    -0.531    -0.334
1916    -0.231    -0.292    -0.167    -0.267    -0.393    -0.447    -0.831    -0.828    -0.919    -0.857    -1.285    -1.044
1917    -0.961    -1.000    -0.960    -0.756    -0.810    -0.531    -0.137     0.059    -0.212    -0.388    -0.569    -0.198
1918    -0.017    -0.298    -0.266    -0.690    -0.326     0.260     0.711     0.705     1.170     1.642     1.498     1.133
1919     1.474     0.734     0.294     0.229     0.054    -0.139    -0.250     0.106     0.350     0.592     0.228     0.432
1920     0.208    -0.364    -1.231    -1.122    -0.311    -0.474     0.084    -0.947    -1.122    -1.270    -0.708    -0.609
1921    -0.318    -0.575    -0.744    -1.192    -1.593    -1.218    -1.725    -0.795    -0.986    -0.328     0.681     0.641
1922     0.109    -0.839    -0.558    -0.657    -0.981    -1.085    -0.487    -0.971    -0.580     0.076    -0.273     0.068
1923    -0.061     0.009    -0.043     0.089    -0.147    -0.043     0.374    -0.234    -0.400     0.766     1.071     0.098
1924     0.367     0.777     0.391     0.426    -0.396     0.208    -0.660    -0.739    -0.638    -1.071    -0.141     0.372
1925    -0.071     0.187    -0.023     0.486    -0.230    -1.360    -0.245    -1.271    -0.184     0.792     1.157     1.483
1926     2.179     1.773     1.353     1.459     1.601     1.630     1.050     0.511     0.475     0.817     1.836     1.730
1927     1.529     1.934     1.268     0.913    -0.332     0.340    -0.618    -0.899    -0.801    -0.540    -0.157    -0.355
1928     0.634     0.867     0.693     0.618     0.511     0.525     0.230    -0.448    -1.111    -0.654    -0.137     0.149
1929     0.232    -0.078     0.175    -0.187     0.607    -0.184     0.190    -0.223     1.101     0.356     0.819     1.057
1930     0.416     0.603     0.267    -0.148    -0.498     0.021    -0.784     0.501     0.448     0.633     0.577     0.752
1931     1.523     1.950     2.063     1.683     1.860     1.540     1.561     1.089     0.867     0.641     0.354     0.169
1932    -0.504    -0.316     0.455     1.031    -0.292    -0.161    -0.234    -0.145    -0.472     0.111     0.017     0.139
1933    -0.237    -0.630    -0.475    -0.615    -1.066    -1.452    -2.298    -1.764    -1.818    -0.849     0.057    -0.211
1934    -0.127     0.475     1.035     1.429     1.000     0.114    -0.173     0.841     0.767     1.441     1.700     1.523
1935     0.771     0.594    -0.003     0.382     0.519     0.840     0.118     0.252     0.356     0.649     0.226     1.307
1936     1.693     1.546     1.291     1.198     1.590     1.753     1.834     1.075     0.232     2.027     2.080     1.464
1937     0.181    -0.081    -0.206    -0.491    -0.143     0.970     0.145    -0.454     0.113     0.487     0.573     1.266
1938     1.178     0.343    -0.190     0.134    -0.426    -0.347    -0.228    -0.418     0.099     0.558     0.201     0.629
1939     0.768    -0.378    -0.410     0.152     0.550     0.312    -0.090    -0.387    -0.590    -0.823     0.056     1.829
1940     1.715     1.882     1.956     1.957     2.136     2.469     1.733     1.313     1.280     1.482     1.610     1.903
1941     2.297     2.365     2.209     2.171     2.178     2.107     2.728     3.241     2.100     1.821     1.701     2.203
1942     1.991     0.932     1.275     0.863     1.317     0.884     0.548     0.328     0.298     0.058    -0.048    -0.392
1943    -0.242     0.480     0.474     0.346     0.193    -0.453    -0.627    -1.290    -0.442     0.181     0.350     0.509
1944     0.625    -0.158     0.024    -0.017    -0.561    -0.643    -0.349    -0.025    -0.278    -1.115    -0.614    -0.861
1945    -0.967     0.221    -1.150    -0.825    -0.243     0.304     0.569     0.095    -0.088    -0.386    -0.943    -1.352
1946    -0.932    -0.289    -0.603    -0.218    -1.015    -0.627    -0.083     1.198     0.718    -0.926    -0.837    -1.031
1947    -0.670    -0.207     1.034     0.474     0.168     1.727     0.715     0.569     1.132     1.091    -0.026     0.186
1948     0.371    -0.514    -0.706    -1.006    -0.918    -0.152     0.655    -0.942    -1.155    -1.055    -0.224    -0.524
1949    -2.801    -3.248    -2.155    -1.584    -0.993    -0.816    -0.679    -1.248    -0.979    -1.534    -1.013    -1.143
1950    -1.560    -2.279    -1.972    -1.626    -2.415    -1.828    -2.623    -1.824    -1.613    -1.358    -1.806    -0.832
1951    -1.271    -1.595    -1.563    -0.994    -1.041    -0.849     0.372    -0.843     0.143     0.218    -0.142    -1.377
1952    -2.021    -0.953    -1.174    -1.344    -0.992    -1.772    -1.533    -0.627    -0.530    -0.089    -0.196    -0.710
1953    -0.189    -0.258    -1.022    -0.638    -0.106    -0.223     0.060    -0.510    -0.472    -0.691    -0.305    -0.064
1954    -0.864    -0.843    -0.644    -0.932    -0.283     0.338     0.153    -0.108    -0.733    -0.018     0.849     0.076
1955    -0.289    -1.158    -1.324    -1.950    -1.638    -2.357    -2.332    -1.955    -1.761    -2.796    -2.099    -2.246
1956    -1.954    -2.135    -2.514    -2.355    -1.657    -2.308    -1.438    -0.727    -0.465    -1.569    -1.913    -0.944
1957    -1.281    -1.285    -0.646    -0.545     0.100     1.135     0.450     0.189     1.749     1.647     1.385     0.432
1958     0.681     0.916     0.551     0.627     1.306     1.481     0.440     1.399     1.116     0.490     0.504     1.277
1959     1.122     0.434    -0.161     0.096     0.050     0.404    -0.195    -0.347    -0.196     1.040     1.241     0.858
1960     0.265     0.553     0.442     0.427     0.637     0.853    -0.311    -0.022    -0.622    -0.007     0.059     0.350
1961     0.918     1.038     0.846     0.592    -0.138    -0.267    -0.917    -0.403    -0.862    -1.428    -1.038    -1.471
1962    -0.862    -0.964    -1.033    -0.883    -0.972    -1.689    -1.456    -0.543    -1.312    -1.181    -0.358    -0.145
1963     0.054     0.384    -0.092    -0.248    -0.926    -0.818    -1.037    -0.769     0.825     0.214    -0.426     0.210
1964     0.115    -0.167    -0.867    -1.324    -2.037    -0.816    -1.060    -1.515    -1.082    -0.581    -0.830    -0.948
1965    -0.758    -0.472    -0.249    -0.041    -0.308    -0.515    -0.437     0.785     1.140     0.577     0.594     0.069
1966    -0.627    -0.382    -0.847    -0.160    -0.235     0.005     0.365     0.170     0.290    -0.192    -0.540    -0.323
1967    -0.374    -0.535    -0.699    -1.110    -1.506    -1.416    -1.068    -1.277    -0.354    -0.236     0.006    -0.805
1968    -0.638    -0.317     0.044    -0.620    -0.445     0.092     0.524     0.251     0.471     0.019     0.070    -0.274
1969    -0.712    -1.175    -1.045    -0.882    -0.719     0.985     0.203    -0.423    -0.506     1.195     0.581     0.989
1970     1.107     1.045     1.235     0.293    -0.544    -0.058    -0.508    -1.224    -1.012    -0.986    -0.564    -1.025
1971    -1.280    -1.412    -1.187    -1.308    -1.141    -1.591    -2.014    -0.142     0.038    -0.361    -1.354    -1.769
1972    -1.977    -1.842    -1.282    -1.253    -1.520    -1.212    -0.674     0.278     0.052    -0.014    -0.109    -0.307
1973    -0.459    -0.769    -0.714    -0.836    -0.897    -0.833    -0.566    -0.491    -0.238    -0.630    -1.016    -0.910
1974    -0.690    -1.147    -1.017    -0.471    -0.380    -0.376     0.160     0.429     0.828     0.366     0.512     0.178
1975    -0.479    -0.807    -0.905    -1.281    -1.533    -1.019    -0.427    -0.701    -0.675    -1.124    -1.364    -1.377
1976    -0.859    -0.732    -1.081    -1.023    -0.618    -0.958     0.652     1.249     0.854     1.353     1.457     1.151
1977     1.230     1.369     0.743     0.053    -0.071     0.425     0.233     0.556    -0.036    -0.187     0.236     0.168
1978     0.814     0.960     1.309     1.146     1.149     0.779    -0.996    -0.247    -0.342     0.316     0.172    -0.334
1979    -0.112    -0.828    -0.313     0.007     0.802     0.410     0.352     0.583     1.213     1.386     0.631     0.484
1980     0.390     0.985     0.895     0.895     1.086    -0.273     0.024     0.383     0.312     1.412     1.105     0.891
1981     1.440     1.544     1.474     1.430     1.522     2.107     1.191     0.720     0.964     0.139     0.688     0.765
1982     0.222     0.058     0.004    -0.347    -0.625    -0.547     0.748     0.663     1.130     0.506    -0.311     0.163
1983     0.373     1.038     1.673     1.473     1.335     1.805     2.757     1.641     0.721     0.870     1.104     1.257
1984     1.216     1.099     1.366     0.967     0.905    -0.018    -0.085     0.410     0.527     0.555     0.508     0.392
1985     0.842     0.546    -0.052    -0.114    -0.280     0.362     0.897     0.903     0.614     0.276    -0.582     0.390
1986     0.853     1.611     1.913     1.305     0.853     1.121     1.402     0.646     0.679     1.278     1.594     1.516
1987     1.565     1.694     1.552     1.664     1.644     0.896     1.800     2.299     2.008     1.152     1.010     0.854
1988     0.517     0.461     0.605     0.483     0.670     0.364     0.257     0.145    -0.298     0.111    -0.095    -0.231
1989    -1.153    -1.300    -0.987    -0.243    -0.118    -0.086     0.308    -0.066    -0.257    -0.351    -0.660    -0.348
1990    -0.471    -0.776    -0.810    -0.095    -0.025    -0.138    -0.113    -0.069     0.031    -1.049    -1.581    -1.830
1991    -1.644    -0.856    -0.982    -1.392    -1.281    -2.012    -1.002    -0.275     0.125     0.302     0.456    -0.202
1992    -0.031     0.488     0.280     0.728     1.519     1.494     1.680     1.285     0.858     1.172     0.928     0.245
1993    -0.256     0.257     0.620     1.009     1.523     1.934     1.581     2.163     1.359     1.332     0.830     0.589
1994     0.804     0.371     0.452     0.704     0.613    -0.075    -0.361    -0.806    -0.932    -0.897    -2.012    -2.167
1995    -0.941    -0.303     0.232     0.460     1.008     0.952     1.375     0.337     1.470     0.534    -0.017     0.092
1996     0.502     0.580     0.759     1.164     1.783     1.082     0.498     0.449     0.359     0.170     0.324    -0.053
1997     0.431     0.425     0.498     0.547     1.381     1.986     1.151     1.746     1.616     1.325     1.067     0.907
1998     0.854     1.428     1.357     0.643     0.219     0.269    -0.271     0.064    -0.488    -1.033    -0.406    -0.607
1999    -0.424    -0.679    -0.552    -0.908    -1.509    -1.741    -1.172    -0.895    -1.306    -1.756    -1.499    -1.546
2000    -1.685    -1.000    -0.508    -0.111    -0.484    -0.843    -0.667    -0.956    -1.016    -1.110    -1.187    -0.639
2001    -0.135    -0.347    -0.104    -0.504    -0.415    -0.741    -1.447    -0.884    -1.102    -0.813    -0.607    -0.701
2002    -0.262    -0.868    -0.465    -0.588    -0.788    -0.811     0.140     0.138    -0.043    -0.080     0.753     1.003
2003     0.972     0.693     0.763     0.528     0.102     0.186     0.625     0.778    -0.201     0.413    -0.354    -0.448
2004    -0.170    -0.088     0.157     0.208     0.332    -0.441    -0.020     0.399    -0.027    -0.681    -1.186    -1.044
2005    -0.467    -0.013     0.576     0.125     0.824     0.267     0.017    -0.091    -0.851    -1.676    -1.680    -0.459
2006     0.301     0.303    -0.194    -0.231    -0.061     0.185     0.283    -0.582    -0.968    -0.486    -0.671    -0.532
2007    -0.640    -0.416    -0.653    -0.229    -0.259    -0.118     0.978     0.273    -0.476    -1.778    -1.578    -1.013
2008    -1.574    -1.396    -1.193    -1.543    -1.423    -1.490    -1.209    -1.201    -1.148    -1.405    -1.278    -1.173
2009    -1.553    -1.444    -1.677    -1.519    -0.768    -0.550    -0.397     0.017     0.579     0.083    -0.672    -0.669
2010    -0.172     0.069    -0.184    -0.078     0.006    -0.653    -1.181    -1.517    -1.629    -1.160    -1.157    -1.686
2011    -1.563    -1.160    -1.043    -1.056    -1.001    -1.528    -2.111    -1.828    -1.693    -1.467    -2.513    -2.196
2012    -1.735    -1.197    -1.304    -0.594    -1.305    -1.026    -1.364    -1.466    -1.850    -0.587    -0.613    -0.967
2013    -0.820    -1.160    -0.943    -0.638    -0.209    -0.925    -1.022    -1.161    -0.659    -1.169    -0.815    -1.289
2014    -0.692    -0.464     0.243     0.426     1.065    -0.428     0.229     0.137     0.119     0.552     0.707     1.257
2015     1.006     0.935     0.942     0.561     0.213     0.463     1.355     0.792     0.882     0.759    -0.198    -0.187
2016     0.470     0.866     1.438     1.592     1.489     1.199     0.618     0.027    -0.283    -0.316     0.601    -0.187
2017    -0.433    -0.008    -0.015     0.285     0.199     0.079    -0.185     0.003     0.242    -0.374    -0.731    -0.277
2018    -0.176    -0.501    -0.908    -0.516    -0.402    -0.727    -0.340    -0.088    -0.218    -0.651    -0.869    -0.339
2019    -0.411    -0.497    -0.422     0.190     0.166    -0.146     0.092    -0.203    -0.351    -1.239    -0.884    -0.472
2020    -1.158    -1.283    -1.819    -1.592    -0.787    -1.049    -1.070    -1.304    -1.248    -0.908    -1.975    -1.552
2021    -1.019    -1.379    -1.683    -1.473    -1.699    -1.712    -1.515    -0.938    -1.846    -2.633    -2.261    -2.376
2022    -2.239    -2.035    -1.732    -1.867    -2.220    -1.299    -1.985    -1.673    -1.568    -1.423    -2.149    -1.955
2023    -1.227    -1.546    -1.907    -2.421    -1.659    -1.905    -1.878    -1.858    -2.353    -1.766    -1.772    -1.709
2024    -1.345    -1.249    -1.129    -1.505    -2.287    -2.374    -1.789    -1.807    -2.695    -2.883    -2.796    -2.073
2025    -1.495    -1.454    -1.211    -1.082    -1.422    -2.379    -3.392    -2.565    -1.990    -2.227    -1.630    -1.381
-9999
PDO from HadISST 1.1
https://psl.noaa.gov/pdo/
Using EOF from 1920 to 2014 for N Pacific (see webpage)
Date produced Mar 17 2026
SST interpolated to a 2x2 grid 
 
