  1948        2025
 1948    3.890   0.150  -1.090   7.290  -2.350   7.610   3.460   2.600   0.160  -4.930  -5.010 -12.900
 1949   -3.780  -4.470  -4.210  -3.700   3.380   2.230  -0.630  -0.800  -0.490  -2.590   1.680  -1.550
 1950    8.800   0.270  -5.000   0.520  -4.530  -1.560   0.570   0.190  -0.220  -3.370   9.440   2.950
 1951  -10.500  -4.050   5.340   1.580   2.950   4.510  -3.850  -1.410   0.910  -3.280 -13.050  -8.730
 1952   -6.680  -9.160 -13.700  -0.940   2.250  -6.220   1.950   0.230  -0.730   1.030  -8.440  -7.100
 1953   -0.060 -11.790  -5.570  -0.370  -7.120  -4.600  -2.770  -2.230  -3.830  -5.260  -9.220  -6.680
 1954   -1.620   4.320   7.360  10.810   5.080   0.940   0.490   0.100  -0.850  -0.700   1.540  -2.090
 1955  -11.350  -4.920   0.210  -3.870  -3.850  -1.000  -3.260  -4.250  -5.510  -2.540  -1.300   3.450
 1956    2.850  -2.060  -4.640   2.050  -3.630  -4.480   0.410  -1.240  -1.160  -4.510   5.630   5.310
 1957   -3.250   8.570   1.590   1.670   4.020   4.590  -4.150  -3.520   1.850   4.900   3.170  -2.290
 1958   -3.490  11.610   4.790  -3.910  -0.520   0.260   2.920  -1.640  -1.320  -0.170   5.820   6.370
 1959    5.370   4.760  -6.170   5.930   2.910   3.850   2.610   3.040  -2.100  -1.600   1.210  -7.010
 1960   -7.170  -0.840   6.170   0.430  -0.630   3.110   0.440  -4.170  -4.090   0.590  -6.600   2.620
 1961    6.020 -12.280  -1.030   1.820  -0.950   1.310   2.310  -1.420   0.020   1.050  -1.280 -10.340
 1962   -3.980   3.720   3.270   1.270  -2.040   4.730  -0.360  -1.000  -3.870  -0.070  -7.130   8.670
 1963   10.220  10.390   2.490   1.370   0.920   0.150  -3.720  -3.480  -0.560  -2.070  -0.530   5.190
 1964  -13.300 -12.160  -4.610  -2.030   2.710   2.940  -0.520  -2.470  -4.760  -1.400   1.270   5.040
 1965    5.330   0.080   4.360   3.430  -1.520  -2.660   0.190  -1.150   1.370   4.450   6.100  -8.800
 1966   -8.640   3.140   3.040   8.700   8.830   2.030   0.640   2.030   2.930   2.240   7.820  -0.620
 1967   -7.040  -6.270   7.800   7.180   3.210   4.940   2.150   1.330   4.500   3.440   1.480  13.580
 1968   12.840  23.860   5.480  11.890  10.310   2.410  -0.010   4.240   5.810   7.480   2.090   8.200
 1969   17.340  -5.600  -0.870  -4.250   0.440   1.600  -1.730  -4.290  -4.860   0.540  -5.020  -5.210
 1970    7.210   0.450  -6.580  -7.730  -1.790  -0.770   0.530  -2.630  -3.830  -2.320   3.500 -12.700
 1971    7.440  -8.080  -4.060  -4.430  -1.220   0.050   0.070  -2.500  -7.380  -5.990  -6.320  -5.720
 1972   -0.060   1.300  13.120  -2.060   0.280   1.910  -3.300  -0.050  -4.400  -3.690 -12.270   0.310
 1973   -9.940  -7.860 -16.350  -3.140  -1.030  -3.800   1.300  -2.440  -3.900  -2.620  -0.950   2.230
 1974    7.140  -9.680   7.110  -1.030  -1.730  -2.880  -3.970   0.760   0.650  -4.070  -1.200  -8.570
 1975   -5.920  -0.890  -9.330  -8.600  -3.110  -3.840  -2.860  -5.380  -5.390  -8.710  -3.160  -0.390
 1976   -1.740  -4.340   0.530  -4.510  -7.930  -1.810  -2.540  -2.500   4.950  -1.100   2.650  -4.600
 1977   -1.270  -8.770 -11.150   1.550  -1.680  -0.350  -2.210   1.750   4.670   0.160   1.390   6.940
 1978    2.210   7.810   4.790   3.990  -1.270   4.430   5.440   2.800  -1.430   4.910   3.970  -0.990
 1979   -2.090  -4.740   0.900   4.470  -1.080  -2.520   1.370   3.670  -3.420  -0.170   2.340   5.490
 1980   12.470  13.540  -5.250  -2.300  -1.490   0.080  -0.220   0.180   0.770  -0.770   0.110  13.480
 1981    6.370   3.640  -0.020   1.070  -0.220  -0.610  -0.010   2.680   1.970   2.390   0.220   1.420
 1982   -2.100  12.600   2.590   8.620   0.180   5.480   4.010   1.220   1.780   4.900  -2.100  -5.770
 1983   -3.160  -3.250  -2.530  -8.780 -13.850 -10.490 -12.320 -10.170  -8.230  -4.350  -1.810  10.550
 1984   -5.920  -9.880  -0.530  -9.420  -4.840  -3.100  -1.560  -0.170   0.670  -0.320  -3.340  -2.230
 1985    6.260  -4.330  -4.910   3.270   0.930   5.360   4.890   1.210   3.490   4.520  13.600   9.010
 1986    7.750  18.840   3.620   0.530   3.710   2.720   4.550   4.220   9.070   5.460   0.720  -0.630
 1987   -7.590   4.950   5.090  -2.460   6.380   0.730   0.750   1.570   1.650  -0.110  -5.490  -5.600
 1988   -5.980  -4.850  -4.010  -0.250  -0.640  -0.020   3.220   3.510  -1.800   3.470   0.650   1.360
 1989  -12.110   1.110   8.040   5.940   0.110   2.270  -2.640   0.460  -1.870   3.470   8.670  12.640
 1990   -4.950   7.810   1.880   6.030  -1.730  -1.090   4.260   2.880   2.380   0.720   3.440   2.850
 1991    5.040   9.110  -1.120   0.290   0.820   1.810   2.130   0.820   8.330   7.970   0.970   1.890
 1992   -1.650   8.180  -0.120   7.160   9.550   0.130   4.850   3.890   7.950   5.250   7.060  -0.330
 1993   16.260   9.500   2.740  -4.050   1.390  -0.980   1.040   4.470   3.010   8.670  -0.040  -4.960
 1994    0.330   0.930   3.290   2.490  -1.170   0.720   5.320   4.360   7.890   8.040  -5.100  -9.810
 1995    1.090  13.660  12.630   5.390   4.600   1.920   1.440  -2.720   4.180   0.000   6.730   7.510
 1996    1.380   7.340   8.870  -0.250   5.140   0.620  -0.020   2.930  -0.160   0.800   5.750   9.810
 1997    9.120  -8.740   5.980   5.010  11.700  -2.530  -3.000   1.190  -3.250  -4.670  -3.840 -13.310
 1998   -5.750 -13.630  -7.030 -14.130 -11.480  -9.110  -7.360  -5.570  -5.870 -12.220 -10.450 -13.500
 1999  -11.490 -14.010 -11.490  -9.520  -3.610  -0.540  -1.800  -0.770  -1.830  -2.760   0.280   3.420
 2000   -4.950  -6.550 -10.940  -7.420  -3.840   2.130  -0.070   0.110   2.670  -2.820  -2.170   2.730
 2001  -11.410  -7.960  -6.030  -8.810  -2.040   0.510   1.410  -0.150   1.900  -0.490   3.960  -1.540
 2002   -3.560  -6.910   0.800   4.200   1.260  -2.630   3.910   0.160   0.030   0.120  -0.150  -5.070
 2003    7.820  -0.820   1.120  -2.960  -0.470   5.090   0.030   3.310   3.020   1.500  -2.070  -2.630
 2004    5.430  -0.890  -0.480   1.610   1.900  -0.410   2.150   4.290  -0.360  -0.700  -0.270  -2.270
 2005    6.660   3.860   8.540  -3.040  -0.560  -5.340  -3.120   3.650  -1.470  -5.240   1.700   6.460
 2006  -16.620  -2.610   1.850  -8.040   0.190   1.580   2.950  -0.030  -2.950   5.960  -1.790  -8.530
 2007   -9.180  -6.240  -0.440  -5.930  -2.380  -4.860  -2.440  -1.660  -3.440  -5.910   0.690  -6.190
 2008  -12.950  -6.950  -7.340  -5.530  -4.450  -4.240  -0.340  -4.810  -3.170  -4.590  -9.290  -2.810
 2009   -5.910 -14.030  -5.370  -1.380   5.710  -1.870  -3.750   3.310  -2.730   2.060  -6.790   5.210
 2010    4.020  -3.540  -8.730  -6.950  -9.620  -5.570  -2.500  -5.590  -0.890  -3.310  -3.990   1.940
 2011   -3.850  -7.200  -7.650  -6.810 -10.740  -9.940  -9.490  -4.680  -6.010  -3.000  -7.200  -9.750
 2012   -5.730 -11.760  -7.190  -7.770  -8.340  -8.540 -10.060  -7.970 -11.400  -2.900  -1.330  -4.710
 2013   -6.380 -16.040  -0.380  -0.220  -0.560  -3.290   0.170   0.790  -6.620  -2.010  -1.010  -4.910
 2014    3.770   5.140   7.190  -5.780  -1.100  -5.050   1.400   8.250   0.090   0.140   3.660   1.480
 2015    7.960  12.080   6.720  -0.820   1.540   1.430   9.820  10.380   8.900  10.150 -10.680 -17.340
 2016   -3.240  -2.650   1.810  -4.480  -0.970   1.240   3.060   2.220  -0.140  -1.680  -5.440  -2.380
 2017   -5.730  -2.560  -3.090  -0.830  -6.680  -0.410  -1.500   0.790   4.090   2.090   4.120  11.340
 2018   -5.440   3.120   7.310   7.330   5.340   6.500   3.660  11.610   8.740   8.070  -0.040  -9.000
 2019   -4.100   5.890   2.710  -2.450   6.590   0.970   1.830   1.680   8.820   4.120   6.400   1.100
 2020  -10.900  -6.370  -0.000   6.590   2.560   2.470   0.430   2.640   2.770   7.860  -0.660  -9.000
 2021  -17.070  -7.060  -7.080   4.650  -1.400   2.550  -1.880   5.250  -3.210  -0.390   1.340   2.260
 2022    3.800  -2.130  -1.840  -2.400   3.060   5.980  -0.640   6.060   7.880   8.010   2.080   4.200
 2023   -3.290 -14.910   8.790   1.920   0.610  -3.590  -6.570  -5.010  -8.020  -0.630  -5.010  -5.370
 2024    1.300  -6.160  -6.110  -2.670  -1.640  -1.230  -0.050   8.040   1.020  -2.210  -4.180  -2.020
 2025   -1.860  -4.340 -11.450  -4.020 -99.000 -99.000 -99.000 -99.000 -99.000 -99.000 -99.000 -99.000
  -99.0
  Wind PMM
 https://psl.noaa.gov/data/timeseries/month/PMM/
 orig from 
 https://www.aos.wisc.edu/dvimont/MModes/Data.html
