 1923 2025
1923            3.55	1.01	0.44	8.89	0.27	1.29	0.00	0.00	1.87	0.99	0.25	1.09
1924            1.30	0.85	5.06	1.89	0.35	0.00	0.00	0.00	0.00	3.47	4.37	7.53
1925            1.59	6.31	5.85	3.39	1.54	1.30	0.72	0.06	0.01	1.93	1.07	1.87
1926            1.95	6.76	1.53	6.22	1.28	0.13	0.00	0.00	0.00	0.23	10.94	1.64
1927            3.41	11.48	3.03	2.79	0.78	0.03	0.00	0.03	0.04	2.63	4.15	2.24
1928            1.34	1.67	6.03	1.80	0.94	0.00	0.00	0.00	0.00	0.07	3.55	4.24
1929            1.86	2.77	5.17	3.55	0.05	2.19	0.04	0.00	0.28	0.00	0.39	0.75
1930            6.60	5.80	4.24	1.26	2.99	0.01	0.00	0.00	0.36	0.12	4.26	0.00
1931            5.19	2.71	1.12	2.22	1.26	1.26	0.04	0.53	0.06	0.11	3.83	12.65
1932            5.56	8.12	0.98	2.38	2.03	0.08	0.01	0.00	0.06	0.13	0.24	2.38
1933            12.88	0.80	3.29	1.07	2.95	0.39	0.00	0.09	0.00	1.28	0.17	5.59
1934            2.85	3.57	0.29	0.01	1.35	0.67	0.00	0.01	0.19	1.32	4.66	3.34
1935            5.04	3.47	5.82	8.41	0.81	0.00	0.04	0.54	0.01	1.41	1.04	3.32
1936            3.27	17.83	4.33	3.49	0.61	0.61	0.29	0.12	0.00	2.52	0.09	10.14
1937            5.70	13.40	6.31	2.93	0.06	0.04	0.18	0.00	0.01	0.40	0.56	12.53
1938            4.41	11.01	12.17	4.84	0.76	0.24	0.16	0.17	0.34	2.28	1.04	2.32
1939            4.12	5.12	4.36	2.07	0.77	0.34	0.02	0.15	2.29	1.90	0.04	0.78
1940            15.46	13.23	4.14	1.91	0.14	0.03	0.00	0.00	0.00	3.44	0.59	11.03
1941            6.62	10.47	3.98	5.46	0.40	0.21	0.00	0.31	0.00	1.45	1.33	11.33
1942            4.67	3.10	4.04	4.87	1.41	0.00	0.00	0.06	0.01	0.22	2.88	5.06
1943            12.83	3.74	14.44	2.62	0.62	0.01	0.00	0.00	0.00	1.62	1.11	2.95
1944            4.95	7.18	3.18	3.30	1.10	0.27	0.00	0.00	0.04	0.75	6.92	2.63
1945            1.18	11.10	10.76	1.04	1.29	1.34	0.04	0.20	0.28	3.37	2.95	9.04
1946            1.97	2.63	5.76	0.50	1.16	0.00	0.19	0.00	0.00	2.71	8.01	5.45
1947            0.85	2.28	2.51	2.14	1.06	0.00	0.00	0.05	0.09	1.92	0.94	1.49
1948            0.03	3.81	7.33	7.56	1.33	0.16	0.00	0.00	0.00	0.24	0.08	3.54
1949            4.79	3.94	5.75	0.27	1.52	0.00	0.01	0.17	0.00	0.02	3.35	3.71
1950            6.30	5.08	3.47	2.58	0.68	0.00	0.06	0.06	0.45	2.16	13.71	6.25
1951            4.33	2.75	1.57	3.74	0.42	0.03	0.00	0.00	0.00	1.58	2.88	13.84
1952            11.41	2.56	9.45	2.45	0.00	0.13	0.23	0.00	0.26	0.00	3.49	7.66
1953            5.53	0.13	3.19	4.12	1.22	0.58	0.02	0.04	0.00	0.62	2.09	1.82
1954            5.55	4.93	8.00	1.97	0.15	0.71	0.03	0.00	0.01	0.00	3.07	3.84
1955            6.84	4.70	0.28	2.80	1.54	0.12	0.00	0.02	0.14	0.00	3.24	17.12
1956            8.27	1.90	0.48	4.16	2.16	0.00	0.12	0.00	0.01	1.61	0.02	1.38
1957            4.45	3.43	2.66	3.00	5.51	0.41	0.01	0.00	0.49	2.12	2.12	5.00
1958            5.74	7.40	10.72	5.81	1.48	0.20	0.13	0.21	1.60	0.05	0.91	0.31
1959            2.22	6.65	0.47	1.22	0.54	0.00	0.00	0.03	1.03	0.05	0.00	1.74
1960            3.55	8.65	2.83	2.82	0.25	0.00	0.10	0.00	0.23	0.67	3.87	1.85
1961            1.41	0.72	4.16	1.11	0.91	0.12	0.03	0.57	0.29	0.14	3.27	1.78
1962            4.17	13.42	4.14	0.28	0.85	0.10	0.02	0.00	0.17	1.00	0.17	0.04
1963            6.45	8.23	4.72	7.09	1.04	0.58	0.00	0.54	1.02	1.77	5.23	0.66
1964            2.38	0.36	4.30	2.46	2.01	0.42	0.01	0.05	0.54	1.55	5.77	8.93
1965            5.24	1.13	2.43	5.30	0.20	0.07	0.21	0.62	0.60	0.25	5.62	5.40
1966            1.73	2.41	0.59	1.00	0.32	0.28	0.01	0.04	0.06	0.01	4.35	19.16
1967            6.18	0.99	6.14	11.01	0.87	0.22	0.00	0.10	1.04	0.00	3.42	3.92
1968            3.00	1.95	3.14	0.98	0.38	0.13	0.03	0.07	0.00	2.00	2.96	6.18
1969            20.90	14.02	3.93	3.55	0.39	1.83	0.32	0.02	0.16	1.15	1.41	2.87
1970            9.85	2.02	4.22	1.43	0.15	0.20	0.17	0.04	0.00	0.03	6.67	6.06
1971            2.34	1.21	1.87	1.72	2.58	0.10	0.22	0.17	0.36	0.51	2.45	6.29
1972            1.75	1.33	0.25	1.62	0.50	0.85	0.00	0.06	0.86	0.93	5.79	4.42
1973            9.44	7.28	7.43	1.10	0.89	0.12	0.05	0.01	0.00	1.61	4.60	4.14
1974            7.60	1.01	6.88	3.78	0.57	0.05	0.49	0.38	0.05	2.32	1.16	2.81
1975            2.30	6.01	7.98	4.11	0.71	0.22	0.07	0.32	0.68	3.39	1.36	0.90
1976            0.09	3.41	3.25	2.19	0.41	0.17	0.75	0.29	4.66	1.02	0.29	0.47
1977            2.22	1.53	1.33	0.13	2.78	0.63	0.08	0.37	0.03	0.41	1.02	10.04
1978            8.51	10.83	9.27	5.52	0.49	0.02	0.16	0.07	3.57	0.00	0.93	3.37
1979            5.10	7.07	5.52	0.41	0.70	0.05	0.06	0.05	0.35	1.94	2.14	1.93
1980            14.72	11.59	4.62	1.59	1.68	0.26	0.17	0.00	0.04	0.38	0.10	1.79
1981            6.05	2.76	5.99	1.79	0.95	0.00	0.02	0.03	0.06	3.04	2.93	3.01
1982            8.04	3.16	9.66	6.77	0.25	0.82	0.43	0.04	3.97	3.91	7.83	8.19
1983            8.24	9.56	11.10	3.90	1.06	0.08	0.10	1.25	0.93	0.57	9.21	8.54
1984            0.18	3.48	2.37	1.52	0.05	0.34	1.22	0.49	0.18	1.61	7.22	2.99
1985            2.17	3.05	6.22	0.28	0.09	0.27	0.17	0.05	0.98	1.24	6.69	3.37
1986            5.40	14.12	8.25	2.04	0.36	0.02	0.16	0.00	1.61	0.52	0.66	0.90
1987            3.19	4.40	4.66	1.11	0.81	0.27	0.03	0.06	0.05	2.00	2.52	4.28
1988            5.82	0.71	0.95	3.49	1.51	0.54	0.58	0.40	0.05	0.00	4.61	5.53
1989            1.39	3.59	4.88	1.09	1.58	0.13	0.17	0.14	1.72	1.36	1.00	0.02
1990            4.32	4.15	3.32	1.13	2.44	0.06	0.10	0.02	0.51	0.03	1.41	1.35
1991            1.30	1.39	15.04	1.55	0.72	0.10	0.26	0.07	0.16	2.17	1.77	1.84
1992            2.28	6.86	3.19	0.26	0.32	0.18	1.91	0.19	0.04	3.91	0.09	6.92
1993            11.53	7.95	4.07	0.89	0.10	2.05	0.02	0.00	0.03	0.56	2.99	2.30
1994            1.76	6.69	1.61	3.01	1.49	0.00	0.00	0.00	0.55	1.53	4.30	2.45
1995            11.40	3.44	13.21	3.00	4.41	1.54	0.07	0.09	0.01	0.00	0.02	4.06
1996            8.01	9.80	4.25	2.87	1.13	0.16	0.12	0.03	0.04	1.46	7.31	10.70
1997            13.10	0.70	0.19	0.22	0.00	0.20	0.21	0.10	0.73	0.76	4.42	4.33
1998            7.11	14.41	7.41	4.80	5.35	3.96	0.16	0.15	1.29	0.80	2.47	1.54
1999            7.23	3.20	2.39	2.93	0.86	0.64	0.17	0.26	0.28	0.01	1.41	0.10
2000            6.48	11.87	2.75	2.28	1.42	0.50	0.03	0.12	0.35	3.39	0.54	0.26
2001            4.78	6.69	1.22	5.11	0.05	0.00	0.29	0.00	0.00	0.68	5.80	7.58
2002            2.37	1.03	4.93	0.87	1.50	0.03	0.10	0.00	0.00	0.12	9.40	6.41
2003            0.34	3.83	3.23	4.92	2.85	0.00	0.27	0.34	0.14	0.07	2.00	7.20
2004            2.79	5.53	2.06	0.26	0.11	0.00	0.00	0.07	0.03	3.76	2.54	5.76
2005            9.56	2.52	7.67	2.32	3.81	0.05	0.12	0.27	0.17	0.42	0.35	6.10
2006            8.51	2.80	8.88	7.27	0.87	0.07	0.64	0.02	0.02	0.51	0.48	3.84
2007            1.22	5.55	2.31	1.96	0.20	0.02	0.00	0.08	0.37	0.66	0.50	4.72
2008            8.50	8.23	0.98	0.17	1.02	0.15	0.63	0.02	0.02	0.31	3.52	5.13
2009            2.51	5.80	3.30	1.81	1.35	1.14	0.02	0.01	0.03	3.56	0.46	7.04
2010            5.90	7.12	3.26	5.62	0.72	0.08	0.05	0.05	0.01	2.65	4.95	18.68
2011            2.07	3.31	7.98	1.56	2.53	0.88	0.58	0.29	0.14	2.26	2.07	0.07
2012            5.04	1.73	4.69	4.58	0.28	0.10	0.07	0.21	0.09	0.79	1.94	6.57
2013            1.86	1.56	1.06	0.66	0.61	0.03	0.61	0.33	0.04	0.70	0.71	0.94
2014            1.10	4.04	2.26	3.21	0.74	0.02	0.02	0.17	0.25	0.80	0.90	4.60
2015            0.50	3.30	0.20	0.90	0.90	0.50	0.80	0.00	0.10	1.50	3.60	4.80
2016            8.60	1.10	4.10	1.50	0.40	0.10	0.00	0.03	0.00	1.60	1.90	7.10
2017            19.30  10.70    2.30    2.60    0.20    0.10    0.00    0.20    0.50    0.10    1.80    0.10
2018            2.50    0.70    9.80    2.40    0.20    0.00    0.30    0.00    0.00    1.50    4.90    1.90
2019            5.63    9.69    7.51    0.59    4.57    0.34    0.14    0.01    0.10    0.00    2.83    4.63
2020            0.73    0.55    3.49    5.21    1.10    0.05    0.00    0.01    0.00    0.00    0.80    1.79
2021            4.07    0.93    1.74    0.24    0.01    0.01    0.17    0.05    0.10    2.61    0.21   10.20
2022            0.00    0.48    1.40    1.15    0.00    0.18    0.05    0.34    0.41    0.00    3.46    7.31
2023           13.08    7.13   18.52    0.12    0.42    0.37    0.01    2.90    0.09    0.18    0.98    1.50
2024            3.25    8.31    3.90    1.93    0.71    0.00    0.00    0.10    0.05    0.01    4.93    0.35
2025            0.50    7.60    6.26    1.82    0.13    0.08    0.02    0.30    1.01    2.35    4.21    4.59
 -99.00
 6 station S Sierra
 http://cdec.water.ca.gov/cgi-progs/precip1/6STATIONHIST
 https://cdec.water.ca.gov/cgi-progs/products/TAB_TSI.pdf
 http://cdec.water.ca.gov/dynamicapp/QueryWY?Stations=6SI&SensorNums=45&End=2021-08-05&span=7%20years
 time series made available at NOAA PSL
 old values are subject to change.
 https://cdec.water.ca.gov/dynamicapp/QueryMonthly?s=6SI
 units=inches
