  1948         2026
1948   -2.85   -6.89   -7.71   -6.87   -6.01   -6.93   -8.85  -10.84  -11.72  -10.21   -8.91   -9.11
1949   -8.38   -9.80   -9.57   -8.27   -7.70   -8.32   -8.75   -9.36   -9.15   -9.18   -8.27   -8.34
1950   -9.34  -10.12  -10.03   -8.13   -6.32   -7.16   -7.53   -8.00   -7.34   -6.53   -6.40   -6.41
1951   -7.13   -8.23   -5.88   -2.64   -0.02   -1.09   -3.44   -6.09   -7.03   -6.81   -5.66   -6.32
1952   -8.02   -8.14   -7.76   -6.12   -4.70   -5.64   -7.85   -9.95   -8.53   -7.63   -7.32   -6.33
1953   -7.55   -7.81   -5.95   -2.70   -0.27   -0.08   -1.51   -2.76   -2.47   -1.11   -1.86   -3.31
1954   -4.85   -5.06   -4.73   -4.30   -4.70   -7.16  -10.50  -12.98  -13.33  -13.92  -13.37  -12.01
1955   -9.85   -7.96   -5.76   -3.11   -0.52   -0.78   -0.77   -0.08    1.32    1.81    2.67    0.99
1956   -1.18   -3.69   -3.31   -1.09   -1.77   -5.65   -9.17  -11.54  -11.54  -11.76  -11.86  -11.67
1957  -10.81   -8.89   -8.24   -6.77   -4.88   -4.27   -3.39    0.02    1.88    4.19    6.68    5.54
1958    3.84    2.98    2.88    5.56    4.62    0.27   -2.99   -5.91   -6.72   -7.05   -7.39   -6.98
1959   -9.02   -8.78   -8.14   -8.64  -10.88  -11.85   -9.78   -3.44    1.30    4.70    6.39    4.48
1960    1.48    0.32    0.58    2.73    2.26   -2.99   -8.39  -12.43  -12.72  -11.37   -9.80  -10.83
1961  -10.14   -9.66   -8.11   -6.19   -3.19   -0.14    0.29    0.57    1.86    3.75    6.35    6.15
1962    3.72    2.85    5.71    8.13    6.08    0.55   -3.08   -5.48   -5.67   -5.32   -5.71   -6.22
1963   -8.06   -8.03   -8.89   -8.86  -10.61  -13.97  -16.33  -14.21  -10.23   -4.18    0.30    2.00
1964    1.35    1.39    2.38    3.81    5.07    4.74    2.35    2.25    2.42    3.92    4.89    3.55
1965    1.93    1.40    2.92    2.70    2.31   -2.15   -6.53   -9.05   -9.91  -10.41   -9.99  -10.73
1966  -14.15  -13.92  -12.47  -10.44   -8.83   -5.97   -2.66   -0.75    1.12    2.99    5.69    6.67
1967    5.81    6.42    7.01    7.25    7.26    4.70    1.26    0.13    1.03    1.43    1.52    0.77
1968   -1.26   -2.28   -0.08   -0.31   -2.07   -6.35  -11.27  -13.46  -13.39  -12.28   -9.63   -9.08
1969   -9.93   -9.00   -8.27   -5.72   -1.33    0.71    2.20    2.28    4.34    7.13    8.08    5.96
1970    3.82    3.87    1.53    1.75    1.05   -3.47   -8.05  -11.47  -13.12  -13.48  -13.04  -13.07
1971  -12.82  -12.11   -9.61   -6.76   -3.80   -0.99    0.74    1.23    2.30    2.90    5.40    6.49
1972    6.25    6.81    8.06    9.07    7.29    2.12   -5.36  -10.74  -11.57  -12.62  -12.11  -12.78
1973   -9.38   -8.58   -5.61   -1.12    2.54    4.71    2.36    0.95    2.07    4.20    6.12    6.28
1974    1.70    2.24    4.06    5.83    4.41   -0.47   -3.42   -6.56   -8.70   -9.69   -9.49  -10.38
1975  -10.97  -11.79  -10.90   -9.64   -8.77   -7.53   -4.59   -2.40   -0.05    3.09    5.82    5.72
1976    4.56    3.47    5.42    8.18    9.33    7.62    3.57    0.25    0.33    1.59    1.84   -0.91
1977   -4.26   -4.84   -5.42   -3.41   -4.42   -8.77  -12.40  -14.08  -12.38  -10.19   -8.69   -5.62
1978   -4.45   -2.19    1.47    5.55    8.40    7.05    4.97    3.79    4.32    5.80    6.62    4.70
1979    7.39    8.85    6.04    5.87    5.49    1.44   -5.53   -8.77  -10.55  -11.27  -11.07  -10.57
1980   -8.63   -8.83   -7.98   -6.64   -4.69   -2.11    0.75    2.47    4.92    6.79    8.19    8.42
1981    5.58    4.28    5.03    7.28    7.54    4.26    1.94   -0.04   -0.55   -0.62   -0.61   -2.25
1982   -2.85   -5.48   -5.31   -5.02   -6.53  -11.44  -14.11  -12.06   -8.05   -3.01    2.56    5.75
1983    5.70    5.16    4.72    7.32   10.29    8.75    5.72    3.29    2.81    2.53    1.97    0.16
1984   -0.91   -1.56   -1.68   -0.03   -1.86   -6.61  -12.39  -14.64  -14.66  -13.95  -12.60   -9.97
1985   -7.99   -6.83   -4.89    0.69    4.86    5.65    5.08    5.69    6.61    8.25    8.06    6.53
1986    5.79    6.15    8.34    8.88    9.30    8.13    3.27    0.43    0.44    2.65    1.74   -0.09
1987    0.01   -0.53   -1.94   -3.67   -7.20  -10.53  -14.71  -13.42   -7.95   -1.18    3.68    3.48
1988    3.81    4.06    3.48    5.55    7.17    7.13    4.84    3.40    4.06    4.53    4.79    3.28
1989    3.60    2.15    2.44    5.64    4.46    0.33   -3.72   -5.75   -7.29   -8.01   -8.01   -8.43
1990   -7.64   -7.32   -7.24   -5.85   -0.81    2.95    4.78    5.87    5.78    7.64    9.05    8.98
1991    6.91    5.79    6.42    7.16    7.66    4.28   -0.30   -3.51   -2.57   -0.97   -0.97   -1.93
1992   -2.04   -1.81   -3.13   -3.66   -4.78   -9.20  -13.34  -14.19  -11.45   -7.99   -5.51   -1.32
1993    3.63    4.47    4.65    7.60   10.79    9.58    6.41    4.00    4.70    4.61    3.76    2.87
1994    1.85    0.63    1.19    0.18   -3.13  -10.58  -15.50  -16.92  -17.88  -14.79   -9.09   -3.78
1995    0.03    1.71    2.78    5.49    8.27    8.98    8.61    7.56    5.49    5.78    4.71    2.98
1996    2.54    2.70    1.90    3.06   -0.73   -5.86  -10.65  -12.99  -12.93  -12.89  -11.87   -9.26
1997   -8.50   -6.38   -6.64   -1.26    3.99    8.17    9.57    8.79    9.11    7.83    7.34    6.42
1998    4.11    3.40    3.51    3.13   -1.69   -8.43  -13.15  -14.00  -14.60  -14.25  -11.38   -7.65
1999   -3.13   -2.51   -0.18    4.03    8.02   10.28    9.49    7.98    8.41    9.12    8.98    9.89
2000    8.49    8.42    9.55   11.06   12.23    7.32    3.25    2.09    1.63    1.51   -0.28   -0.02
2001   -1.29   -1.85   -2.29   -1.00   -1.52   -6.68  -10.99  -15.52  -15.09  -13.03  -11.37   -8.56
2002   -5.23   -2.91    0.53    6.06    9.36    9.41    7.00    7.60    8.15    8.40    8.03    5.98
2003    4.80    5.33    5.11    3.82    1.04   -2.27   -5.87   -7.89   -8.78   -8.68   -9.78   -9.10
2004   -7.00   -4.88   -3.68    1.35    5.89    7.66    7.85    7.98    6.35    8.28    8.16    7.94
2005    6.12    5.78    7.48    6.51    2.99   -2.42   -8.13  -10.20  -11.38  -12.28  -12.17  -12.42
2006  -13.21  -12.13  -10.17   -8.13   -3.44    2.36    5.12    5.98    8.74   10.04   10.75    9.44
2007    7.24    7.22    8.43    8.27    5.53   -1.90   -8.75  -11.56  -11.55  -11.52  -12.51  -13.95
2008  -14.93  -12.64   -9.83   -6.65   -1.78    4.45    7.50    7.23    6.66    7.31    6.91    7.73
2009    8.36    8.20    7.08    9.75   11.35    9.14    4.01    2.85    3.70    4.49    3.51    1.44
2010    1.74    0.78   -0.34   -6.57  -12.68  -17.59  -18.31  -12.50   -4.30    4.07    8.58    8.51
2011    6.00    6.03    6.31    6.25    8.25    9.30    9.35    9.06   10.00   11.47    8.51    2.40
2012    0.28   -0.55   -0.82   -0.31   -1.03   -4.24   -8.10   -9.75  -11.40  -10.51  -10.65  -11.70
2013   -9.65   -8.66   -8.32   -5.71   -3.59    2.00    5.77    7.02    7.64    8.70    9.75    9.95
2014    9.71   10.00    9.20    9.73   10.09    4.96    0.50   -0.14   -1.03   -2.33   -5.24   -8.62
2015   -9.95  -10.60  -11.21  -13.27  -16.27  -12.43   -6.13    0.58    5.83    9.14    9.31    7.61
2016    5.76    3.92    2.40   -1.83   -5.10   -7.64   -7.83   -3.60    0.21    4.53    7.11    8.70
2017    9.66    9.90    9.80   10.72   11.68    8.77    5.08    2.58    1.89    1.72    1.26    0.29
2018   -0.30   -1.10   -0.17   -1.17   -6.23  -11.97  -16.32  -18.07  -18.67  -14.35   -9.67   -5.32
2019   -3.28   -2.07    2.44    6.28   10.04   10.32    7.28    6.44    4.54    5.00    4.19    4.72
2020    1.89   -0.97   -2.16   -5.54   -9.06   -9.71   -8.12   -4.07    2.28    6.94    8.09    8.36
2021    7.25    6.25    7.53    8.26    9.41    6.40    2.82    0.71    1.22    0.59   -0.63   -3.23
2022   -6.07   -6.60   -5.18   -7.23  -12.39  -13.36  -12.16   -6.87   -0.52    5.13    7.86    8.12
2023    8.05    7.00    7.70   11.10   12.48   11.39    5.96    2.67    1.12    1.60   -0.38   -6.82
2024   -9.10  -11.01  -11.07  -14.35  -13.15  -11.32   -7.02   -1.35    4.93    9.54   12.17   11.72
2025   10.48   10.45   11.51   12.27   10.78    2.88   -2.06   -5.26   -5.89   -6.83   -7.93   -8.35
2026   -9.89  -10.67 -999.00 -999.00 -999.00 -999.00 -999.00 -999.00 -999.00 -999.00 -999.00 -999.00
  -999.0
  QBO (50mb)
  Calculated at NOAA PSL
 50mb zonal wind at the equator, zonal average
 For info https://psl.noaa.gov/data/timeseries/month/
 units=ms-1
