  1658  2001
 1658 -99.90 -99.90 -99.90 -99.90 -99.90 -99.90 -99.90 -99.90 -99.90 -99.90 -99.90  -0.30
 1659   0.16  -0.61  -0.34  -0.48  -0.23   0.27   0.01   0.10  -0.44   0.10  -0.20  -1.65
 1660  -3.01  -0.51  -0.04   0.23   0.02  -0.12   0.08   0.16   0.37  -0.45  -0.80   0.93
 1661   0.71   1.26   0.16   0.25  -0.33   0.06   0.23   0.70   0.08   0.16   0.51   1.36
 1662   1.40   1.20   0.53   0.34  -0.93  -0.18   0.12   0.09  -0.14  -0.19   0.23  -1.45
 1663  -2.58  -2.35  -0.34  -0.56  -0.35   0.03   0.14   0.11  -0.03  -0.18  -0.25   0.20
 1664   0.10   0.41  -0.43  -0.28  -0.26  -0.04   0.07   0.11  -0.15  -0.95  -0.37  -0.87
 1665  -2.52  -2.20  -0.95  -0.85  -0.20   0.00   0.19   0.28   0.07  -0.71  -0.40  -1.05
 1666  -0.34   0.17  -0.65   0.02   0.26  -0.14  -0.15   0.01   0.07  -0.39  -0.31  -1.37
 1667  -2.70   1.09  -0.84  -0.39  -0.95  -0.40   0.03  -0.01  -0.10  -0.33  -0.63  -0.42
 1668   0.87   0.45  -0.26  -0.41  -0.82   0.26   0.11   0.08  -0.28   0.31   0.44   1.13
 1669  -1.42   0.09  -0.25  -0.94  -0.51   0.10   0.07   0.03   0.42   0.18  -0.09  -1.91
 1670  -0.55  -2.36   0.31  -0.55  -0.33  -0.02   0.06  -0.32   0.57   0.01  -0.46  -0.44
 1671   1.10   0.54  -0.32   0.05  -0.30   0.08  -0.14   0.09   0.08  -0.07  -0.29  -0.08
 1672  -0.85  -0.98   0.21  -0.51  -0.53  -0.38   0.19   0.29  -0.26   0.28   0.18   0.23
 1673   1.03   0.26  -0.22  -0.51   0.13  -0.11   0.15   0.14  -0.27  -0.44  -0.61  -0.81
 1674  -0.74  -1.21  -0.74   0.09  -0.36   0.23   0.15   0.42  -0.89  -0.11  -0.19   0.10
 1675   1.04   0.27  -0.82  -0.54  -0.77   0.14  -0.12  -0.12  -1.10  -0.82  -1.62   0.79
 1676   0.87   1.20  -0.93  -0.41   0.29   0.02   0.21  -0.12   0.12  -0.43  -1.91  -0.94
 1677   0.47   0.44  -0.50  -0.89  -1.11  -0.72   0.16   0.25  -0.13  -0.75  -0.50  -0.97
 1678   0.65   0.65  -0.61  -0.12  -0.07   0.11   0.41   0.74   1.78  -0.01  -0.40  -0.62
 1679  -1.04  -1.03  -0.95   0.01  -0.13  -0.06   0.29   0.24   0.03   0.49  -1.44  -0.01
 1680   1.30   1.41   2.14   1.26   0.87  -0.13   0.44   0.34   1.43   1.06   0.35  -0.92
 1681  -1.18  -0.43  -0.52  -0.04  -0.42  -0.09   0.43   0.14   0.59   0.41   0.64  -0.38
 1682   1.61   0.60   0.02  -0.66   0.21   0.26   0.38   0.50  -0.47  -0.20   0.02   1.28
 1683   0.51   0.18   0.81   0.13  -0.23  -0.52   0.43   0.50   0.47  -1.20  -0.90  -1.04
 1684  -1.93  -3.08  -0.57  -1.00   0.61  -0.60   0.58   0.53  -0.16   0.47  -1.19   0.29
 1685  -1.01   0.01  -1.13   0.26   1.07  -0.22  -0.19  -0.34  -1.15   0.61   0.06   1.00
 1686   1.73   0.79   0.41  -0.23   0.38  -0.15   0.12   0.27   0.31   0.01  -0.38   0.43
 1687   0.11   0.39  -0.13   0.13  -0.98   0.18   0.11   0.68  -0.81   0.60   0.63   0.64
 1688  -1.48  -1.32  -1.00  -0.53  -0.23  -0.52  -0.27  -0.47  -0.02  -1.09  -0.47   0.19
 1689  -0.98   0.44  -0.64   0.24  -0.45  -0.08   0.34   0.32   0.00  -0.36  -0.87   0.44
 1690   1.00   0.68  -0.67  -0.45  -0.43   0.28   0.24   0.23  -0.66  -0.05   0.24  -0.11
 1691  -1.17  -1.07  -0.61  -0.49  -0.31  -0.77  -0.42  -0.37  -0.71  -0.42  -2.22  -0.22
 1692  -1.30  -1.52  -0.86   0.08  -0.34  -0.01   0.21   0.35  -0.29  -1.12  -0.31  -0.09
 1693   1.23   1.59  -0.21   0.11  -0.72   0.04   0.21   0.29  -0.22  -0.41   0.09  -0.28
 1694  -2.35   0.02   0.05   1.13   0.03  -1.00   0.04   0.60  -0.64  -1.03  -0.23  -0.74
 1695  -3.71  -3.23  -1.55  -1.39  -0.83  -1.59  -1.23  -1.25  -0.89  -0.36  -0.87  -0.42
 1696   1.37   0.75  -0.90  -0.43  -0.02   0.16   0.06   0.14  -0.59  -0.01  -0.52  -1.05
 1697  -2.06  -1.02  -0.65  -0.82  -1.37   0.20   0.24   0.69   0.02  -0.69  -1.26  -0.59
 1698  -0.91  -0.83  -0.29  -0.21  -0.72   0.06   0.12  -0.04   0.12  -0.13  -0.52  -1.39
 1699  -0.35  -0.91  -0.85  -0.63  -0.43  -0.10  -0.15   0.66   0.28  -0.36  -0.64   0.43
 1700  -0.01   1.03  -0.82   0.23   0.82   0.14   0.24  -0.63  -0.12   0.12  -0.48  -0.04
 1701   1.15   0.86  -0.65  -1.76  -0.46  -0.70  -0.71   0.56   0.51  -0.74  -0.03   0.15
 1702   1.65   1.29   0.19  -0.71  -0.49   0.05   0.36   0.31   0.33   0.20  -0.82   0.46
 1703   0.11   0.96  -0.37  -0.20   0.79  -0.23  -0.13  -0.19   0.03  -0.39   0.29  -0.38
 1704  -0.27  -0.54  -0.72  -0.03  -0.34  -0.37  -0.39  -0.36  -0.04  -0.82   0.42   0.32
 1705  -0.77  -0.76  -0.35   0.13  -0.51  -0.67   0.09   0.86  -1.26   0.66  -0.76   1.42
 1706   0.72   0.83  -0.22   0.17   0.66   0.31   0.09   0.32   0.45   0.39   0.87   0.31
 1707  -0.24   0.06  -0.10   0.04  -0.41   0.32   0.23   0.06   0.48  -0.78   0.03   0.97
 1708   2.03  -1.03   0.25  -0.10  -0.79   0.23   0.19   0.09   1.15  -2.02  -0.58  -0.29
 1709  -0.67  -0.71  -0.69   0.70  -0.64  -0.61   0.32   0.23   0.03  -0.43   0.45   0.34
 1710   0.59   0.42   0.13  -0.86  -0.30   0.53   0.63   0.22  -0.13  -0.29   0.89   1.33
 1711   1.62  -0.17   0.04   0.58   1.09  -0.14   0.46   0.10  -0.29  -0.44   0.36   0.37
 1712   0.84   1.04  -0.22  -0.79  -1.06  -0.41   0.04   0.08  -0.25   0.60   0.78   0.43
 1713   1.00   2.59  -1.28  -1.09  -1.29  -0.50  -0.29  -0.53  -0.33  -0.40  -1.48   0.41
 1714  -0.72  -0.16   0.16  -0.09  -0.63  -1.51  -1.32  -0.46  -0.50   0.06   0.57  -0.02
 1715  -0.36   0.47  -0.09   0.40  -0.63  -0.02   0.10   0.07   0.00   0.80   0.12  -1.63
 1716  -2.41  -0.39  -0.60  -0.56  -0.79   0.21   0.19   0.18  -0.81  -0.50  -0.73  -0.61
 1717  -0.26  -0.57  -0.43  -0.61  -0.70   0.13   0.41   0.28  -0.19  -0.22  -0.40  -0.42
 1718  -1.04  -0.86   0.04  -0.08   0.20   0.02  -0.04   0.06   0.19  -0.02   0.45   0.24
 1719  -0.45   0.16   0.30  -1.37  -0.31  -0.43   0.09   0.02  -0.17  -0.62  -0.20  -0.73
 1720   0.10  -0.41  -0.89  -0.42   0.21  -0.24  -0.24   0.32  -0.38  -0.14  -0.15  -0.10
 1721   0.59  -1.15  -1.71   0.49  -0.52   0.08   0.08   0.12   0.32  -0.87   0.10  -0.12
 1722   0.10   0.92   0.75  -0.37   0.39   1.23   0.90   1.43  -0.82   0.49   2.51   1.01
 1723  -0.30   1.33   2.29   0.59  -0.53  -0.47  -1.48   2.25  -0.81   0.95   0.15   1.84
 1724   2.49   0.53   0.57  -1.19  -1.54  -0.46  -0.83   0.15  -0.77  -0.68  -0.81  -1.16
 1725   1.17  -0.41   0.29  -1.11   0.28   0.34   0.25  -0.49  -1.58  -1.26   0.21   0.82
 1726  -1.19   0.18   0.02  -0.23   0.29  -0.57   0.04  -0.08   0.06  -0.44  -0.31  -1.76
 1727   0.46  -0.23   0.11  -0.80   0.17  -0.49  -0.76   0.28   2.43   0.80   0.64   0.42
 1728   1.05  -1.80   0.86  -0.28   0.05  -0.17  -0.60   0.92   0.26   0.05  -0.32  -0.93
 1729  -1.06  -0.75  -1.78  -0.57  -1.03  -0.11  -0.26  -1.06   0.73   0.58   0.05   0.65
 1730  -0.39   0.51   0.00  -0.33   0.34   0.24   0.86   2.06  -0.27  -1.15   0.66   0.14
 1731  -0.99  -0.93   0.51  -0.62  -0.71  -0.57  -0.58  -1.63  -0.25   0.68   0.91   0.51
 1732  -1.26   1.13   2.12   0.39  -0.27   0.06   1.24   1.69  -0.18   0.49  -0.07  -2.43
 1733   1.93   1.25   1.13  -0.03  -0.53  -0.60   0.60  -0.84  -0.73   0.20   0.72   2.20
 1734   0.24   1.67   0.94   0.24  -0.28  -1.24  -0.63  -0.53  -0.37   0.58  -1.28  -0.06
 1735   1.49   0.94   0.98   0.47   0.71  -0.49   0.26  -0.18   0.93  -1.00  -0.83   0.08
 1736   1.04  -0.29  -0.85  -0.07  -0.63  -0.41   0.66   0.40  -0.90   0.03   0.50   1.86
 1737   1.87   1.05   1.11  -0.49   0.56  -0.37   0.41   1.49   1.61   0.82  -0.24   0.41
 1738   0.77   0.51   0.67   0.93   0.13   0.22   0.78   2.84   1.06   1.85  -1.40   0.57
 1739  -0.17   0.73   1.36  -1.35  -0.64  -0.57   0.17   0.55   1.05  -1.27  -1.47   1.56
 1740  -2.38  -1.14  -0.38  -0.55  -1.46  -0.13  -0.16   0.09   2.04  -1.88  -0.93   0.37
 1741  -1.54   0.98  -0.94  -1.10  -0.74  -0.27  -0.95   0.20   0.42   0.96   1.13   0.08
 1742  -0.78   1.19  -1.08  -1.52  -1.32  -1.59   0.46  -0.61  -0.99   0.64   0.95  -2.48
 1743   1.09   1.32   0.48   0.44   0.18   0.91   0.06   1.53  -0.04  -0.68   1.67   0.09
 1744  -0.60  -0.36   0.61   1.09   0.26   1.87  -0.51   0.71   0.59  -0.02   0.57  -0.58
 1745  -0.03  -0.95  -0.23  -0.75   0.09   2.04   0.09  -0.10  -1.02   0.00  -0.98  -1.31
 1746   0.53  -0.69  -1.20  -0.19   0.07   0.44   0.32   2.26   0.92   0.00  -1.37   1.20
 1747  -1.08   0.27  -2.22  -0.57   0.16   0.84  -0.73  -0.35   1.53   0.70  -0.12   1.65
 1748  -0.45   0.40  -2.92  -0.05   0.41   0.16   0.67  -0.31  -0.26   0.56  -0.94   1.54
 1749   1.61  -0.24  -1.26  -0.67   0.86   0.66  -0.08   0.95  -0.10  -1.07  -0.26   0.97
 1750   0.62   2.79   2.27   1.55  -0.43   0.11  -0.61   0.80  -0.36  -2.56  -2.75  -1.37
 1751   0.01  -1.95   2.21  -0.47   0.24  -0.19  -0.15   1.16  -0.64  -0.26  -0.59  -0.71
 1752  -0.68  -0.46   0.93  -0.94  -1.08   0.53   1.37   2.44  -0.56   0.30   0.58  -0.04
 1753  -1.47   0.32   0.64   0.52  -0.89  -0.32   0.62   0.35  -0.25   1.00   0.09  -3.21
 1754  -0.40   0.57  -1.98  -0.74   0.36   0.94   0.09  -0.36  -1.35   0.07  -0.38   1.30
 1755  -0.76  -1.93  -0.76   2.05  -0.44   0.71   0.66  -0.01  -0.40   0.30   1.13  -0.55
 1756   1.32   1.12   0.96  -0.31  -1.75   0.35  -0.76  -1.40  -0.69  -0.20  -1.97  -1.53
 1757  -2.27   0.25   0.53   1.26  -0.32   0.18   0.47  -0.77  -0.83  -2.49   0.53  -1.84
 1758  -1.94  -0.16  -0.06  -1.39   0.28  -0.10  -0.48  -1.22  -1.57  -1.67  -0.55  -0.54
 1759   1.71   1.20   1.04   0.21  -0.83   0.18   0.08  -0.65  -0.63   0.12  -0.96  -2.58
 1760  -3.11   0.27   0.23  -0.32   0.61   0.28   0.46   0.75   1.21  -0.22  -0.44  -0.29
 1761  -0.69   1.71   0.67   0.49   1.00   0.43   1.42  -0.71   1.59  -2.02   0.13  -1.94
 1762   1.24   1.09  -1.24   0.62   0.27  -0.20   0.25  -0.26  -0.76  -2.24   0.18  -0.60
 1763  -1.68   1.65  -0.34  -0.67  -0.36  -0.35   1.45   0.87  -1.43  -0.51  -0.50  -0.10
 1764   1.30   0.89  -0.67   0.52   0.97   0.55   0.67   0.14   0.02  -0.51  -1.21  -0.91
 1765   1.40   0.39   1.71   1.16  -1.14   0.15  -0.47   0.17  -1.24   1.05   0.72  -1.95
 1766  -2.66  -0.54   0.47   0.72   0.07   1.08   0.79   1.01   0.10  -0.41   1.08  -1.62
 1767  -2.88   1.39   0.19  -1.83   0.22   0.04   0.23  -0.06   1.13   0.36   1.09  -1.36
 1768  -1.58   1.14  -1.66   0.80  -0.61  -1.60  -0.70   0.24  -0.70  -0.69   1.20   0.67
 1769  -0.33   0.07  -0.31  -0.56  -0.16   1.59   0.54   1.34   0.05  -3.49  -1.08  -0.07
 1770  -0.16   1.22  -2.42  -0.86  -1.49   2.14  -0.34   0.93   1.54   2.47  -0.50   1.10
 1771  -0.68  -0.95  -3.03  -2.35  -0.11  -1.12   1.14   1.03  -0.54   1.13  -0.77   1.27
 1772  -1.75  -2.22  -1.88  -0.82  -2.69  -0.01   0.60   1.33   1.13   3.29   3.75   0.29
 1773   0.15  -0.15  -0.27   1.08  -0.15  -0.09  -0.34   0.57   3.20   1.90   1.38  -0.69
 1774  -1.98   1.03  -1.15  -0.25  -0.25   2.65   2.15   0.30   0.34  -1.43  -4.19  -1.76
 1775   0.43   1.87   1.69  -0.46   0.37   1.31   2.08   3.59   3.15   1.78  -1.37   0.79
 1776  -2.89   3.05   0.07  -0.46  -1.14   2.60   2.26   1.75   0.84   0.19   0.38   0.08
 1777  -0.77  -0.46  -0.12  -1.17   2.52   1.06  -0.74   1.40  -0.70   0.34   0.52  -1.08
 1778  -0.86   0.08  -0.17   0.28   1.86   0.69   1.32   0.68  -0.77  -1.27   0.68   1.03
 1779  -0.72   2.19   1.25   2.05   1.70  -1.84  -1.62   0.36   1.53   1.12   0.10  -1.20
 1780  -2.41   0.15   2.96  -1.05   1.28   1.40   2.23  -1.78   0.34  -0.57  -1.53  -2.24
 1781  -1.24   0.71   0.20   0.07  -1.41   1.06   2.30   3.63   0.58  -1.37   0.74  -0.76
 1782   1.56  -0.80  -0.25  -1.64   0.28   1.51   0.11  -0.46   0.46  -1.34  -1.82  -1.24
 1783  -0.38   0.70  -0.93   0.91   0.07   1.93   2.15   1.35   2.18   0.75  -1.14  -0.86
 1784  -0.88   0.25  -2.70  -1.12   0.81   1.07   1.72   0.14  -1.27  -1.84   0.96  -2.52
 1785   0.26  -1.50  -2.52  -0.22  -0.59  -1.39   1.26   0.34  -0.24  -0.29   0.54  -2.35
 1786   0.30  -0.43  -2.64  -1.53  -0.19  -1.22   0.55   0.81   1.61  -1.02  -3.60   0.04
 1787  -1.59   1.33   1.67  -0.20   1.32   1.13   1.43   1.20  -0.60   1.26  -1.09  -1.54
 1788  -1.18  -0.96  -3.05   0.89  -0.03  -0.92   2.26   0.45   1.07  -2.18  -0.27  -3.83
 1789  -0.68   1.84  -4.17  -1.06   0.24   1.67   2.56   0.54   1.39   2.10   0.03   2.59
 1790   0.10   1.37   0.48  -2.57  -0.20   2.22   1.72   1.95   0.01  -0.35   0.09   0.63
 1791   2.82   0.79   1.50   0.88  -0.19   1.24   2.17   1.47  -1.63   0.32   1.10  -0.40
 1792  -1.15  -0.26  -0.05   2.11   0.58   0.50   1.96  -0.17   1.71  -0.64   0.56   0.89
 1793  -0.29   1.21  -0.17  -1.32  -0.70   2.03   1.40   2.74  -0.49   1.23  -0.77  -1.16
 1794  -0.34   0.80   1.72   1.43   1.01   0.83   1.84   1.15   0.47   2.07  -0.32  -0.19
 1795  -1.95  -0.37  -1.70  -0.02  -1.23  -0.43  -0.13   0.28  -0.24   1.24   0.17  -0.33
 1796   3.11  -0.28  -1.44  -0.24   0.57   3.58   2.73   0.86  -0.34   0.78  -0.44  -1.92
 1797  -0.21   0.88   0.01  -0.94   0.71   1.02   2.16   2.78   2.55   0.57  -0.17   1.57
 1798  -0.24   0.21  -0.45   1.23   1.52   1.88   3.62   2.58   1.10   1.64   1.40  -1.14
 1799   1.28  -0.30  -2.63  -0.98  -0.84   0.58   1.40   2.63   0.46  -0.15   1.67  -2.79
 1800   0.07  -1.08  -2.20   1.20  -0.29  -0.58  -0.48  -0.72  -0.38   1.14   1.08   0.07
 1801   0.18   0.11   2.05  -0.46   1.46   0.71   0.78  -1.91  -1.01   0.47   1.28  -0.78
 1802  -1.22   1.02   1.34   1.16  -1.88   1.14   2.19   2.38  -1.06   1.33  -1.19  -0.59
 1803  -2.42   0.43  -0.58   1.70   1.02   0.41   0.04   2.23  -0.83  -1.44  -0.46  -1.13
 1804   0.51  -0.65  -1.64  -1.35   1.75   1.53   0.45   1.68   0.55   1.79  -1.38  -2.92
 1805  -0.87   0.29  -0.20  -0.78  -1.80  -0.80   0.31   0.20   0.12  -2.51  -0.96   0.14
 1806   1.48  -0.09  -1.06  -3.11  -1.66  -0.48  -0.52   2.50   0.76  -0.45   0.17   2.32
 1807  -0.27   0.29  -1.76  -1.61  -0.44  -0.17   1.58   4.34   0.14  -1.25   0.52  -0.35
 1808  -0.11  -1.20  -2.42  -1.56   0.91   0.86  -0.03   1.99   0.40   1.97  -0.05  -1.39
 1809  -1.57   0.63  -1.43  -2.06   0.56   1.44  -0.84   4.06   1.11  -1.54  -1.95   1.74
 1810  -0.83   0.58  -1.34  -1.99  -3.52  -0.87   2.15   2.17  -0.11  -1.08  -0.87   0.28
 1811  -0.24   0.91   1.02  -0.88   2.25   2.10   1.58   1.93  -0.93  -0.24  -0.60   0.69
 1812  -0.35   1.78  -1.94  -2.98  -2.05   1.21  -0.46  -0.01  -0.97   1.95  -1.46  -2.77
 1813  -0.58   2.62   0.33  -0.64  -0.24  -1.50   0.83   0.47   0.36  -1.43   1.09  -0.61
 1814  -3.55  -0.61  -3.05   0.89  -3.74  -2.26   1.75   1.09  -0.90  -0.02   1.42   0.11
 1815  -2.03   0.72   1.45  -1.25  -0.58  -0.81  -0.77   2.53   0.64   0.34  -0.35   0.37
 1816  -0.32   0.18  -1.26  -2.26  -2.84   0.04   0.66   0.49   0.73   0.02  -0.40   0.97
 1817   0.98   2.17  -0.68  -1.05  -1.49   0.43   1.86   1.74  -0.24  -2.11   0.77  -1.26
 1818   2.00   1.03   1.61  -2.15  -2.12   1.28   1.71  -0.77  -0.47  -0.10   0.25  -0.42
 1819   2.00   0.97   0.36  -0.82  -0.64   2.93   0.49   1.91   0.98  -0.77  -1.18  -2.13
 1820  -1.95  -0.51  -1.04  -0.15   0.86   1.27  -0.82   2.88  -0.59   0.68  -1.40  -1.44
 1821  -1.89  -0.83   0.77   0.66  -0.43  -6.64  -1.13  -1.30   0.80   0.52  -0.25   1.27
 1822   0.42   1.69   2.83  -2.29   0.15  -2.62  -2.34   0.18  -0.85  -0.58   0.74  -0.53
 1823  -2.00   0.83   1.22  -2.34   0.92  -0.09   0.69   1.76   1.29  -0.39  -1.11   0.98
 1824   0.70  -0.38  -1.11   0.27  -0.69  -4.14  -2.43  -1.83   1.44  -1.41   0.75   0.58
 1825  -0.24   0.00   0.17  -1.39  -1.33   0.63  -2.80   0.28  -1.49   1.51   1.74  -0.76
 1826  -1.90   2.83  -0.66   1.02  -1.52  -1.21   2.41   2.95  -1.24   1.13  -1.50   1.07
 1827  -0.76  -2.49   0.81   0.77   3.00   2.66   0.24  -2.70   1.26  -1.73  -1.88   1.63
 1828  -0.38   0.52  -0.09   0.20  -0.61   0.86   0.38  -0.05  -1.95   0.37  -1.22   1.40
 1829  -2.24  -0.22  -2.25  -1.66   0.47  -1.64   1.10  -1.47   0.76  -0.18  -1.54  -1.82
 1830  -1.25   0.11   2.25   1.49  -0.75   0.64   1.36   0.81   2.12  -0.11   1.62  -1.22
 1831  -2.08   0.60   0.29  -1.16  -1.17   0.12   1.13  -0.56  -0.53   1.68  -0.77   1.00
 1832  -0.60   0.12   2.32  -1.99  -2.37  -0.78  -3.44  -1.29  -0.03   0.65   0.19   1.88
 1833  -2.00   0.64  -2.49   0.43   1.11   0.86  -1.74  -2.75   0.09   0.97   1.72   2.18
 1834   0.66   1.21   0.78  -2.54  -0.68   1.33  -1.01   1.28  -1.36   0.08  -1.17  -1.79
 1835  -0.88   1.97   0.28  -0.66  -0.67   0.65   0.27   0.61   2.40   0.17  -0.92  -2.08
 1836   1.47   0.30   3.18   1.43  -2.58   2.09   1.88   1.20  -1.48   0.41   1.88  -0.83
 1837  -1.85   2.73  -2.23  -1.41  -1.29  -1.21  -1.64  -1.54   0.17   1.46   1.17   0.54
 1838  -1.37  -1.10   0.85  -0.59  -2.33   0.64  -0.11   0.09   1.04  -0.03  -0.79   0.42
 1839   0.82   2.02  -0.50  -1.48  -0.30  -1.26   1.39   1.00   2.87  -0.54  -0.83  -0.94
 1840   2.52  -0.32  -2.99   0.25  -1.82   1.48   2.61   1.11   2.03  -1.98   0.56  -1.64
 1841  -0.69  -0.42   2.01   0.88   1.95  -0.48  -0.29   2.38  -0.39  -0.31   0.07   1.31
 1842  -0.19   2.91   1.88  -2.10   1.89   0.13  -0.74   3.37  -1.73  -1.23  -1.43   1.25
 1843   2.97  -3.10  -1.13   0.35  -2.39  -0.65   0.63   2.49  -1.46  -0.47   1.33   0.20
 1844   0.65  -0.46   0.70   1.49  -2.58   0.03  -1.44   1.00  -0.94   0.57  -1.09  -3.60
 1845   1.29  -0.47  -2.08  -0.18  -0.64   2.35  -0.05  -0.08   1.61  -0.02   1.95   1.12
 1846   0.93   0.58   1.78  -1.14   0.80   0.76   3.10   1.05  -0.44   2.18   0.48  -1.78
 1847  -0.09  -0.12  -0.50  -0.19   1.18   1.19  -0.22   0.56   1.26   0.02   2.91   0.89
 1848  -0.50   2.65   1.77  -0.69   1.15   0.68   0.92   2.11  -0.36  -2.08  -0.82   0.29
 1849   0.55   1.07  -0.24  -0.26  -0.05  -0.69   0.68   0.27  -1.44  -0.53   1.21  -1.64
 1850  -1.62   2.65  -2.38   1.35   0.67   2.22  -1.02   2.17  -1.68  -1.28   1.31   0.25
 1851   2.32   0.00   1.06  -0.35   0.11   0.72   0.20  -0.71  -0.57   1.16  -1.49  -0.72
 1852   2.08   0.66  -2.60  -2.56   0.89   2.14  -0.98   0.49  -0.78  -2.15  -2.17   2.51
 1853   2.69  -1.47  -1.54   0.88  -1.32   0.91   2.32  -1.40   1.39   1.07   1.36  -2.00
 1854   1.25   1.01   0.72  -0.73   0.90  -0.58  -1.16   1.75  -0.80   0.78  -0.83   2.38
 1855  -1.31  -2.50   0.20   0.44  -1.02   1.32   1.04   1.13  -1.42   0.56  -1.65  -0.32
 1856  -1.03  -0.59  -2.85  -0.09  -1.43   1.90   0.45  -3.12   0.55  -0.30  -1.41   0.85
 1857  -0.46   1.08   1.08   0.32  -1.43  -2.04   2.38  -1.33  -0.15   0.17  -2.85   1.45
 1858   1.00  -0.70  -0.16  -1.77   1.73   0.02   0.59   0.35   2.59  -0.47  -2.87   1.46
 1859   1.80   1.50   1.17  -1.95   0.49   0.24  -0.96   2.04   1.15  -1.14  -0.01  -0.85
 1860   1.47   0.13   2.19   0.44  -1.06   0.87  -1.41   1.15  -0.25   1.14  -2.20  -1.86
 1861  -2.04   1.00   3.14  -3.06  -2.66  -0.99   3.53   2.51   0.44  -0.03  -0.32  -1.35
 1862   0.01  -1.29  -2.01  -0.26   0.60   2.90   1.45  -0.36  -1.19   2.22   1.41   1.63
 1863   1.95   1.47   2.61   1.27  -1.20   1.44  -1.32   0.25   2.92   1.34   0.95   0.98
 1864   1.09   0.22  -1.26  -0.98  -2.24   2.20   0.03  -3.98   0.92  -3.78   0.34  -0.11
 1865   0.12  -0.45   0.48  -1.19   0.26  -1.15   1.21   0.98   0.36  -1.63  -0.73   0.66
 1866   1.66   0.67  -0.58  -1.42  -2.25   0.95  -0.84  -0.40   2.79  -0.35  -1.03  -0.22
 1867  -3.33   1.58  -2.88   2.52  -3.52  -0.86  -1.18   2.39   1.03   1.65  -4.06  -1.34
 1868   1.06   2.33   3.55   1.25   2.02   2.42  -0.17   2.30  -2.95   2.32  -1.02   0.88
 1869   1.00   2.38  -0.05   0.72  -2.68  -1.43   0.09  -1.47   1.11  -1.05   1.01  -0.23
 1870   0.01  -2.08  -2.29   0.50   1.41   0.29   0.30  -4.78   0.34   0.89  -0.90  -2.76
 1871   1.23   0.12   1.02  -1.54  -2.96  -2.32   1.13   0.05  -2.33   0.33  -2.29   0.30
 1872   2.24   0.09  -0.35  -0.27  -0.04   0.49  -1.22  -2.96  -0.46   2.29   0.50   0.11
 1873   1.45   0.04   0.61  -1.75  -0.81   1.20   0.44   3.60   2.42   1.24  -1.17  -0.01
 1874   1.62   1.38   1.15   2.51  -2.63   0.16   0.89   1.00   1.83   2.53  -0.07  -0.90
 1875   0.05  -1.04  -1.28  -1.53   1.88   3.47  -1.16  -1.82  -0.90  -0.02  -3.18  -1.16
 1876  -0.09  -0.02   2.09   0.76  -0.76   3.00   1.26   0.26  -1.65  -1.96  -3.68  -1.12
 1877   0.78   0.87  -0.07  -2.57  -2.62   0.28   1.47  -5.87  -3.70   0.78   3.39   1.41
 1878   0.81   0.44   0.26  -1.44   0.01  -1.06  -0.18  -3.74   1.20   0.08  -2.83  -3.21
 1879  -1.63   0.68   0.63  -0.04   0.23   0.15  -0.24   0.11   3.47  -1.16  -5.05  -1.15
 1880  -1.40   1.29  -0.73   1.28  -1.26  -0.32  -2.27  -1.68  -0.31  -5.12   0.65  -0.80
 1881  -4.27  -1.19  -2.16  -2.56   0.47   1.27   1.42  -0.37  -2.01  -1.52   1.75   1.87
 1882   1.03   1.33   3.16  -0.25  -1.96   0.63   1.88   1.41   1.80   0.38   1.80  -0.75
 1883   1.27   2.08  -3.13  -0.49  -0.28  -1.67  -1.25   1.87  -0.09   1.24   1.89  -0.18
 1884   1.55  -0.15   0.13  -2.37   1.04  -0.05  -2.58  -0.01   1.98   0.63  -1.95   0.90
 1885  -0.56  -0.03   0.28   2.01   0.12   0.82  -0.29  -5.90   1.63  -0.01  -0.80  -1.17
 1886   0.93  -0.36  -0.57  -0.90  -1.78   0.97   1.34   3.26  -0.04   0.55   1.36  -0.35
 1887   1.16   0.85  -2.89  -2.15  -0.55  -2.12   1.01  -1.98   0.24  -2.02  -0.09  -1.73
 1888  -0.44  -1.64  -1.02  -1.39   0.34  -2.44  -0.69  -0.05  -2.72  -1.72   1.52   0.73
 1889   1.06   0.92  -0.25   1.20   0.34   1.21  -1.99   2.35  -1.36   1.23   0.68   1.45
 1890   2.44  -1.23   1.85   1.24  -0.67   2.16   2.01   2.26   1.12  -0.17   1.96  -2.21
 1891   0.31   0.28  -0.74  -1.61   0.76  -4.08  -1.04   1.36   2.26   1.41  -0.51   1.44
 1892  -0.31  -1.27  -1.27  -0.54  -0.56  -0.55  -0.18   1.03   2.21  -1.22   1.32  -1.30
 1893  -1.59   1.03  -1.01  -1.70  -0.76  -2.61  -0.37  -2.77   1.06   0.61  -2.11   1.65
 1894   1.38   1.98   1.28   2.36  -0.68   1.03   0.50   0.04  -3.81  -3.37   1.49   0.92
 1895  -2.05  -4.48   0.82  -0.17   0.33  -0.76  -0.01  -0.11  -1.00  -2.07  -0.70  -0.35
 1896  -1.02   0.39   2.34   1.25  -0.34  -0.80   0.89  -0.62   0.67  -1.05  -1.25   1.49
 1897  -1.81   1.41   1.94   1.53   0.25  -2.53  -1.18   2.36   0.90  -1.67  -1.74   0.56
 1898   1.00   0.81  -0.60   1.59   0.32  -1.04  -1.92   0.23  -0.96  -0.69   0.32   1.11
 1899  -0.78  -1.63  -2.30   0.91  -1.65  -0.14   0.63  -4.09   1.26  -1.39   0.65  -1.55
 1900   0.79  -2.55  -2.10   0.90   0.72   0.73  -1.41  -0.22   0.19   0.02   1.76   1.21
 1901  -0.17  -3.08  -0.74   1.60  -2.18   0.75   0.00  -0.01   1.02   2.04  -2.96   0.17
 1902  -0.29  -2.46   1.02  -1.66   0.30  -3.50  -2.87  -2.23  -2.78   0.11  -0.21   0.03
 1903   0.07   1.20   3.92  -0.17   0.70  -4.33  -0.30   1.24  -0.23  -0.03   0.50   0.84
 1904   1.68   1.14   0.54   4.22   0.56  -0.86  -1.52  -1.82   0.72  -0.40  -0.95  -1.13
 1905   0.08   1.02   2.11  -1.47   0.78  -0.69  -0.03   0.38   0.86  -2.12   1.05  -0.54
 1906   1.55   1.72  -0.94   1.17  -2.30  -2.90   1.99  -2.16   0.62   1.27  -0.57   1.21
 1907   0.34   1.61   2.57   1.58  -1.94   1.33  -2.81  -0.10  -0.43   0.69   1.28   0.75
 1908   0.58   1.67   2.22  -1.22   0.70   0.15  -1.22  -1.65  -0.18  -1.83  -0.04   1.46
 1909   0.97  -0.49  -1.55   0.42  -2.35  -1.74   3.74   1.79  -2.28   2.50  -2.19  -2.12
 1910   1.85   3.24   1.15  -1.26   1.97   0.12  -0.57  -0.85  -1.90  -1.38  -1.76  -0.24
 1911   0.36   0.48  -0.04  -0.80   2.28  -0.36  -2.07  -0.62   0.13  -1.01   0.58   1.21
 1912  -0.97  -1.70   2.66   0.47   0.21   0.13  -1.04  -1.23  -3.01   1.21   0.70   2.21
 1913   0.93  -0.11   3.19   2.67   1.93   2.16  -1.11   0.64  -0.91  -1.29   3.61   0.02
 1914  -0.68   2.08   2.09   1.30   2.41   2.06   0.23   0.68  -0.26  -0.73   0.24   1.33
 1915   1.10   1.32  -3.00   2.43  -2.97  -2.99   0.34  -3.91  -1.77   0.92  -3.25  -1.87
 1916   1.81   2.11  -2.40   1.29  -0.29  -2.36  -0.18  -1.50  -0.86   2.33   0.36  -2.39
 1917  -2.11  -1.15  -0.18  -2.88  -2.67   1.19  -2.07   0.75   1.79   2.44   1.44  -1.73
 1918  -3.67   2.32   0.49  -0.94  -0.07   0.65  -2.37   0.86   1.34   1.92   0.00   0.99
 1919   0.29  -1.98   0.03   0.98  -0.62   2.63  -0.34   0.52   1.33  -3.33  -1.76   2.84
 1920   2.33   1.29   3.42  -1.25   1.92  -0.11   3.43  -2.23   1.01  -0.78   1.34  -1.63
 1921   1.45  -0.14   3.31  -1.10   3.18  -0.93  -1.04   1.44   0.21  -1.51  -0.23   2.48
 1922   0.62   2.51   0.24  -0.29   1.29   2.79   2.62   1.82   1.47  -3.86  -1.04   1.35
 1923   1.27   1.33  -0.36   0.77  -1.23   0.32   2.45   0.72   2.10   2.05   0.71   0.96
 1924   0.46  -0.89  -3.49  -1.52   0.55   0.34   1.99   2.73   1.55   0.52   0.06   2.10
 1925   0.31   2.30  -1.79   2.04   1.94  -0.24   1.33   1.44  -0.52  -1.53  -2.41  -3.42
 1926   0.56   0.75   0.09   0.93  -1.79  -1.65  -0.18   0.89  -1.95  -2.55   2.91  -1.43
 1927   2.41   0.20   2.11   0.77  -2.58   0.29  -0.39   1.37   0.77  -3.20   0.32  -3.16
 1928   3.17   1.44  -0.78   0.88  -3.06  -2.78   0.17  -1.40  -1.61   2.16   1.73   0.52
 1929  -4.19  -0.02  -2.06  -3.14   1.89  -0.75  -0.94   0.50   0.72   2.19   2.44   2.46
 1930   2.12  -0.76  -0.64  -0.31   1.75   2.47  -0.82  -0.13  -2.99   1.09   0.97   1.98
 1931   0.01   1.64  -3.61   0.93  -0.03  -1.74   2.09  -3.39  -2.29  -1.60   1.84  -0.45
 1932   0.91  -3.92  -1.34   1.19  -1.54  -1.59   1.42   0.33   0.08   1.75   0.07  -0.02
 1933   0.86  -1.92   0.90  -2.11  -0.54   1.53   1.08   1.38  -1.58  -2.11  -0.10  -0.93
 1934   1.54   0.08   2.30  -1.91   1.65  -2.52   0.15   2.88   1.98   1.02  -1.47  -0.47
 1935  -0.61   2.10  -0.07  -2.01  -2.60   0.99   2.18   1.77   0.74   3.65   2.10  -0.82
 1936  -2.16  -1.93  -0.83  -1.38   0.14  -0.09   0.87   1.56  -3.08   1.42   1.75   1.22
 1937   0.94   0.42  -1.78   0.69   1.51  -0.64  -0.93   0.37   1.50  -0.71  -3.63  -1.16
 1938   1.91  -1.30   1.65  -3.34   0.87   1.57   2.25   1.50   1.44   3.52   2.17   0.83
 1939  -1.68   1.90   0.23  -0.60  -0.30  -0.68  -0.33  -0.11  -4.57  -1.31   1.72  -1.63
 1940  -2.48  -1.52  -1.27  -0.50  -0.59   0.80   0.04  -0.50  -0.17  -0.34   1.79  -0.57
 1941  -2.82  -0.20  -0.92  -2.02  -0.16  -0.40   0.86   0.70  -2.51  -1.50  -1.02   0.23
 1942   1.35  -2.48  -1.76  -0.57  -0.04  -2.29   1.20   1.36   1.48   0.98  -2.78   0.44
 1943   0.02   2.21   0.53   2.59   0.35   0.42   0.14  -1.69   2.47   0.69   0.77   0.29
 1944   0.82  -0.65  -2.27  -0.61  -0.15  -0.19  -3.51   1.23   0.63   1.42   0.07  -1.01
 1945  -2.09   1.73  -0.38  -2.99  -0.03   0.42  -0.97   0.61  -0.41  -2.73  -3.43  -1.58
 1946   1.61  -0.21   0.11   2.37  -2.55   3.10   1.96   2.25   1.61  -3.47  -0.56   1.50
 1947   0.10  -3.25  -2.16   3.55  -0.31   0.15   0.56  -1.89   2.14  -0.65  -1.93  -1.97
 1948   1.41  -0.66   1.07   1.63  -0.57   0.41  -0.86  -0.70   0.56   1.02  -2.01  -0.08
 1949   1.00   1.44  -0.44   2.73   0.54  -1.71  -1.72  -1.62  -1.19   0.23   2.16   0.98
 1950   0.07   1.94  -0.08   2.02  -2.43   0.35   0.28   2.17   3.18   1.38  -0.44  -0.47
 1951   1.47   1.71  -1.35  -1.56  -2.29  -3.02  -0.65   3.71   0.01   0.51   0.95   2.44
 1952   2.13  -1.49  -2.00   2.47  -1.98   0.24   0.00  -0.59  -1.97  -0.22  -2.55  -0.55
 1953  -1.38   0.14  -0.15  -2.11  -1.51   0.81   2.19   1.96   0.76   1.01   1.88   0.32
 1954   0.25   1.60   1.01   0.08  -1.84   1.11   3.37   0.13   3.16   0.95   2.17   1.65
 1955  -1.72  -1.71  -2.79   0.08  -0.29  -0.33  -0.50  -0.91   3.05  -1.49  -3.36  -0.37
 1956  -0.53  -2.45   0.60  -1.60   4.00   0.85  -0.88  -0.90  -0.63  -0.06   0.79   1.60
 1957   1.50  -0.10  -1.17   0.16  -0.14  -3.10  -1.29   0.50  -1.75   1.64  -2.25   1.30
 1958  -0.16  -1.89  -2.30   0.87   0.08  -1.74  -1.98   0.53  -1.53   1.11   1.13  -0.23
 1959  -2.49   0.75   1.46   1.55  -0.97   1.35   1.54  -0.92  -1.52   0.56   1.60   2.41
 1960  -2.00  -2.27  -0.65   0.89  -0.38   0.23   2.24  -3.88   1.02  -2.74   1.09   2.61
 1961   1.23   0.94  -0.11  -0.38  -0.91   3.99   0.38   1.74   2.62   2.22  -0.23  -4.02
 1962   2.34   0.58  -3.68   0.38  -0.13   0.41  -2.70   2.36  -0.69   0.02  -0.47  -1.64
 1963  -5.24  -0.94   1.27  -0.94   4.84  -1.47  -2.13   1.63   1.80   1.23  -0.89  -3.00
 1964  -2.09  -1.60  -1.35   1.22   1.87  -0.24   1.30  -3.06  -0.39   0.84  -0.44  -0.67
 1965   0.08  -4.15  -1.00   3.01  -1.31   1.23  -0.47   1.36   0.19  -0.71  -1.54   1.01
 1966  -2.99  -1.39   0.25  -1.10   2.15   0.85   0.92  -2.89  -1.01  -3.53  -0.05   1.52
 1967  -1.73   1.48   2.81   0.16   0.73   1.38   0.73  -0.12   0.48   2.78   0.93  -1.43
 1968   0.26  -1.42   1.75  -1.57  -1.06   1.04  -3.74  -1.60  -0.23  -1.93  -1.83  -1.52
 1969  -2.62  -2.80  -2.76   1.47  -0.66   0.48   1.50  -0.65   1.39   0.45  -0.52   1.21
 1970  -2.41   1.34  -1.40   0.37   1.80   0.34   0.60  -0.56   0.78  -0.79   0.35  -2.06
 1971  -0.67   0.82   0.12  -1.62   2.37  -1.40  -1.79   3.03  -2.07  -0.53   1.02  -0.03
 1972   0.41   0.70   1.17   1.34   2.81   3.94  -1.16  -0.31  -3.55  -1.40   1.34   1.69
 1973  -0.01   2.13   0.31  -3.61  -0.64   2.14   1.06   0.95  -0.17  -1.40  -1.53   0.02
 1974   2.47   1.27   0.16  -1.16   0.05  -0.49   1.78   0.97   2.22  -0.62   0.61   1.69
 1975   1.76  -0.91  -0.46   0.28  -1.55  -0.90  -0.51  -0.69   2.74  -0.95   0.81  -1.34
 1976   0.49   0.90   1.93  -0.28   2.98   0.82  -2.67  -4.52  -3.99   1.98   1.05  -1.80
 1977  -1.22  -0.36   0.02   0.83  -0.83  -1.49   0.65   0.28  -0.82   1.58  -0.32  -1.61
 1978   1.73  -2.40   3.35  -2.07   0.64   1.50  -1.35  -2.25   0.99  -0.85   2.21  -2.35
 1979  -2.24  -1.24   1.75  -1.07   0.75   0.27   1.03   1.02   0.70   0.40   1.23   1.37
 1980  -1.55   0.36   0.13  -1.29  -2.13   2.13  -0.68  -2.49   2.44  -0.66  -3.12   1.23
 1981   0.94   0.95  -0.75  -1.74   0.64  -1.77   1.84   0.01   0.41   0.77  -0.92  -1.08
 1982  -1.48   1.59   2.44  -1.09   1.19  -2.59  -0.69   3.84   0.90   1.27   2.65   2.45
 1983   2.48  -1.52   1.94  -0.91   0.39   0.21  -0.39   1.54  -1.23   2.16  -3.93   0.20
 1984   3.58   1.32  -1.97  -1.40   1.27   0.70  -1.53   0.40   0.50   1.48   0.69   1.11
 1985  -2.62  -1.36   0.57   0.31  -0.68  -1.37   1.05   2.45  -1.57  -0.42  -3.14  -0.77
 1986   2.72  -2.54   3.98  -0.05   2.46   0.47   0.76  -4.80  -3.43   3.33   3.73   1.73
 1987  -3.59  -0.70   0.00   0.53  -1.54  -0.97  -0.04  -3.46   0.25   1.05  -0.27  -2.51
 1988   1.55   0.48   0.83  -2.28  -0.27   0.21   1.88   2.22   0.77  -0.98  -2.68  -0.13
 1989   2.07   3.12   3.23   0.82  -0.23  -1.17  -0.54   3.29  -0.04   0.85  -1.31  -3.23
 1990   3.16   3.25   2.12   2.87  -3.24   1.63   0.05   1.16  -0.32   1.01  -1.61   0.83
 1991   0.87   0.53   0.08   1.17   0.18   0.38  -0.63   1.07   0.35  -0.33   1.86  -0.87
 1992  -1.67   1.86   2.51   2.05  -0.73  -0.49   0.57   3.65   0.74  -1.41   3.36   0.97
 1993   2.13  -0.13   0.91   1.69  -2.97  -0.37   1.04  -1.28  -0.68  -3.21   1.92   2.97
 1994   2.30  -0.24   4.24   1.45  -0.57   2.02   0.79  -1.00  -0.11  -1.16  -0.14   1.63
 1995   2.02   2.31   1.91  -2.10  -0.92  -2.73  -1.45  -2.46   0.30  -0.19  -3.18  -4.14
 1996  -1.48   0.90  -2.79  -0.97  -1.75   0.70   1.36   0.59  -0.90   1.29   1.62  -3.40
 1997  -2.58   3.37   1.35  -2.77  -1.53  -2.59   0.66   0.67  -1.18  -2.95  -0.15  -1.10
 1998  -0.41   0.35   0.14   0.82  -0.70  -0.83   0.66   1.25  -1.41   1.22   0.69   1.46
 1999   1.55   1.73   0.60   0.04   0.17   1.05  -1.45  -3.16   0.93   0.44   0.60   1.53
 2000   0.07   2.75  -0.13  -2.25   1.12  -0.27  -2.67   0.60   0.41   3.54   0.43  -1.58
 2001  -0.03  -0.63  -1.20   1.41  -1.18  -1.80   0.68 -99.90 -99.90 -99.90 -99.90 -99.90
    -99.9000
  http://psl.noaa.gov/data/timeseries/month/RNAO/
  Reconstructed NAO: see url for source
  units=norm
