 1950 2025
1950     0.780    -0.940    -0.220     0.460     0.280     0.190     0.860     1.350    -1.430     0.310     1.200     0.770
1951     0.230     1.250    -0.910    -0.770     0.500    -0.020    -1.570     1.530    -0.820     0.780     0.430    -0.710
1952    -0.500    -0.750    -0.390     1.010    -0.380    -0.560     0.160    -0.990    -0.700     1.780     1.240     0.850
1953    -0.090    -0.610    -1.160    -0.190    -0.530     1.600    -1.580     0.320     0.240     1.230     0.020     1.030
1954     0.770     1.630     0.380    -0.540     0.310     0.200     0.520    -0.450    -0.950    -0.590     1.150     3.060
1955    -1.360    -0.870    -0.210    -0.140    -1.270     0.220     1.810     2.420     0.640    -0.090    -0.260    -0.420
1956    -0.230     0.460     0.900     0.250    -0.820     0.660    -0.130    -0.450     1.110     0.270    -0.650     2.250
1957     0.750    -0.920    -0.270     0.830     0.080    -0.640     0.630    -0.220    -0.800    -1.310     0.560    -0.300
1958    -0.340    -0.380     0.280     1.310    -0.340     0.310    -0.330     0.750     1.480     0.730     0.480    -0.600
1959    -0.650     0.230     0.460     0.260     0.730    -0.220    -0.000     0.990     0.190     2.380     2.040     2.290
1960     0.060    -0.290     1.750     0.930     0.470     0.160     1.550     1.810     1.410     2.090     1.440     0.480
1961     1.210    -0.070    -1.640    -0.340     0.410     0.650     0.350     0.140     1.380     2.750     0.500     0.250
1962    -0.530    -0.640    -0.920     0.640    -1.250    -0.090    -0.830    -0.960    -0.140    -0.140     1.210    -0.610
1963    -0.640    -0.020    -0.600     0.950     0.940     0.980     0.770     0.390     0.460     0.230     0.020    -1.550
1964     0.380    -0.460     1.170     0.840     0.070     0.410    -1.060     0.260    -0.840     1.150    -1.030     1.160
1965     0.390    -0.210    -0.420     0.290    -0.610     0.140    -1.360     0.530     0.990     1.670     0.570     0.950
1966     0.330    -0.160    -0.450     1.500     0.240     1.250     0.430     0.230    -1.730     1.900     1.000     3.150
1967     0.190     0.640    -0.730    -1.120     1.370     0.380    -1.720     1.120     1.210    -1.580     1.360    -1.230
1968    -1.060    -0.440    -1.360    -0.200     0.740     1.010     0.870     0.570     0.970    -0.450     1.560     1.060
1969     1.490     1.410     0.520     0.280     1.470     1.050    -2.150     1.440    -0.060    -0.650    -0.270     1.200
1970     0.840    -0.450     1.110    -0.410     0.810     1.530    -1.240     2.240    -0.330    -0.570     0.030     0.730
1971    -0.180     0.110     0.300     0.410     1.340     1.310    -0.000     0.180    -0.300    -0.740    -1.430     0.440
1972     2.420     2.010     0.150    -0.890     1.630     1.750     2.130     1.320     1.240     0.520    -0.340     0.590
1973     1.680    -0.570    -0.240    -0.130     0.270     0.560     1.860    -0.950    -0.670    -0.590    -1.870    -1.520
1974     1.180     0.560     1.710     0.890     0.170     1.410     0.100     0.260     0.850     1.000     0.880     2.060
1975    -0.810     0.290    -0.060    -0.510     0.500     0.280    -0.130     1.720     0.220     1.730     0.100    -1.480
1976    -1.570     0.870     1.170    -0.400     0.360     0.140     2.140     1.530     0.330     2.750     0.680     1.890
1977     1.110     0.840    -0.600    -1.590    -0.250     0.580     2.110     1.380    -0.540     1.800    -0.660     0.490
1978     0.510     0.230     0.430     0.790     0.870     0.440     0.990     0.940    -1.600    -0.500    -0.680    -0.230
1979     0.530     0.190     0.750     0.220    -0.380     0.190    -1.450     0.380    -1.410     1.260    -0.150     0.350
1980     0.440     0.820     1.270     0.620     0.680     0.320     0.630    -1.350    -0.140    -1.170    -0.400    -1.510
1981    -0.750     0.590    -0.870    -1.340     1.420    -1.070     0.700    -0.050    -0.060    -1.350    -0.690    -0.470
1982    -0.770     0.730     0.720    -1.570    -0.860    -0.950     0.390    -0.500    -0.300     1.470     0.210    -0.280
1983    -1.330     0.470    -0.520     1.240     1.480    -0.550     0.740    -0.440     0.060    -1.870    -1.830    -1.870
1984    -0.460     1.310     1.460     1.510     0.980     0.030    -0.720     1.240    -0.380    -0.300     1.130     2.840
1985     0.410    -0.200     1.070    -0.880     1.280     0.110     0.150     0.250    -2.120     0.370     0.060     0.060
1986     0.160     0.940     1.150     0.390     0.140     1.400    -1.950     0.550    -2.040    -1.690     0.150     0.490
1987     0.180    -0.520     1.030     0.660    -1.400     0.320    -0.970    -1.650    -1.010     1.400     0.360    -1.380
1988     0.720     0.600     0.490    -0.960     0.850     1.930     0.810    -0.190    -1.080     0.100    -1.750    -1.980
1989    -0.310    -1.140    -0.620     1.960    -1.850     0.780     0.200     0.210     0.590    -0.650     0.890    -1.580
1990     0.160    -1.680    -1.970    -0.720     0.740     0.030    -0.790    -0.150    -0.210     1.220    -0.080    -0.150
1991    -0.000     1.720     0.920    -0.860    -1.530    -0.710    -0.510    -0.280    -1.370     0.180     0.020     0.010
1992    -0.020    -0.030     0.410     0.320    -0.670     2.340    -1.030    -1.240     1.590    -0.080    -0.730    -0.180
1993    -1.290     0.060    -0.100     0.590     1.490    -0.480    -0.180    -0.630     1.180     0.760     1.900    -0.040
1994    -0.240     1.250    -0.720     0.400     0.520    -1.540     0.600     0.500    -0.020    -1.330    -0.530     1.350
1995    -0.090    -2.080    -0.320    -0.980    -0.350     1.690    -0.360     0.060     0.220     0.690    -0.250    -0.890
1996     2.860    -0.220     2.150     1.240     0.360    -0.330    -1.590     2.930     1.030     0.400     0.010    -0.190
1997     0.070    -0.870    -1.330    -2.440    -0.660     1.640     2.610     1.180    -1.420    -2.170     1.420     0.610
1998     0.590    -0.560    -0.050     0.540     0.250    -1.020    -1.630    -2.190     1.410    -0.490    -0.370    -0.950
1999    -0.010    -1.710     1.680    -0.250    -1.280     0.490    -0.010    -0.390     1.240     0.810    -0.390    -0.340
2000    -1.020    -1.160    -0.920     0.340     0.270    -1.140     1.460    -0.110     1.420     1.070     1.910     0.940
2001     1.450    -0.070    -0.530    -0.520    -0.730    -0.580     0.570    -0.550     0.450     1.320    -2.060     0.680
2002    -0.700    -1.610    -0.390     0.940     1.300    -0.430     0.200     1.220     0.880     0.060     0.800     0.960
2003    -0.510     1.550    -0.360     0.900    -0.670    -0.770     1.010    -1.310    -0.130    -0.620     1.510    -0.940
2004    -0.250    -0.140     1.120     1.040    -1.530    -1.260    -0.500     0.550    -0.210     0.550    -0.970     0.130
2005    -0.360     0.740    -0.690     0.170    -1.490    -0.440     0.680     0.000    -0.500     0.480     0.490     0.940
2006     2.110     0.120    -0.660    -0.110     0.130    -0.110    -0.660     1.890     0.450     1.220    -0.450    -0.040
2007    -2.330     0.540     0.530    -1.320     0.420     1.050    -0.200    -0.130    -0.530    -0.160    -0.810     0.430
2008     0.460    -0.210    -1.760     0.180     0.530    -0.150     1.330    -0.280     1.160    -0.970    -0.710     0.380
2009     0.060     0.530    -0.510    -0.120     0.380     0.270    -1.130    -0.210    -0.800    -0.740     0.820     0.860
2010     1.230     1.040    -0.400    -0.330     0.470    -0.550     0.790    -0.300     0.500     0.330    -0.080     0.600
2011    -0.240     0.300    -0.980    -0.400    -1.080    -0.570     2.480     0.240    -0.610    -0.270     0.620     0.530
2012     0.570     0.340    -0.470    -0.930    -0.580    -1.420    -0.560     0.850    -0.930    -0.280     0.680     2.000
2013     0.080     1.000    -0.570    -1.100     0.480     0.300    -0.030    -0.820     0.380     0.670    -0.700    -0.730
2014     1.750     1.100    -0.470    -0.660    -0.490     0.190     1.560    -0.590     1.140     1.110     1.770    -0.400
2015    -0.180    -0.370     0.390    -1.490    -2.150    -1.520    -1.110     0.870     1.090     0.620    -0.400     0.080
2016    -0.680    -0.540    -0.230    -0.110     1.050    -0.950    -0.700    -0.440    -0.990     1.050    -0.060    -1.180
2017     0.170     0.670    -1.020    -1.450     0.950    -1.430     0.030    -1.570     0.460     0.300    -0.080    -0.480
2018     0.440     0.430    -0.810     0.320     1.690    -0.770     2.270    -1.050    -0.740    -1.110     1.890     1.350
2019    -0.090    -0.400    -0.930     2.090    -0.110    -0.160    -0.690    -2.090    -0.520     0.160     1.450     0.840
2020    -0.550    -2.690    -0.880    -1.520    -2.370     0.580    -2.290    -1.560    -0.470     1.450    -0.110     2.330
2021     0.310     0.310    -0.930    -1.160    -1.060    -0.110     1.480    -1.400    -0.140    -0.180    -0.770     0.320
2022    -0.930    -2.070     0.960    -0.720    -1.500     0.040    -0.540     0.990     0.500    -0.170     1.600     0.910
2023     0.740    -0.710    -2.070     1.340    -1.120     0.800    -0.620    -1.070    -0.250    -0.580    -0.110     0.670
2024    -1.210    -0.550     0.820    -0.690     0.850    -1.240    -1.610    -1.180     0.410     1.110    -0.790    -0.630
2025    -0.720     1.380    -0.180    -0.880    -0.690 -9999.000 -9999.000 -9999.000 -9999.000 -9999.000 -9999.000 -9999.000
-9999
Scandiavia Teleconnection index Index from NOAA/CPC reformatted at PSL
ftp://ftp.cpc.ncep.noaa.gov/wd52dg/data/indices/scand_index.tim
https://psl.noaa.gov/data/timeseries/
See cpc page https://www.cpc.ncep.noaa.gov/data/teledoc/scand.shtml
https://psl.noaa.gov/data/timeseries/ up-to-date version of cpc as of Wed Jun 11 12:16:54 MDT 2025
Represents potential blocking over Scandanavia and Western Russia
