1900 2018
1900 -79.5537 -79.5537 -79.5537 -79.5537 -79.5537 -79.5537 -79.5537 -79.5537 -79.5537 -79.5537 -79.5537 -79.5537
1901 -78.7038 -78.7038 -78.7038 -78.7038 -78.7038 -78.7038 -78.7038 -78.7038 -78.7038 -78.7038 -78.7038 -78.7038
1902 -77.8436 -77.8436 -77.8436 -77.8436 -77.8436 -77.8436 -77.8436 -77.8436 -77.8436 -77.8436 -77.8436 -77.8436
1903 -77.2721 -77.2721 -77.2721 -77.2721 -77.2721 -77.2721 -77.2721 -77.2721 -77.2721 -77.2721 -77.2721 -77.2721
1904 -76.4307 -76.4307 -76.4307 -76.4307 -76.4307 -76.4307 -76.4307 -76.4307 -76.4307 -76.4307 -76.4307 -76.4307
1905 -75.4351 -75.4351 -75.4351 -75.4351 -75.4351 -75.4351 -75.4351 -75.4351 -75.4351 -75.4351 -75.4351 -75.4351
1906 -74.6353 -74.6353 -74.6353 -74.6353 -74.6353 -74.6353 -74.6353 -74.6353 -74.6353 -74.6353 -74.6353 -74.6353
1907 -73.9833 -73.9833 -73.9833 -73.9833 -73.9833 -73.9833 -73.9833 -73.9833 -73.9833 -73.9833 -73.9833 -73.9833
1908 -73.1935 -73.1935 -73.1935 -73.1935 -73.1935 -73.1935 -73.1935 -73.1935 -73.1935 -73.1935 -73.1935 -73.1935
1909 -72.4466 -72.4466 -72.4466 -72.4466 -72.4466 -72.4466 -72.4466 -72.4466 -72.4466 -72.4466 -72.4466 -72.4466
1910 -71.7511 -71.7511 -71.7511 -71.7511 -71.7511 -71.7511 -71.7511 -71.7511 -71.7511 -71.7511 -71.7511 -71.7511
1911 -70.862  -70.862  -70.862  -70.862  -70.862  -70.862  -70.862  -70.862  -70.862  -70.862  -70.862  -70.862
1912 -70.1115 -70.1115 -70.1115 -70.1115 -70.1115 -70.1115 -70.1115 -70.1115 -70.1115 -70.1115 -70.1115 -70.1115
1913 -69.4271 -69.4271 -69.4271 -69.4271 -69.4271 -69.4271 -69.4271 -69.4271 -69.4271 -69.4271 -69.4271 -69.4271
1914 -68.2949 -68.2949 -68.2949 -68.2949 -68.2949 -68.2949 -68.2949 -68.2949 -68.2949 -68.2949 -68.2949 -68.2949
1915   -66.7453 -66.7453 -66.7453 -66.7453 -66.7453 -66.7453 -66.7453 -66.7453 -66.7453 -66.7453 -66.7453 -66.7453
1916   -65.7443 -65.7443 -65.7443 -65.7443 -65.7443 -65.7443 -65.7443 -65.7443 -65.7443 -65.7443 -65.7443 -65.7443
1917   -64.5502 -64.5502 -64.5502 -64.5502 -64.5502 -64.5502 -64.5502 -64.5502 -64.5502 -64.5502 -64.5502 -64.5502
1918   -63.5014 -63.5014 -63.5014 -63.5014 -63.5014 -63.5014 -63.5014 -63.5014 -63.5014 -63.5014 -63.5014 -63.5014
1919   -62.634 -62.634 -62.634 -62.634 -62.634 -62.634 -62.634 -62.634 -62.634 -62.634 -62.634 -62.634
1920   -62.1116 -62.1116 -62.1116 -62.1116 -62.1116 -62.1116 -62.1116 -62.1116 -62.1116 -62.1116 -62.1116 -62.1116
1921   -61.498 -61.498 -61.498 -61.498 -61.498 -61.498 -61.498 -61.498 -61.498 -61.498 -61.498 -61.498
1922   -60.7543 -60.7543 -60.7543 -60.7543 -60.7543 -60.7543 -60.7543 -60.7543 -60.7543 -60.7543 -60.7543 -60.7543
1923   -59.5634 -59.5634 -59.5634 -59.5634 -59.5634 -59.5634 -59.5634 -59.5634 -59.5634 -59.5634 -59.5634 -59.5634
1924   -58.6226 -58.6226 -58.6226 -58.6226 -58.6226 -58.6226 -58.6226 -58.6226 -58.6226 -58.6226 -58.6226 -58.6226
1925   -57.689 -57.689 -57.689 -57.689 -57.689 -57.689 -57.689 -57.689 -57.689 -57.689 -57.689 -57.689
1926   -56.6262 -56.6262 -56.6262 -56.6262 -56.6262 -56.6262 -56.6262 -56.6262 -56.6262 -56.6262 -56.6262 -56.6262
1927   -55.4939 -55.4939 -55.4939 -55.4939 -55.4939 -55.4939 -55.4939 -55.4939 -55.4939 -55.4939 -55.4939 -55.4939
1928   -54.4713 -54.4713 -54.4713 -54.4713 -54.4713 -54.4713 -54.4713 -54.4713 -54.4713 -54.4713 -54.4713 -54.4713
1929   -53.4963 -53.4963 -53.4963 -53.4963 -53.4963 -53.4963 -53.4963 -53.4963 -53.4963 -53.4963 -53.4963 -53.496
1930   -52.5349 -52.5349 -52.5349 -52.5349 -52.5349 -52.5349 -52.5349 -52.5349 -52.5349 -52.5349 -52.5349 -52.5349
1931   -51.2187 -51.2187 -51.2187 -51.2187 -51.2187 -51.2187 -51.2187 -51.2187 -51.2187 -51.2187 -51.2187 -51.2187 
1932   -50.2873 -50.2873 -50.2873 -50.2873 -50.2873 -50.2873 -50.2873 -50.2873 -50.2873 -50.2873 -50.2873 -50.2873 
1933   -49.379 -49.379 -49.379 -49.379 -49.379 -49.379 -49.379 -49.379 -49.379 -49.379 -49.379 -49.379 
1934   -48.6411 -48.6411 -48.6411 -48.6411 -48.6411 -48.6411 -48.6411 -48.6411 -48.6411 -48.6411 -48.6411 -48.6411 
1935   -47.7618 -47.7618 -47.7618 -47.7618 -47.7618 -47.7618 -47.7618 -47.7618 -47.7618 -47.7618 -47.7618 -47.7618 
1936   -46.6928 -46.6928 -46.6928 -46.6928 -46.6928 -46.6928 -46.6928 -46.6928 -46.6928 -46.6928 -46.6928 -46.6928
1937   -45.7528 -45.7528 -45.7528 -45.7528 -45.7528 -45.7528 -45.7528 -45.7528 -45.7528 -45.7528 -45.7528 -45.7528
1938   -44.7736 -44.7736 -44.7736 -44.7736 -44.7736 -44.7736 -44.7736 -44.7736 -44.7736 -44.7736 -44.7736 -44.7736
1939   -43.993 -43.993 -43.993 -43.993 -43.993 -43.993 -43.993 -43.993 -43.993 -43.993 -43.993 -43.993
1940   -43.0423 -43.0423 -43.0423 -43.0423 -43.0423 -43.0423 -43.0423 -43.0423 -43.0423 -43.0423 -43.0423 -43.0423
1941   -42.0047 -42.0047 -42.0047 -42.0047 -42.0047 -42.0047 -42.0047 -42.0047 -42.0047 -42.0047 -42.0047 -42.0047 
1942   -41.0631 -41.0631 -41.0631 -41.0631 -41.0631 -41.0631 -41.0631 -41.0631 -41.0631 -41.0631 -41.0631 -41.0631 
1943   -39.9758 -39.9758 -39.9758 -39.9758 -39.9758 -39.9758 -39.9758 -39.9758 -39.9758 -39.9758 -39.9758 -39.9758 
1944   -38.8148 -38.8148 -38.8148 -38.8148 -38.8148 -38.8148 -38.8148 -38.8148 -38.8148 -38.8148 -38.8148 -38.8148 
1945   -37.8147 -37.8147 -37.8147 -37.8147 -37.8147 -37.8147 -37.8147 -37.8147 -37.8147 -37.8147 -37.8147 -37.8147 
1946   -36.8813 -36.8813 -36.8813 -36.8813 -36.8813 -36.8813 -36.8813 -36.8813 -36.8813 -36.8813 -36.8813 -36.8813 
1947   -35.8419 -35.8419 -35.8419 -35.8419 -35.8419 -35.8419 -35.8419 -35.8419 -35.8419 -35.8419 -35.8419 -35.8419 
1948   -34.9281 -34.9281 -34.9281 -34.9281 -34.9281 -34.9281 -34.9281 -34.9281 -34.9281 -34.9281 -34.9281 -34.9281 
1949   -34.3086 -34.3086 -34.3086 -34.3086 -34.3086 -34.3086 -34.3086 -34.3086 -34.3086 -34.3086 -34.3086 -34.3086 
1950   -33.1972 -33.1972 -33.1972 -33.1972 -33.1972 -33.1972 -33.1972 -33.1972 -33.1972 -33.1972 -33.1972 -33.1972
1951  -32.4193 -32.4193 -32.4193 -32.4193 -32.4193 -32.4193 -32.4193 -32.4193 -32.4193 -32.4193 -32.4193 -32.4193
1952   -31.4925 -31.4925 -31.4925 -31.4925 -31.4925 -31.4925 -31.4925 -31.4925 -31.4925 -31.4925 -31.4925 -31.4925
1953   -30.4918 -30.4918 -30.4918 -30.4918 -30.4918 -30.4918 -30.4918 -30.4918 -30.4918 -30.4918 -30.4918 -30.4918
1954   -29.6755 -29.6755 -29.6755 -29.6755 -29.6755 -29.6755 -29.6755 -29.6755 -29.6755 -29.6755 -29.6755 -29.6755
1955   -29.2106 -29.2106 -29.2106 -29.2106 -29.2106 -29.2106 -29.2106 -29.2106 -29.2106 -29.2106 -29.2106 -29.2106
1956   -28.3047 -28.3047 -28.3047 -28.3047 -28.3047 -28.3047 -28.3047 -28.3047 -28.3047 -28.3047 -28.3047 -28.3047
1957   -27.3199 -27.3199 -27.3199 -27.3199 -27.3199 -27.3199 -27.3199 -27.3199 -27.3199 -27.3199 -27.3199 -27.3199
1958   -26.576 -26.576 -26.576 -26.576 -26.576 -26.576 -26.576 -26.576 -26.576 -26.576 -26.576 -26.576
1959   -26.0289 -26.0289 -26.0289 -26.0289 -26.0289 -26.0289 -26.0289 -26.0289 -26.0289 -26.0289 -26.0289 -26.0289
1960   -25.2823 -25.2823 -25.2823 -25.2823 -25.2823 -25.2823 -25.2823 -25.2823 -25.2823 -25.2823 -25.2823 -25.2823
1961   -24.5346 -24.5346 -24.5346 -24.5346 -24.5346 -24.5346 -24.5346 -24.5346 -24.5346 -24.5346 -24.5346 -24.5346
1962   -23.7049 -23.7049 -23.7049 -23.7049 -23.7049 -23.7049 -23.7049 -23.7049 -23.7049 -23.7049 -23.7049 -23.7049
1963   -23.345 -23.345 -23.345 -23.345 -23.345 -23.345 -23.345 -23.345 -23.345 -23.345 -23.345 -23.345
1964   -23.3475 -23.3475 -23.3475 -23.3475 -23.3475 -23.3475 -23.3475 -23.3475 -23.3475 -23.3475 -23.3475 -23.3475
1965   -23.2198 -23.2198 -23.2198 -23.2198 -23.2198 -23.2198 -23.2198 -23.2198 -23.2198 -23.2198 -23.2198 -23.2198
1966   -22.8589 -22.8589 -22.8589 -22.8589 -22.8589 -22.8589 -22.8589 -22.8589 -22.8589 -22.8589 -22.8589 -22.8589
1967   -22.5269 -22.5269 -22.5269 -22.5269 -22.5269 -22.5269 -22.5269 -22.5269 -22.5269 -22.5269 -22.5269 -22.5269
1968   -22.3153 -22.3153 -22.3153 -22.3153 -22.3153 -22.3153 -22.3153 -22.3153 -22.3153 -22.3153 -22.3153 -22.3153
1969   -21.8437 -21.8437 -21.8437 -21.8437 -21.8437 -21.8437 -21.8437 -21.8437 -21.8437 -21.8437 -21.8437 -21.8437
1970   -21.5511 -21.5511 -21.5511 -21.5511 -21.5511 -21.5511 -21.5511 -21.5511 -21.5511 -21.5511 -21.5511 -21.5511
1971   -21.0833 -21.0833 -21.0833 -21.0833 -21.0833 -21.0833 -21.0833 -21.0833 -21.0833 -21.0833 -21.0833 -21.0833
1972   -21.0418 -21.0418 -21.0418 -21.0418 -21.0418 -21.0418 -21.0418 -21.0418 -21.0418 -21.0418 -21.0418 -21.0418
1973   -20.7679 -20.7679 -20.7679 -20.7679 -20.7679 -20.7679 -20.7679 -20.7679 -20.7679 -20.7679 -20.7679 -20.7679
1974   -20.3597 -20.3597 -20.3597 -20.3597 -20.3597 -20.3597 -20.3597 -20.3597 -20.3597 -20.3597 -20.3597 -20.3597
1975   -20.0442 -20.0442 -20.0442 -20.0442 -20.0442 -20.0442 -20.0442 -20.0442 -20.0442 -20.0442 -20.0442 -20.0442
1976   -19.9176 -19.9176 -19.9176 -19.9176 -19.9176 -19.9176 -19.9176 -19.9176 -19.9176 -19.9176 -19.9176 -19.9176
1977   -19.3584 -19.3584 -19.3584 -19.3584 -19.3584 -19.3584 -19.3584 -19.3584 -19.3584 -19.3584 -19.3584 -19.3584
1978   -18.7526 -18.7526 -18.7526 -18.7526 -18.7526 -18.7526 -18.7526 -18.7526 -18.7526 -18.7526 -18.7526 -18.7526
1979   -18.1292 -18.1292 -18.1292 -18.1292 -18.1292 -18.1292 -18.1292 -18.1292 -18.1292 -18.1292 -18.1292 -18.1292
1980   -17.6875 -17.6875 -17.6875 -17.6875 -17.6875 -17.6875 -17.6875 -17.6875 -17.6875 -17.6875 -17.6875 -17.6875
1981   -17.2355 -17.2355 -17.2355 -17.2355 -17.2355 -17.2355 -17.2355 -17.2355 -17.2355 -17.2355 -17.2355 -17.2355
1982   -16.8575 -16.8575 -16.8575 -16.8575 -16.8575 -16.8575 -16.8575 -16.8575 -16.8575 -16.8575 -16.8575 -16.8575
1983   -16.6097 -16.6097 -16.6097 -16.6097 -16.6097 -16.6097 -16.6097 -16.6097 -16.6097 -16.6097 -16.6097 -16.6097
1984   -16.0171 -16.0171 -16.0171 -16.0171 -16.0171 -16.0171 -16.0171 -16.0171 -16.0171 -16.0171 -16.0171 -16.0171
1985   -15.4777 -15.4777 -15.4777 -15.4777 -15.4777 -15.4777 -15.4777 -15.4777 -15.4777 -15.4777 -15.4777 -15.4777
1986   -15.129 -15.129 -15.129 -15.129 -15.129 -15.129 -15.129 -15.129 -15.129 -15.129 -15.129 -15.129
1987  -14.8094 -14.8094 -14.8094 -14.8094 -14.8094 -14.8094 -14.8094 -14.8094 -14.8094 -14.8094 -14.8094 -14.8094
1988   -14.3458 -14.3458 -14.3458 -14.3458 -14.3458 -14.3458 -14.3458 -14.3458 -14.3458 -14.3458 -14.3458 -14.3458
1989   -13.8162 -13.8162 -13.8162 -13.8162 -13.8162 -13.8162 -13.8162 -13.8162 -13.8162 -13.8162 -13.8162 -13.8162
1990   -12.9513 -12.9513 -12.9513 -12.9513 -12.9513 -12.9513 -12.9513 -12.9513 -12.9513 -12.9513 -12.9513 -12.9513
1991  -12.2801 -12.2801 -12.2801 -12.2801 -12.2801 -12.2801 -12.2801 -12.2801 -12.2801 -12.2801 -12.2801 -12.2801
1992  -12.1089 -12.1089 -12.1089 -12.1089 -12.1089 -12.1089 -12.1089 -12.1089 -12.1089 -12.1089 -12.1089 -12.1089
1993  -11.3605 -11.3605 -11.3605 -11.3605 -11.3605 -11.3605 -11.3605 -11.3605 -11.3605 -11.3605 -11.3605 -11.3605
1994  -10.6643 -10.6643 -10.6643 -10.6643 -10.6643 -10.6643 -10.6643 -10.6643 -10.6643 -10.6643 -10.6643 -10.6643
1995  -9.8386 -9.8386 -9.8386 -9.8386 -9.8386 -9.8386 -9.8386 -9.8386 -9.8386 -9.8386 -9.8386 -9.8386
1996  -9.57886 -9.57886 -9.57886 -9.57886 -9.57886 -9.57886 -9.57886 -9.57886 -9.57886 -9.57886 -9.57886 -9.57886
1997  -8.88514 -8.88514 -8.88514 -8.88514 -8.88514 -8.88514 -8.88514 -8.88514 -8.88514 -8.88514 -8.88514 -8.88514
1998  -7.96499 -7.96499 -7.96499 -7.96499 -7.96499 -7.96499 -7.96499 -7.96499 -7.96499 -7.96499 -7.96499 -7.96499
1999  -7.3676 -7.3676 -7.3676 -7.3676 -7.3676 -7.3676 -7.3676 -7.3676 -7.3676 -7.3676 -7.3676 -7.3676
2000  -6.86874 -6.86874 -6.86874 -6.86874 -6.86874 -6.86874 -6.86874 -6.86874 -6.86874 -6.86874 -6.86874 -6.86874
2001  -6.27695 -6.27695 -6.27695 -6.27695 -6.27695 -6.27695 -6.27695 -6.27695 -6.27695 -6.27695 -6.27695 -6.27695
2002  -5.65582 -5.65582 -5.65582 -5.65582 -5.65582 -5.65582 -5.65582 -5.65582 -5.65582 -5.65582 -5.65582 -5.65582
2003  -4.753 -4.753 -4.753 -4.753 -4.753 -4.753 -4.753 -4.753 -4.753 -4.753 -4.753 -4.753
2004  -3.97842 -3.97842 -3.97842 -3.97842 -3.97842 -3.97842 -3.97842 -3.97842 -3.97842 -3.97842 -3.97842 -3.97842
2005  -3.45208 -3.45208 -3.45208 -3.45208 -3.45208 -3.45208 -3.45208 -3.45208 -3.45208 -3.45208 -3.45208 -3.45208
2006  -2.64425 -2.64425 -2.64425 -2.64425 -2.64425 -2.64425 -2.64425 -2.64425 -2.64425 -2.64425 -2.64425 -2.64425
2007  -1.97713 -1.97713 -1.97713 -1.97713 -1.97713 -1.97713 -1.97713 -1.97713 -1.97713 -1.97713 -1.97713 -1.97713
2008  -1.44865 -1.44865 -1.44865 -1.44865 -1.44865 -1.44865 -1.44865 -1.44865 -1.44865 -1.44865 -1.44865 -1.44865
2009  -0.809522 -0.809522 -0.809522 -0.809522 -0.809522 -0.809522 -0.809522 -0.809522 -0.809522 -0.809522 -0.809522 -0.809522
2010  0.104115 0.104115 0.104115 0.104115 0.104115 0.104115 0.104115 0.104115 0.104115 0.104115 0.104115 0.104115
2011  0.734044 0.734044 0.734044 0.734044 0.734044 0.734044 0.734044 0.734044 0.734044 0.734044 0.734044 0.734044
2012 1.00062 1.00062 1.00062 1.00062 1.00062 1.00062 1.00062 1.00062 1.00062 1.00062 1.00062 1.00062
2013  1.86745 1.86745 1.86745 1.86745 1.86745 1.86745 1.86745 1.86745 1.86745 1.86745 1.86745 1.86745
2014   2.6078 2.6078 2.6078 2.6078 2.6078 2.6078 2.6078 2.6078 2.6078 2.6078 2.6078 2.6078
2015  3.39266 3.39266 3.39266 3.39266 3.39266 3.39266 3.39266 3.39266 3.39266 3.39266 3.39266 3.39266
2016  4.09802 4.09802 4.09802 4.09802 4.09802 4.09802 4.09802 4.09802 4.09802 4.09802 4.09802 4.09802
2017  4.98592 4.98592 4.98592 4.98592 4.98592 4.98592 4.98592 4.98592 4.98592 4.98592 4.98592 4.98592
2018  5.27204 5.27204 5.27204 5.27204 5.27204 5.27204 5.27204 5.27204 5.27204 5.27204 5.27204 5.27204
 -999.0
1900-2018
https://podaac.jpl.nasa.gov/dataset/JPL_RECON_GMSL
psl
