1966 2024
1966 -9999 -9999 -9999 -9999 -9999 -9999 -9999 -9999 -9999 -9999  34.94 43.00
1967 48.52 47.43 42.98 33.11 22.79 14.37 8.21 5.31 5.87 17.57 34.51 44.07
1968 46.29 43.74 37.63 28.00 16.39 7.95 -9999 2.09 3.94 19.77 35.48 43.77
1969 47.73 48.23 41.88 30.45 18.91 -9999 -9999 -9999 -9999 -9999 34.17 43.35
1970 48.26 44.91 42.00 33.81 21.33 12.51 4.94 3.00 4.79 21.84 35.51 46.12
1971 47.41 46.24 44.07 31.25 19.96 9.98 -9999 -9999 -9999 21.53 34.17 44.12
1972 47.31 48.89 40.89 31.54 19.76 11.17 5.02 4.44 7.76 21.52 35.87 44.80
1973 46.25 46.62 40.31 31.39 21.18 12.11 5.29 3.69 5.68 17.96 37.32 44.29
1974 46.05 45.33 39.47 30.93 23.09 11.64 4.71 3.48 4.01 19.01 30.49 39.49
1975 44.95 44.94 41.27 31.67 19.90 11.08 4.60 3.09 5.27 16.78 30.81 42.45
1976 45.68 45.23 41.45 30.06 22.48 13.89 5.71 3.35 5.18 25.72 34.64 42.27
1977 49.00 44.39 40.05 30.94 20.14 11.76 5.43 3.50 7.39 19.06 31.59 44.97
1978 49.72 51.32 43.76 30.20 22.09 14.97 6.88 4.77 6.12 17.96 31.58 43.91
1979 49.41 47.68 43.72 34.61 22.82 12.15 5.93 4.15 5.45 14.68 28.28 37.87
1980 45.91 48.50 42.77 33.57 20.57 10.90 5.40 4.23 4.92 13.61 31.28 37.44
1981 41.89 43.72 42.65 33.62 22.48 13.42 5.80 4.56 4.54 16.75 33.58 43.74
1982 48.25 46.27 40.69 31.76 18.91 9.08 3.29 3.05 5.39 17.43 33.71 42.99
1983 46.51 46.81 40.41 30.12 20.97 10.35 4.27 3.14 5.11 17.17 32.63 44.40
1984 46.52 45.12 41.12 30.62 18.51 8.45 3.39 2.52 3.92 17.44 33.40 42.33
1985 50.18 48.52 44.28 32.68 22.51 13.41 4.94 2.99 4.55 17.45 37.90 46.25
1986 46.38 47.92 39.93 30.37 20.49 11.03 4.27 3.00 6.51 17.44 33.92 41.89
1987 47.77 45.74 43.63 31.03 18.57 12.16 5.18 2.74 5.18 13.35 32.14 42.51
1988 47.39 45.42 39.87 29.04 18.82 8.06 3.35 2.31 4.05 12.78 31.59 41.31
1989 45.89 44.23 38.57 30.04 18.06 9.19 4.01 2.41 5.74 16.68 32.82 44.96
1990 45.67 43.51 37.12 28.12 17.04 7.17 2.97 2.38 3.84 15.25 30.21 44.21
1991 46.24 45.59 39.45 28.57 18.88 10.64 3.39 3.02 4.21 15.58 34.35 43.03
1992 46.22 43.53 38.54 28.82 18.91 10.26 3.59 2.44 5.79 16.78 34.05 45.73
1993 46.88 45.27 39.78 28.38 18.62 7.91 3.33 2.63 5.38 18.22 38.60 44.03
1994 45.27 45.92 39.40 29.75 18.68 9.00 3.28 2.71 4.87 14.23 33.61 43.58
1995 46.13 42.67 38.25 32.95 19.30 9.48 3.97 3.53 6.26 17.54 35.04 44.11
1996 46.93 45.03 41.86 33.12 20.74 11.25 3.96 2.60 6.59 19.14 35.25 41.96
1997 46.76 45.58 39.02 30.99 19.97 10.11 4.34 3.63 6.86 17.54 34.45 44.29
1998 46.08 44.77 41.35 30.88 18.83 9.48 3.93 3.14 5.96 19.38 33.98 43.73
1999 44.69 43.85 39.67 29.68 18.92 8.70 3.43 2.61 5.01 17.55 34.05 42.99
2000 47.61 45.54 39.59 29.45 19.35 9.72 3.55 2.86 6.45 18.50 35.11 44.37
2001 47.05 45.50 40.52 29.62 17.77 8.75 3.51 2.65 5.90 19.06 31.86 45.23
2002 46.93 42.93 37.62 30.54 19.49 9.23 3.41 2.86 5.92 23.24 35.60 45.87
2003 48.01 48.54 41.68 31.43 20.13 10.25 3.38 2.76 5.11 18.21 35.62 43.26
2004 48.08 45.48 38.70 29.45 20.27 9.76 3.69 2.54 5.18 19.69 34.12 44.37
2005 46.56 47.64 41.08 29.51 17.43 9.07 3.55 2.61 4.94 16.77 32.04 44.52
2006 48.01 46.03 40.98 30.13 18.55 8.41 3.48 2.59 4.44 20.35 34.21 42.27
2007 45.37 45.30 39.42 28.32 17.30 8.38 3.00 2.35 4.30 16.20 33.22 44.59
2008 50.28 47.41 37.85 29.29 17.46 6.69 2.49 2.57 5.32 16.63 32.53 43.99
2009 47.60 44.93 39.71 29.52 18.22 7.13 2.67 2.32 4.32 21.01 34.77 46.45
2010 48.84 49.05 41.14 28.64 15.38 6.02 2.51 2.36 5.41 18.97 34.41 46.47
2011 49.10 48.08 42.63 29.93 16.80 6.05 2.47 2.24 5.21 17.34 36.93 43.30
2012 47.47 48.33 40.74 28.27 16.14 4.92 2.33 2.32 4.31 20.14 36.54 46.85
2013 49.22 47.00 41.68 32.59 16.28 6.01 3.02 2.88 6.49 21.01 34.76 45.27
2014 46.03 46.81 38.41 28.55 17.01 6.80 2.87 2.59 7.24 22.88 36.57 43.65
2015 47.32 44.99 38.46 30.09 17.00 5.43 2.52 2.58 5.87 21.40 36.25 43.48
2016 48.80 43.51 37.16 27.91 16.34 5.58 2.55 2.63 5.73 22.95 36.93 45.40
2017 49.18 45.96 40.07 31.17 20.73 9.27 3.45 2.91 6.15 21.17 35.97 43.57
2018 46.93 46.29 41.83 32.06 18.26 7.84 3.01 2.73 6.37 20.06 37.77 44.55
2019 47.24 46.03 39.48 29.06 17.06 5.94 2.61 2.51 5.14 22.26 37.06 43.47
2020 46.38 43.48 37.71 29.14 16.66 5.96 2.41 2.29 4.50 21.22 35.97 43.70
2021 46.77 46.09 38.61 28.84 16.21 6.17 2.81 2.54 5.59 18.14 35.45 44.51
2022 47.29 45.78 40.04 30.86 17.96 5.51 2.67 2.45 5.93 18.66 37.75 43.56
2023 46.27 45.53 39.26 30.27 16.74 5.96 2.81 2.57 5.35 18.73 35.59 42.47
2024 46.89 43.84 38.37 27.81 17.13 6.59 2.75 2.61 4.94 18.88  -9999 -9999
 -9999
Northern Hemisphere Snow Cover Extent (1966-2024)
Units million square km
1991-2020 Annual Mean 24.91
Decadal Trend -0.40
Date Value Anomaly Monthly Mean
https://climate.rutgers.edu/snowcover/table_area.php?ui_set=1&ui_sort=0