 1836 2015
1836  -0.542  -1.550  -2.604  -1.916  -0.122  -0.341  -0.028  -0.404  -1.047  -1.683  -1.222  -0.545
1837  -0.817  -1.811  -2.564  -1.058  -0.561  -0.540  -0.043  -0.364  -0.741  -1.184  -1.115  -0.455
1838  -0.369  -1.014  -2.421  -1.771  -0.369  -0.161  -0.450  -0.525  -0.534  -1.667  -1.042  -0.394
1839  -0.309  -0.535  -1.366  -0.529   0.175  -0.024   0.400   0.368   0.723  -0.762  -0.152   0.125
1840   0.430  -0.881  -2.926  -1.234  -0.202  -0.391  -0.155  -0.379  -0.852  -1.742  -0.755  -0.249
1841  -0.541  -1.047  -0.867  -0.132   0.471   0.222   0.367  -0.223   0.064  -1.205  -0.868  -0.147
1842  -0.249  -0.542  -0.380  -0.318   0.400   0.639   0.371   0.200   0.071  -1.375  -0.774  -0.357
1843  -0.171  -0.810  -0.971  -0.334   0.629   0.038   0.239   0.067  -0.384  -1.366  -0.809  -0.291
1844  -0.617  -0.847  -1.816  -0.792   0.102   0.468   0.437   0.217  -0.941  -1.411  -0.618   0.339
1845  -0.097  -0.684  -1.128  -0.401   0.571   0.068   0.005  -0.548  -1.258  -1.896  -0.740  -0.502
1846  -1.057  -2.016  -3.680  -3.320  -1.042  -1.043  -0.899  -0.849  -0.880  -1.677  -1.201  -1.255
1847  -1.093  -3.077  -3.938  -3.356  -1.024  -1.362  -1.051  -1.006  -1.110  -1.708  -1.702  -0.926
1848  -1.277  -2.115  -3.377  -3.063  -0.799  -1.108  -0.015   0.013  -0.660  -1.278  -1.210  -1.031
1849  -1.884  -3.403  -5.071  -3.666  -1.003  -0.853  -0.711  -0.794  -0.727  -1.175  -1.068  -1.055
1850  -0.618  -1.822  -3.419  -2.549  -0.516  -1.158  -0.549  -0.661  -0.855  -1.686  -1.375  -0.616
1851  -1.444  -2.603  -2.449  -1.007  -0.444  -0.749  -0.538  -0.859  -0.822  -1.594  -0.793  -1.136
1852  -1.272  -2.915  -3.919  -3.288  -1.091  -0.860  -0.893  -1.515  -1.231  -1.761  -1.698  -2.122
1853  -2.135  -2.862  -2.016  -0.763  -0.032  -0.614   0.362  -0.117   0.266  -0.885  -0.606  -0.554
1854  -0.640  -1.634  -2.836  -2.508  -0.696  -1.344  -0.558  -0.662   0.158  -0.103  -0.750  -1.718
1855  -1.437  -0.654  -0.345  -0.631  -0.937  -1.706  -0.055   0.351  -0.636  -0.526  -0.522  -0.989
1856  -2.946  -3.380  -2.662  -5.354  -2.028  -0.808   0.073   0.081   0.093  -0.222   0.330   0.485
1857   0.361  -2.082  -4.841  -3.089  -1.453  -0.360  -0.192  -0.393  -0.631  -0.572  -1.862  -1.778
1858  -3.670  -6.190  -6.574  -7.933  -1.901  -2.616  -0.523  -0.224   0.227  -0.196  -0.386  -0.357
1859  -0.815  -3.749  -4.347  -2.815  -1.641  -2.625  -0.777  -1.275  -0.159  -0.851  -0.037  -0.268
1860   0.050  -1.411  -5.059  -3.200  -0.625  -0.399  -0.853  -0.379  -0.675  -0.537  -0.900  -0.570
1861  -1.843  -1.453  -3.724  -2.888  -0.433  -0.767   0.173  -0.052  -1.847  -1.659  -1.699  -2.058
1862  -1.702  -2.183  -4.679  -4.007  -0.980  -1.627  -0.996  -1.011  -0.470  -1.065  -1.590  -0.797
1863  -1.750  -4.669  -3.888  -3.381  -1.565  -0.898   0.105  -0.415  -0.480  -1.209  -1.635  -1.758
1864  -3.007  -4.838  -6.890  -5.781  -2.424  -2.175  -1.239  -0.295  -0.048  -0.431  -1.018  -0.904
1865  -1.772  -4.215  -4.905  -2.993  -1.281  -1.006  -0.752  -0.535  -0.222  -0.978  -1.610  -1.808
1866  -2.042  -3.856  -4.579  -3.401  -0.268  -1.303  -0.708  -0.520  -0.621  -1.012  -1.692  -0.759
1867  -3.412  -3.432  -4.310  -2.467  -1.165  -1.256  -0.844  -0.447  -0.571  -0.697  -1.675  -1.951
1868  -2.324  -2.982  -4.669  -2.849  -1.507  -1.032  -1.202   0.090   0.434  -0.513  -1.265  -1.014
1869  -2.006  -3.246  -3.839  -2.193  -0.477  -0.811  -0.365  -0.706  -1.034  -2.136  -1.342  -0.941
1870  -0.872  -1.214  -1.715   0.183   0.527   0.497   0.523   1.462   0.306  -0.388   0.324  -0.542
1871  -1.077  -2.154  -2.704  -1.552   0.199   0.496   0.964   0.686   0.228  -0.318  -0.471   0.111
1872  -0.135  -0.670  -0.582   0.377   0.430   1.346   0.521   0.196   0.627   0.389   0.362   0.991
1873   0.826   0.644   0.637   1.070   0.871   0.812   0.825   0.693   0.523  -0.319  -0.277   0.433
1874   0.227  -0.527  -0.189   0.437   0.706   0.762   0.382   1.151   1.109   0.001  -1.092   0.039
1875   0.401   0.101  -1.154   0.630   0.758   0.819   0.531   1.115   1.728   0.844  -0.059   0.787
1876   0.060  -0.314  -0.222   0.493   1.231   0.918   0.801   0.763   0.631  -0.270  -0.790  -0.441
1877  -0.502  -1.440  -1.460  -1.064  -0.067  -0.557  -0.295  -0.626  -1.109  -1.924  -1.729  -0.563
1878  -1.668  -1.899  -3.000  -1.433   0.094  -0.122   0.405  -0.584   0.090  -0.146  -0.760   0.398
1879   1.205   0.313  -0.289  -1.072   0.799   1.387   1.709   1.662   0.963   0.202  -0.996  -0.002
1880   0.460  -0.738  -0.616  -0.060   0.275   0.709  -0.021   0.281   0.157  -0.178   0.191  -0.009
1881  -0.261  -2.098  -2.632  -0.385  -0.044  -0.780   0.206   0.206   0.097  -0.614   0.495   0.241
1882   0.516   0.308   0.173   0.008   0.730  -1.181  -0.262  -0.270  -0.640  -0.042  -0.182   0.309
1883  -1.038   0.141  -3.119  -1.274  -1.227  -0.291   0.165   0.284   0.313  -0.768  -0.330  -0.520
1884  -0.674  -1.252   0.027  -0.492  -0.178  -0.655  -0.947  -0.491  -0.127  -0.135  -0.569   0.017
1885  -0.357   0.076  -1.242  -0.425   0.227  -0.102   0.112  -0.831  -0.567  -1.122  -1.125   0.233
1886  -1.163  -1.087  -3.402   1.240   0.582   0.422   0.324   1.418   2.005   0.944   1.003   2.601
1887   1.147   1.555   1.608   2.202   0.933   0.966   0.078  -0.263   0.217  -0.343  -1.114   0.051
1888  -0.485  -2.693  -2.262  -1.497  -0.133  -1.061  -0.663  -1.187  -0.866  -1.325  -1.177  -2.270
1889  -2.039  -3.060  -3.222  -4.288  -1.191   0.608   0.599   0.568   0.496  -0.975  -0.740   1.407
1890   1.643   0.183   1.396   0.629   0.895   0.337   0.180  -0.002   0.415  -0.107  -1.398  -0.107
1891   0.445  -2.003  -5.922  -4.493  -1.844  -2.409  -3.053  -2.298  -1.265  -0.897  -0.502  -0.431
1892  -0.675  -1.959  -0.670  -2.346  -0.734  -0.565  -0.031   0.607   0.692   0.854  -0.170   0.016
1893   0.928   0.251  -0.974  -0.333  -0.317   0.399   0.396   0.188   0.724   0.282   1.073   1.094
1894   2.265   0.133   0.741   0.360  -1.788  -1.169  -0.607  -0.130   0.138  -0.308  -1.405   0.027
1895   0.474  -0.542  -0.964  -0.231  -0.431  -1.874  -1.140  -1.093  -0.922  -1.123  -1.819  -1.634
1896  -1.233  -0.204  -1.851  -2.774  -2.725  -2.665  -0.840  -1.893  -1.320  -2.175  -1.844  -2.063
1897  -2.637  -2.893  -5.595  -4.949  -2.149  -1.146  -0.769  -0.735  -0.568  -0.397  -0.611  -0.367
1898   0.691  -0.384  -0.356  -1.253  -1.802  -0.822  -0.700  -0.600  -0.544  -0.922  -1.617  -0.699
1899  -0.075  -0.276   0.149  -1.571  -1.669  -2.235  -0.842  -1.467  -1.175  -1.730  -1.296  -1.149
1900  -3.286  -2.601  -3.811  -2.710  -0.798  -0.016   0.424  -0.004  -1.136  -2.099  -1.499  -0.790
1901  -0.687  -0.617  -0.888  -2.129  -1.445  -0.837  -0.958  -1.248  -1.227  -2.000  -1.321  -1.906
1902  -0.684  -2.005  -3.883  -5.361  -2.244  -2.731  -1.603  -2.176  -2.044  -2.085  -3.818  -3.519
1903  -3.916  -3.465  -3.705  -3.481  -0.773  -0.662  -0.590  -1.045  -0.957  -1.354  -1.387   0.023
1904   0.524   0.711  -0.587  -0.774  -0.742  -1.103  -0.784  -0.934  -0.903  -0.868  -2.717  -2.134
1905  -1.157  -2.574  -5.739  -4.600  -1.886  -2.254  -1.380  -1.881  -1.213  -2.345  -2.226  -1.555
1906  -1.562  -1.874  -1.696  -2.521  -0.398  -0.464   0.554  -1.797  -0.294  -1.425  -2.043  -1.267
1907  -1.163  -1.964  -3.046  -2.703  -2.132  -1.141  -1.145  -1.715  -1.520  -1.624  -1.994  -2.260
1908  -3.170  -2.781  -5.728  -6.369  -3.746  -3.039  -0.989  -0.878  -1.362  -1.296  -0.990  -1.384
1909  -0.018  -0.924  -0.624  -2.151  -0.682  -0.967   0.119   0.306  -0.000   0.007   0.375   1.100
1910   1.716   1.854   0.339   0.058  -1.015   0.586   1.095   0.681   0.971   0.125   0.726   0.814
1911   0.570  -0.082  -0.779  -1.609  -1.117  -1.617  -1.145  -0.938  -1.200  -1.905  -1.450  -1.403
1912  -3.255  -4.564  -1.926  -3.055  -1.018  -0.682  -0.102  -1.270  -0.583  -1.498  -1.635  -1.431
1913  -1.317  -2.517  -0.967  -2.702  -1.375  -1.545  -1.065  -1.672  -2.025  -2.063  -2.916  -2.749
1914  -2.834  -2.482  -3.068  -3.474  -1.489  -2.178  -1.131  -1.813  -1.908  -3.174  -2.218  -1.665
1915  -2.925  -2.791  -4.653  -6.003  -2.734  -1.167  -0.789  -0.881  -0.206  -1.646  -1.617  -1.099
1916  -0.877  -2.257  -4.214  -6.439  -2.841  -1.206  -1.516  -0.940  -1.145  -1.593   0.012   1.269
1917  -0.313  -0.266   0.146  -0.669  -0.586   0.090   1.020   0.699   0.808  -1.217   0.376  -0.054
1918   0.549  -0.119  -1.691  -1.464  -0.436  -1.397  -1.829  -1.823  -2.530  -2.844  -2.695  -2.846
1919  -3.852  -3.990  -4.931  -4.258  -1.170  -1.909  -0.634  -1.580  -1.697  -2.486  -3.129  -3.688
1920  -2.553  -4.383  -3.770  -2.981  -1.489  -1.237  -1.300  -1.787  -1.795  -2.942  -2.930  -1.501
1921  -0.684  -0.028   0.270  -1.031   0.661   0.900   0.349  -0.660  -0.092  -0.993  -1.469  -0.512
1922  -0.508  -0.025  -0.933  -1.320  -1.528  -0.666  -1.229  -0.805  -0.532  -1.256  -1.311   0.052
1923   0.444  -0.512  -0.636  -0.840  -1.311  -0.335  -2.196  -2.125  -2.181  -2.469  -2.611  -1.435
1924  -2.450  -1.789  -1.398  -2.575  -0.222  -0.714   0.079  -0.413  -0.359  -0.852   0.022  -0.145
1925   0.243   0.457  -0.338  -1.002  -1.151  -1.710  -1.710  -1.199  -1.005  -2.291  -1.190  -2.272
1926  -1.749  -2.668  -3.243  -1.319  -0.650  -2.377  -0.911  -1.701  -0.469  -1.619  -1.288  -0.371
1927   0.428  -1.407   0.743  -0.308   0.043   0.613   0.037  -0.229  -0.637  -1.009  -1.238  -1.028
1928  -1.385  -0.037   0.455   0.148  -0.849  -1.298  -0.286  -0.025   0.539  -0.183  -0.525   0.113
1929   0.237   0.357   0.047  -0.468  -0.649  -0.114  -0.843  -1.252  -1.597  -1.103  -1.015  -1.116
1930  -0.221  -1.597  -1.876  -1.950  -1.196  -0.644  -0.373  -1.421  -1.263  -1.125  -1.970  -1.747
1931  -2.253  -4.117  -1.872  -2.460  -1.386  -2.112  -0.562  -0.664  -0.363  -1.671  -0.763   0.280
1932   0.058  -1.005  -1.065  -2.526  -0.431  -0.719  -1.266  -1.981  -0.561  -0.740  -0.176  -0.016
1933  -1.107  -0.022  -0.854  -0.622  -0.085  -0.961   0.143  -0.931   0.836   0.149   0.385   0.977
1934   1.102   0.224   0.251   0.328  -0.691   0.218   0.358  -0.775  -0.532  -0.655  -0.358  -0.759
1935  -0.032  -0.549   0.579  -0.371  -0.452  -0.007   0.154  -0.473   0.153  -0.629  -0.628  -0.222
1936   0.282  -1.333   0.316  -0.614   0.548  -0.587   0.871  -0.546  -0.072  -0.428  -1.895  -0.770
1937   0.441  -1.061  -0.067  -0.883  -0.468   0.172  -0.395   0.284  -0.431  -1.224  -0.730  -0.120
1938   0.058  -0.223  -0.281  -0.019   0.194   0.502   0.821   1.064   0.713   0.149  -0.297   1.662
1939   0.588   0.188   0.242   0.360  -1.023  -0.322  -0.081   0.105  -1.224  -1.664  -0.546  -1.617
1940  -0.572  -0.734  -0.739  -1.081  -0.396  -1.640  -0.924  -0.849  -1.637  -1.933  -0.647  -2.873
1941  -1.526  -1.882  -1.444  -0.591   0.141  -0.493  -1.470  -1.478  -0.976  -1.929  -0.830  -1.339
1942  -1.857  -1.132  -0.307   0.450   1.013   1.021   0.834   1.478   1.016   0.215   0.271   1.442
1943   0.012   0.024  -2.046  -0.762  -0.025  -0.956  -0.111   0.270  -0.068   0.209  -0.133  -0.582
1944  -0.146   0.475   0.719  -0.063  -0.102  -0.189  -0.398  -0.255  -0.391  -1.307  -0.705  -0.135
1945   0.430   0.681   1.940   0.118   0.444   0.982   0.568   0.774  -0.224  -0.685  -0.660  -0.451
1946   0.135   0.525  -0.717  -1.282  -0.153  -1.095  -0.296  -0.289  -1.394  -1.676   0.120  -0.477
1947  -0.570  -0.433   0.221  -0.790  -1.117   0.323  -0.068  -0.370   0.133  -0.936  -0.654  -0.393
1948  -0.464  -0.696  -1.552  -2.042  -1.781  -2.728  -2.149  -2.201  -1.934  -0.730  -1.384  -2.190
1949  -1.698  -1.106  -0.308  -1.872  -1.128  -1.396  -0.552  -1.265  -0.512  -0.173  -0.887   0.366
1950   0.112   1.137   1.608   1.340   0.892   2.498   1.260   0.357   0.388   0.787   0.405   2.053
1951   1.340   0.910  -0.892  -0.490  -0.712  -0.036  -0.853  -0.259  -0.137  -0.636  -0.100  -0.283
1952  -0.699  -0.949  -0.079  -0.800   0.567   0.671   0.244  -0.595  -0.642  -0.125  -0.612  -1.199
1953  -0.026  -0.762  -0.955  -0.230  -2.504  -0.638  -0.020  -1.804  -1.349  -0.079  -0.221  -0.646
1954   0.513  -0.519  -0.598   0.020  -0.263  -0.331   0.385   0.513   0.134  -0.335  -0.198   1.047
1955  -1.018   1.812   0.402  -0.259   0.960   1.434   1.254   1.220   1.188   1.604   1.397   1.251
1956   1.269   1.310   1.198   1.186   1.553   0.939   1.275   0.515  -0.368   1.749  -0.229   0.281
1957   0.035  -0.694  -0.829  -0.574  -1.349  -0.285  -0.271  -0.919  -1.320  -0.403  -1.856  -0.524
1958  -2.180  -0.807  -0.578   0.089  -0.717   0.268   0.783   1.032  -0.320  -0.526  -0.460  -1.084
1959  -0.599  -1.684   0.773   0.441   0.461  -1.046  -0.596  -0.784  -0.049   0.356   0.652   0.875
1960  -0.055  -0.220   0.470   0.726   0.257  -0.500   0.416   0.342   0.351  -0.558   0.339   0.398
1961  -0.476   0.641  -2.657   1.188   0.206  -0.024   0.482   0.002   0.261  -0.710   0.880   1.238
1962   1.736   0.252  -0.273   0.476   0.943   0.101   0.111   0.195   0.692   0.863   0.429   0.166
1963   1.077   0.225   0.760   0.412   0.021  -1.096   0.252  -0.153  -0.572  -1.653  -0.766  -1.330
1964  -0.597  -0.398   0.789   1.296  -0.141   0.830   0.999   1.895   1.747   1.567   0.168  -0.185
1965  -0.057   0.392   0.617  -0.308   0.837  -0.901  -1.849  -0.566  -1.190  -1.176  -2.044   0.169
1966  -1.249  -0.614  -1.588  -0.803  -0.303   0.244  -0.113  -0.306  -0.391  -0.420  -0.255  -0.620
1967   1.461   1.140   0.433  -0.484  -0.580   0.482  -0.331   0.394   0.231  -0.909  -0.922  -1.413
1968   0.165   0.075  -0.771  -0.819   0.636   0.813   0.309  -0.773  -0.983  -0.888  -0.613  -0.017
1969  -1.380  -1.154  -0.707  -1.191  -1.067  -0.271  -1.016  -1.125  -1.314  -1.354  -0.146   0.133
1970  -1.407  -1.490  -0.176  -0.609  -0.258   0.291  -1.053  -0.061   1.019   0.426   1.177   1.461
1971   0.182   1.343   2.209   2.066   0.302  -0.236  -0.103   1.454   1.615   1.689   0.402   0.063
1972   0.096   0.797   0.092  -0.317  -1.358  -1.229  -1.616  -0.503  -1.071  -0.764  -0.484  -1.163
1973  -0.477  -1.521   0.434   0.536   0.685   1.794   0.662   1.176   1.370   0.921   2.740   1.682
1974   1.995   1.608   2.200   0.973   0.872  -0.435   1.239   0.603   1.131   1.130   0.114   0.213
1975  -0.515   0.476   1.139   0.973   0.584   1.043   2.098   2.139   2.288   1.979   1.787   2.264
1976   1.356   1.369   1.808   0.196   0.290  -0.413  -1.096  -1.317  -1.414   0.483   0.904  -0.367
1977  -0.126   0.763  -1.133  -0.953  -0.686  -1.324  -0.792  -1.190  -0.626  -0.996  -1.206  -1.388
1978  -0.368  -2.704  -0.459  -0.334   1.838   0.871   1.126   0.170   0.182  -0.414   0.083   0.305
1979   0.019   0.672  -0.242  -0.420   0.413   0.631  -1.091  -0.580   0.321  -0.294  -0.641  -1.110
1980  -0.012  -0.269  -1.388  -1.986  -1.488  -1.648  -0.837  -0.711  -0.785  -0.528  -0.319  -0.218
1981   0.550  -0.043  -2.273  -0.205   1.162   1.357   0.972   0.217   0.061  -1.309  -0.165   0.342
1982   0.850  -0.317  -0.170  -0.475  -0.309  -1.846  -1.384  -1.956  -1.251  -1.130  -2.602  -1.831
1983  -2.726  -3.564  -3.439  -2.055   0.669  -0.436  -0.911  -0.637   0.678  -0.307  -0.527  -0.220
1984  -0.054   0.661  -0.987   0.789   0.275  -0.490   0.372   0.704   0.511  -0.367   0.261   0.537
1985  -0.088   1.180   0.344   1.687   0.266  -1.010  -0.545   0.735  -0.457  -0.448  -0.061   0.277
1986   1.159  -1.581   0.290   0.216  -0.440   1.044   0.425  -0.794  -0.729   0.629  -1.551  -1.489
1987  -0.945  -1.663  -2.126  -1.425  -0.894  -1.194  -1.380  -0.725  -0.741  -0.139   0.014  -0.445
1988  -0.267  -0.717  -0.006   0.279   1.037   0.324   1.203   1.169   2.004   1.405   1.858   1.073
1989   1.330   0.485   0.631   1.694   0.956   0.559   0.378  -0.918   0.384   0.739  -0.383  -0.709
1990  -0.181  -2.290  -0.942   0.062   1.604  -0.107   0.627  -0.853  -1.097  -0.388  -0.628  -0.565
1991   0.467  -0.071  -1.447  -0.813  -0.831   0.073   0.448  -0.448  -1.359  -1.569  -0.514  -1.990
1992  -2.956  -1.352  -2.900  -0.849   0.696  -0.836  -0.605   0.235   0.308  -1.859  -0.894  -0.726
1993  -1.125  -1.283  -1.050  -1.618  -0.073  -1.094  -0.579  -1.742  -0.723  -1.661   0.207  -0.044
1994  -0.370  -0.175  -1.433  -1.892  -0.502  -0.299  -1.116  -2.004  -1.646  -1.425  -0.607  -1.568
1995  -0.864  -0.663  -0.035  -1.875  -0.598   0.062   0.641  -0.344  -0.019  -0.121   0.434  -0.485
1996   1.075   0.056   0.987   1.293   0.669   1.649   0.676   0.118   0.803   0.467   0.026   1.138
1997   0.198   1.369  -1.326  -1.541  -1.709  -2.526  -0.940  -2.085  -1.145  -1.403  -1.265  -0.927
1998  -2.346  -2.543  -3.625  -2.546   0.153   0.709   1.291   0.890   1.340   1.306   1.076   1.258
1999   1.395   0.389   0.916   1.682   0.079  -0.573   0.119  -0.822  -0.275   0.776   1.103   1.083
2000   0.309   1.096   0.928   1.523  -0.027  -1.038  -0.484   0.345   1.024   0.702   1.983   0.513
2001   0.531   1.088  -0.005  -0.441  -1.031  -0.134  -0.528  -1.045  -0.017  -0.677   0.738  -1.167
2002   0.051   0.361  -1.158  -0.461  -1.348  -0.901  -0.836  -1.790  -0.635  -0.859  -0.716  -1.542
2003  -0.470  -1.391  -1.456  -0.749  -0.832  -2.004   0.100  -0.443  -0.547  -0.600  -0.323   0.879
2004  -1.453   0.602  -0.191  -1.763   1.054  -1.974  -0.979  -1.237  -0.432  -0.191  -1.002  -0.923
2005   0.282  -3.293  -0.473  -1.158  -1.124   0.370   0.080  -1.323   0.281   0.841  -0.589  -0.204
2006   1.283  -0.224   1.632   1.185  -0.696  -0.712  -0.717  -1.847  -0.584  -1.789   0.226  -0.525
2007  -0.829  -0.618  -0.513  -0.421  -0.315   0.223  -0.782  -0.371  -0.256   0.543   0.981   1.550
2008   1.475   1.818   0.992   0.606  -0.326   0.634   0.115   0.351   1.498   1.472   1.531   1.198
2009   0.473   1.111  -0.482   0.774  -0.596  -0.164   0.494  -0.379   0.195  -1.737  -0.491  -0.629
2010  -0.685  -1.978  -1.595   1.201   0.517  -0.140   1.881   1.446   2.783   1.993   1.741   3.075
2011   2.262   2.514   2.876   2.848   0.023  -0.084   1.019  -0.076   1.241   1.302   1.412   2.604
2012   0.938   0.041   0.393  -0.414  -0.144  -1.281  -0.200  -1.106   0.041   0.159   0.253  -0.821
2013  -0.118  -0.743   0.942  -0.187   0.635   0.769   0.478  -0.527   0.355  -0.409   1.079   0.184
2014   1.180  -0.349  -1.716   0.967   0.466  -0.716  -0.510  -1.888  -0.945  -1.006  -0.753  -0.706
2015  -0.841  -0.203  -1.655   0.036  -1.181  -1.722  -1.606  -2.433  -1.934  -1.738  -0.182  -0.735
 -999
SOI from the 20CRv3
 noaa/psl
