  1895         2024
1895     1.02    0.72    0.36    0.86    3.01    2.41    3.37    3.01    2.09    0.87    1.49    0.97
1896     0.61    0.46    0.87    2.45    2.52    2.21    3.05    2.15    2.88    3.28    1.51    0.66
1897     1.67    0.86    1.64    1.77    2.50    2.81    3.56    2.23    2.36    1.70    0.67    0.92
1898     0.99    0.85    1.25    1.41    2.02    3.30    2.96    2.88    1.43    1.97    1.06    0.94
1899     0.54    0.69    1.17    1.13    2.38    3.03    3.76    2.42    1.92    1.58    1.00    1.08
1900     0.69    0.89    1.07    1.74    1.77    1.81    3.82    3.36    4.37    2.47    0.98    0.43
1901     0.64    0.92    1.37    1.18    1.86    2.26    3.03    1.84    2.41    1.91    1.19    0.68
1902     0.59    0.55    0.97    0.88    3.04    2.55    3.92    3.28    2.26    1.35    1.52    1.48
1903     0.48    1.20    1.26    1.67    2.95    2.81    2.75    3.57    2.93    1.29    0.45    0.53
1904     0.52    0.65    1.24    1.16    2.08    2.56    2.62    2.60    3.75    2.41    0.21    1.16
1905     1.11    1.61    1.95    2.37    2.79    3.57    3.31    2.53    2.62    1.51    2.65    0.92
1906     1.10    0.85    1.33    1.75    2.16    2.22    3.14    3.18    2.52    1.69    2.01    1.74
1907     1.57    0.47    0.83    1.54    1.97    2.48    3.19    3.78    2.34    1.72    1.04    0.73
1908     0.61    1.44    1.06    1.99    3.21    2.38    3.17    2.90    1.22    1.08    1.25    0.71
1909     0.85    1.04    1.19    1.86    1.79    2.30    2.98    2.95    2.24    1.14    2.05    1.45
1910     0.78    0.55    0.23    1.41    1.31    1.11    1.78    2.77    1.87    1.03    0.81    0.49
1911     0.83    1.83    0.89    1.57    2.38    2.14    3.79    2.59    3.03    2.95    1.21    1.28
1912     0.40    0.82    1.03    1.48    2.54    1.88    3.34    3.51    2.33    1.43    0.62    0.92
1913     0.73    0.98    1.41    1.73    2.24    2.72    2.71    2.19    2.66    1.77    1.39    0.94
1914     0.76    0.49    0.88    1.86    2.80    3.87    3.66    2.95    2.36    2.36    0.60    1.49
1915     1.03    1.51    0.96    2.08    2.71    2.64    4.08    2.35    3.42    1.02    1.24    0.87
1916     2.11    0.44    1.46    2.00    2.20    2.50    2.20    3.23    2.30    2.58    0.74    0.80
1917     0.94    0.52    0.97    1.57    1.81    2.35    2.06    2.32    1.92    1.24    0.26    0.34
1918     1.07    0.80    0.85    1.16    2.80    1.93    2.52    2.76    1.29    2.36    1.77    1.57
1919     0.32    1.16    1.98    2.66    2.19    3.11    3.53    2.27    3.30    2.17    1.90    0.59
1920     0.99    0.74    1.54    1.63    2.07    3.38    2.31    2.56    1.86    1.77    1.05    0.95
1921     0.57    0.59    1.34    1.61    2.45    2.88    3.76    3.10    2.78    0.99    0.68    0.93
1922     0.67    1.30    1.18    1.97    2.00    2.10    2.58    1.70    1.72    0.86    2.03    0.49
1923     0.76    0.93    1.37    1.49    1.35    2.61    2.36    3.37    2.71    1.92    1.08    1.52
1924     0.56    0.70    1.51    1.61    1.47    2.46    3.02    3.14    1.82    0.69    0.63    1.12
1925     0.19    0.23    0.64    0.51    0.59    0.83    2.43    2.49    1.81    1.68    0.46    0.50
1926     0.60    0.35    1.89    1.96    1.51    0.54    2.03    1.30    2.31    0.96    0.22    2.10
1927     0.21    1.59    0.89    0.46    0.09    1.40    2.06    2.58    2.58    0.41    0.26    1.10
1928     0.11    1.43    0.37    0.52    1.59    0.20    1.59    2.48    0.44    1.59    0.83    0.58
1929     0.51    0.68    0.62    0.41    1.30    0.25    3.02    2.93    1.97    0.86    0.41    0.11
1930     1.21    0.31    1.34    0.56    0.91    0.67    2.95    2.06    0.93    0.99    1.28    0.26
1931     0.47    2.42    0.62    1.73    0.65    0.71    2.18    3.22    1.78    0.78    1.85    1.23
1932     0.83    1.75    0.57    0.54    0.92    0.85    2.37    2.27    1.59    1.05    0.01    1.44
1933     1.11    0.66    0.08    0.59    0.45    1.28    2.08    2.15    1.50    1.07    0.83    0.27
1934     0.30    0.63    0.37    0.58    0.87    0.34    1.11    2.71    0.70    0.33    0.83    1.00
1935     1.41    1.42    0.85    0.56    1.39    0.46    1.28    3.41    1.92    0.21    1.06    0.73
1936     0.81    1.14    0.58    0.25    0.97    0.53    1.98    1.97    2.17    0.71    0.58    1.26
1937     0.95    1.13    1.47    0.25    1.50    1.10    1.49    1.52    1.84    0.76    0.08    0.83
1938     0.66    1.28    1.46    0.32    0.36    1.46    1.82    1.43    1.92    0.50    0.18    1.31
1939     1.21    0.81    0.81    0.74    0.39    0.31    1.70    1.79    2.36    0.67    0.89    0.50
1940     0.66    1.43    0.37    0.72    1.11    0.94    1.16    2.16    2.06    1.08    1.32    2.19
1941     1.44    1.52    2.52    1.98    2.26    1.11    2.12    2.34    3.73    2.28    0.66    1.33
1942     0.40    0.75    0.45    1.80    0.12    0.39    1.34    2.58    1.43    1.23    0.07    1.16
1943     1.01    0.35    0.94    0.32    0.55    1.09    1.40    2.36    1.28    0.59    0.27    1.40
1944     0.75    1.34    0.71    0.80    0.66    0.45    1.52    1.91    1.62    0.94    1.30    0.92
1945     0.91    0.37    1.28    0.40    0.12    0.16    1.92    2.47    0.57    1.07    0.01    0.80
1946     0.95    0.17    0.63    0.54    0.33    0.30    2.04    2.92    2.00    1.16    1.08    0.63
1947     0.45    0.21    0.27    0.22    1.14    0.34    1.02    2.84    0.57    0.93    0.71    1.01
1948     0.37    1.51    0.87    0.20    0.65    1.16    1.45    1.84    0.68    1.17    0.10    1.17
1949     2.25    0.63    0.50    0.73    0.81    1.42    2.42    1.42    1.99    0.85    0.22    0.86
1950     0.40    0.60    0.32    0.15    0.17    0.81    3.53    0.95    1.51    0.27    0.10    0.04
1951     0.98    0.42    0.55    1.06    0.71    0.17    1.55    3.24    0.39    1.11    0.67    1.29
1952     1.18    0.38    1.46    1.48    0.38    0.91    1.86    1.94    1.11    0.00    1.46    0.72
1953     0.21    0.60    0.83    0.58    0.41    0.41    2.71    1.68    0.08    0.56    0.50    0.35
1954     0.80    0.32    1.54    0.17    0.92    0.50    2.14    2.25    1.36    1.08    0.09    0.27
1955     1.25    0.40    0.15    0.31    0.77    0.55    3.02    2.94    0.55    0.53    0.32    0.41
1956     0.77    0.62    0.05    0.25    0.36    0.51    1.78    1.19    0.07    0.51    0.05    0.15
1957     1.82    0.61    1.00    0.71    1.20    0.49    2.23    3.18    0.16    2.73    0.99    0.31
1958     0.52    1.21    2.26    1.13    0.67    0.68    1.55    2.35    2.88    1.24    0.58    0.13
1959     0.21    0.80    0.11    0.54    0.76    0.82    1.88    3.38    0.24    1.87    0.45    2.00
1960     1.28    0.66    0.46    0.20    0.40    0.95    2.26    1.39    1.02    2.38    0.30    1.01
1961     0.64    0.22    1.10    0.37    0.21    0.62    1.82    2.95    1.46    0.90    0.96    1.33
1962     1.10    0.82    0.59    0.22    0.18    0.70    2.26    0.63    2.30    0.96    0.76    0.88
1963     0.54    1.03    0.47    0.36    0.37    0.46    1.15    3.69    1.46    0.90    0.84    0.15
1964     0.25    0.43    0.80    0.65    0.43    0.30    2.02    2.06    2.01    0.21    0.69    0.78
1965     1.04    0.92    0.85    1.15    0.91    1.21    2.28    1.80    1.73    0.46    1.08    3.08
1966     0.64    0.82    0.24    0.36    0.25    1.27    1.91    2.93    1.43    0.39    0.49    0.98
1967     0.24    0.20    0.41    0.27    0.41    1.37    2.67    2.87    1.71    0.22    0.63    2.49
1968     0.54    0.89    1.16    0.47    0.42    0.27    2.90    2.46    0.22    0.56    0.86    0.78
1969     1.04    0.87    0.80    0.43    1.21    0.69    2.29    2.36    1.74    1.75    0.74    0.74
1970     0.14    0.41    1.71    0.43    0.22    0.58    2.04    1.98    1.70    0.74    0.29    0.46
1971     0.21    0.52    0.12    0.41    0.40    0.21    1.88    3.32    1.76    1.77    0.67    1.26
1972     0.10    0.05    0.04    0.07    0.49    1.37    1.85    2.78    1.84    3.82    1.08    0.95
1973     0.77    1.55    2.39    0.46    0.88    0.67    2.15    1.18    0.54    0.22    0.52    0.13
1974     1.32    0.17    0.59    0.21    0.11    0.25    2.22    2.18    1.97    2.89    0.43    0.63
1975     0.66    0.81    1.17    0.68    0.36    0.29    2.61    1.04    2.34    0.19    0.83    0.61
1976     0.17    1.25    0.42    0.82    1.01    0.39    2.56    1.18    2.21    0.80    0.46    0.21
1977     0.98    0.33    0.54    0.86    0.66    0.61    2.14    2.52    1.27    0.99    0.49    0.56
1978     1.95    1.57    1.84    0.37    1.11    1.03    1.15    1.61    1.28    1.44    2.78    2.11
1979     2.17    0.64    1.23    0.38    1.55    1.18    1.52    2.34    0.63    0.50    0.55    0.68
1980     1.90    2.25    1.07    0.73    0.81    0.18    1.10    1.89    1.93    0.42    0.28    0.30
1981     0.58    0.52    1.60    0.60    0.91    0.88    2.49    2.66    1.52    1.19    0.86    0.08
1982     1.19    1.09    1.26    0.24    1.03    0.40    1.97    2.79    1.87    0.35    1.54    2.01
1983     1.17    1.12    2.00    0.65    0.41    0.47    1.76    2.28    2.51    1.88    1.17    1.16
1984     0.44    0.10    0.56    0.57    0.61    1.30    2.58    3.60    1.48    2.00    0.91    2.61
1985     1.27    0.72    1.32    1.33    0.62    0.72    2.06    1.47    2.24    2.25    1.45    0.30
1986     0.18    1.18    1.13    0.45    0.93    1.83    2.30    2.63    1.63    1.74    1.83    1.49
1987     0.96    1.42    0.64    0.41    1.21    1.01    1.19    2.83    0.87    1.01    1.21    1.38
1988     0.85    0.79    0.18    1.63    0.63    1.22    2.33    3.60    1.42    0.70    0.56    0.44
1989     1.06    0.52    0.58    0.06    0.42    0.49    2.02    2.20    0.74    0.88    0.04    0.36
1990     0.81    0.92    0.76    0.89    0.56    0.28    3.06    2.59    2.39    0.56    1.03    1.21
1991     0.88    0.66    1.94    0.04    0.53    0.78    2.50    2.53    2.04    0.52    1.36    2.29
1992     1.12    1.21    1.86    0.49    2.35    0.76    2.00    2.88    0.69    0.78    0.36    2.30
1993     3.39    2.02    0.95    0.19    0.63    0.56    1.10    3.54    0.55    1.06    1.13    0.27
1994     0.24    0.82    1.11    0.67    1.46    0.42    1.30    1.91    1.39    1.15    1.46    1.54
1995     1.66    0.96    1.10    0.64    0.83    0.66    0.98    2.03    1.88    0.09    0.41    0.36
1996     0.29    0.75    0.27    0.13    0.14    1.39    2.32    2.21    2.06    1.11    0.70    0.16
1997     1.49    0.93    0.17    1.33    0.87    1.06    1.72    2.39    2.43    0.83    0.71    1.84
1998     0.36    1.88    1.67    0.59    0.16    0.13    2.95    1.88    1.12    2.30    0.83    0.39
1999     0.33    0.20    0.54    1.41    0.89    0.98    3.29    3.01    1.68    0.20    0.01    0.21
2000     0.25    0.37    1.67    0.23    0.07    1.52    1.14    2.06    0.21    3.38    1.07    0.31
2001     1.42    0.85    1.05    0.68    0.71    0.53    1.64    2.22    0.66    0.33    0.63    0.61
2002     0.36    0.22    0.33    0.22    0.08    0.38    1.80    1.32    2.26    1.13    0.60    1.02
2003     0.19    1.73    0.86    0.22    0.24    0.67    1.01    1.71    1.01    0.73    1.00    0.37
2004     0.60    1.07    0.81    1.99    0.09    0.66    1.75    1.88    1.91    1.77    1.73    1.18
2005     2.21    2.58    1.00    0.77    0.73    0.34    1.01    2.74    1.15    1.09    0.06    0.06
2006     0.15    0.08    0.97    0.27    0.23    0.71    2.86    3.44    1.91    1.54    0.12    0.71
2007     0.92    0.54    0.93    0.51    1.17    0.65    2.30    1.93    1.40    0.20    0.51    1.86
2008     1.28    0.86    0.13    0.09    0.82    0.36    3.18    2.55    0.96    0.82    0.63    1.36
2009     0.35    0.59    0.34    0.38    0.83    0.93    1.91    0.97    1.24    0.68    0.28    1.08
2010     2.39    1.31    1.01    0.58    0.27    0.50    2.86    2.06    1.03    1.07    0.14    1.15
2011     0.07    0.68    0.24    0.33    0.25    0.10    1.73    1.57    1.49    0.88    0.69    1.69
2012     0.27    0.39    0.47    0.36    0.44    0.21    2.23    1.91    1.19    0.27    0.19    1.03
2013     0.89    0.45    0.39    0.19    0.14    0.34    3.09    2.27    3.07    0.32    1.34    0.42
2014     0.03    0.17    0.68    0.31    0.58    0.29    2.55    2.63    2.83    0.64    0.38    1.10
2015     1.59    0.68    0.91    0.59    1.79    1.20    2.83    2.07    1.23    2.40    0.81    0.83
2016     0.95    0.28    0.09    0.89    0.76    0.75    1.32    2.90    1.60    0.33    1.15    1.60
2017     1.88    0.92    0.45    0.60    0.58    0.51    2.77    2.21    1.54    0.57    0.07    0.12
2018     0.35    0.90    0.35    0.10    0.32    0.61    2.51    1.97    1.33    2.73    0.24    0.81
2019     1.01    1.64    1.12    0.57    0.96    0.47    1.28    1.22    1.59    0.63    2.35    1.17
2020     0.49    0.95    1.77    0.27    0.16    0.26    1.48    0.66    0.47    0.37    0.28    0.35
2021     0.88    0.31    0.63    0.28    0.58    0.99    3.36    2.28    1.28    0.65    0.08    1.12
2022     0.33    0.34    0.54    0.04    0.09    1.60    2.32    3.38    1.25    1.80    0.39    1.04
2023     1.49    0.77    1.41    0.07    0.97    0.57    0.72    1.75    1.32    0.41    0.52    0.96
2024     1.04    1.24    1.20    0.45    0.30   -9.99   -9.99   -9.99   -9.99   -9.99   -9.99   -9.99
  -9.99
 NM and AZ precip area averaged from climate division
 monsoon index
 data from NCEI at
 https://www.ncei.noaa.gov/access/monitoring/dyk/us-climate-divisions
 Timeseries calculated at NOAA/PSL https://psl.noaa.gov
