  1950 2024
 1950   7   20   21   15   61   28   23   13    3    2    4    4
 1951   2   10    6   26   57   76   23   27    9    2   12   10
 1952  12   27   43   37   34   34   27   16    1    0    6    3
 1953  14   16   40   47   94  111   32   24    5    6   12   21
 1954   2   17   62  113  101  107   45   49   21   14    2   17
 1955   3    4   43   99  148  153   49   33   15   23   20    3
 1956   2   47   31   85   79   65   92   42   16   29    7    9
 1957  17    5   38  216  228  147   55   20   17   18   59   38
 1958  11   20   15   76   68  128  121   46   24    9   45    1
 1959  16   20   43   30  226   73   63   38   58   24   11    2
 1960   9   28   28   70  201  125   42   48   21   18   25    1
 1961   1   31  124   74  137  107   77   27   53   14   36   16
 1962  12   25   37   41  200  171   78   51   24   11    5    2
 1963  15    5   49   84   71   90   62   26   33   13   15    0
 1964  14    2   36  157  134  137   63   79   25   22   17   18
 1965  21   32   34  123  273  147   85   61   64   16   34    7
 1966   1   28   12   80   98  126  100   58   22   29   20   11
 1967  39    8   42  149  116  210   90   28  139   36    8   61
 1968   5    7   28  102  145  136   56   66   25   14   44   32
 1969   3    5    8   68  145  137   98   70   20   26    5   23
 1970   9   16   25  117   88  134   81   55   54   50   10   14
 1971  19   83   40   75  166  199  100   50   47   38   16   56
 1972  33    7   69   96  140  114  115   59   49   34   17    8
 1973  33   10   80  150  250  224   80   51   69   25   81   49
 1974  24   23   36  267  144  194   59  107   25   45   13    8
 1975  52   45   84  108  188  196   79   60   34   12   39   22
 1976  12   36  180  113  155  169   84   38   35   11    0    1
 1977   5   17   64   88  228  132   99   82   65   25   24   23
 1978  23    7   17  107  213  148  143   65   20    7    9   30
 1979  16    4   53  123  112  150  132  126   69   47   21    2
 1980   5   11   41  137  203  217   95   73   37   43    3    1
 1981   2   25   33   84  187  223   98   64   26   32    7    1
 1982  18    3   60  150  329  196   95   34   38    9   19   96
 1983  13   41   71   65  249  178   99   76   19   13   49   58
 1984   1   27   73  176  169  242   72   47   17   49   30    4
 1985   2    7   38  134  182   82   51  108   40   18   19    3
 1986   0   30   76   84  173  134   88   67   65   26   17    5
 1987   6   19   38   20  126  132  163   63   19    1   55   14
 1988  17    4   28   58  132   63  103   61   76   19  121   20
 1989  14   18   43   82  231  252   59   36   31   30   57    3
 1990  11   57   86  108  243  329  106   60   45   35   18   35
 1991  29   11  157  204  335  216   64   46   26   21   20    3
 1992  15   29   55   53  137  399  213  115   81   34  146   20
 1993  17   34   48   85  177  313  242  112   65   55   19    6
 1994  13    9   58  205  161  234  155  120   30   51   42    4
 1995  36    7   49  130  392  216  162   53   19   74   79   18
 1996  35   14   71  177  235  128  202   72  101   68   55   15
 1997  50   23  102  114  225  193  188   84   32  100   25   12
 1998  47   72   72  182  310  376   82   61  104   86   26    6
 1999 212   22   56  176  310  289  100   79   56   17    7   15
 2000  16   56  103  136  241  136  148   52   47   64   50   26
 2001   5   30   34  135  240  249  120   69   84  117  110   22
 2002   3    2   47  117  204   97   68   86   61   58   94   97
 2003   0   18   43  156  542  292  167   44   32   26   53    1
 2004   3    9   50  125  509  268  124  179  295   79  150   26
 2005  33   10   62  132  123  317  138  123  133   18  150   26
 2006  47   12  147  244  139  120   70   80   84   76   42   42
 2007  21   52  170  167  252  128   69   73   52   86    7   19
 2008  84  147  129  189  462  292   95  101  111   21   15   46
 2009   6   36  115  226  201  270  118   60    8   65    3   48
 2010  30    1   33  139  304  324  146   55   57  108   53   32
 2011  10   61   95  875  370  177   92   52   65   24   60   13
 2012  97   63  225  233  139  116   24   52   45   41    9   75
 2013  87   46   18   83  247  145   61   37   16   76  111   16
 2014   4   41   25  220  150  331   85   30   45   69   27   30
 2015  26    2   13  185  414  184  122   44   24   57   95   93
 2016  17  103   85  142  217   92  104  111   36   23   69   14
 2017 137   69  192  214  291  168   83  145   32   85   46   13
 2018  15   48   55  130  170  166   96   82  111  159   58   61
 2019  18   26  145  303  556  206  103   75   87   66   19   72
 2020  90   51  101  351  140  109  116  169   37   19   30   30
 2021  16   11  191   73  289  110  150  132   31  146   25  203
 2022  48   16  293  246  216  128   72   37   19   46  117   93
 2023 168   55  161  213  199  243  117  148   22   31   20   46
 2024  45   52   67  378  576  167  220   95   73   53  -99  -99
  -99
 Monthly US tornado totals
 1950-2010 From csv files at NOAA/SPC
 https://www.spc.noaa.gov/climo/online/monthly/newm.html
 https://www.spc.noaa.gov/climo/summary/
 from NOAA/PSL
 https://psl.noaa.gov/data/timeseries/month/


