 1891 2023
1891     0.120     0.201    -0.011     0.504     0.233     0.190     0.084     0.198    -0.062    -0.095    -0.002    -0.024
1892    -0.164    -0.314    -0.209    -0.381    -0.671    -0.920    -0.480    -0.417    -1.373    -1.586    -1.033    -0.741
1893    -0.736    -0.909    -0.504    -0.524    -0.742    -1.125    -1.166    -0.373    -0.926    -0.785    -0.545    -0.416
1894    -0.547    -0.508    -0.186    -0.383    -0.466    -0.686    -0.541    -0.317    -0.657    -0.907    -0.599    -0.543
1895    -0.432    -0.049    -0.030     0.001    -0.006    -0.340     0.113     0.415     0.490     0.143     0.128     0.200
1896     0.397     0.022     0.082     0.009    -0.171     0.050     0.317     0.740     0.453     0.847     1.157     0.942
1897     0.999     0.861     0.400     0.063    -0.291     0.148     0.317     0.433     0.134    -0.163    -0.314    -0.546
1898    -0.080     0.059    -0.542    -0.555    -0.423    -0.341    -0.247    -0.483    -0.214    -0.089    -0.306    -0.381
1899    -0.319    -0.773    -0.277    -0.280     0.291    -0.021     0.194     0.469     0.708     0.731     1.102     1.327
1900     1.230     0.725     0.530     0.480     0.685     0.283     0.725     0.121     0.171     0.206     0.260     0.761
1901     0.772     0.371     0.464    -0.005    -0.396    -0.253    -0.009    -0.057    -0.217     0.041     0.290     0.619
1902     0.522     0.555     0.229     0.407     0.912     1.000     1.457     1.597     1.224     1.402     1.386     1.263
1903     1.045     1.291     0.776     0.689     0.405     0.414     0.223     0.322     0.044    -0.329    -0.304    -0.505
1904    -0.251    -0.268    -0.176    -0.044    -0.084     0.112     0.188     0.826     0.822     0.783     0.781     1.341
1905     1.470     1.036     0.876     0.785     1.386     0.950     1.093     1.448     0.980     1.180     1.051     1.148
1906     1.126     0.895     0.484     0.446     0.639     0.050    -0.090    -0.058    -0.344    -0.402     0.007     0.167
1907    -0.295    -0.263    -0.379    -0.152    -0.373     0.459     0.552     0.346     0.401     0.543     0.476     0.494
1908     0.362     0.579    -0.112     0.141    -0.120    -0.251     0.047    -0.096     0.123    -0.145    -0.184    -0.052
1909    -0.156     0.214     0.132    -0.253    -0.281    -0.419    -0.546    -0.541    -0.378    -0.748    -0.762    -0.855
1910    -1.019    -0.911    -0.720    -0.456    -0.821    -0.448    -0.298     0.073    -0.190    -0.375    -0.645    -0.153
1911    -0.215    -0.150    -0.515    -0.572    -0.475    -0.184     0.151     0.618     0.411     0.328     0.698     0.688
1912     0.733     0.584     0.339     0.704     0.407     0.181     0.246     0.045     0.600     0.331    -0.097     0.285
1913     0.492     0.586     0.151     0.018     0.331     0.113     0.577     0.589     0.570     0.239     0.705     1.044
1914     1.078     1.134     0.675     0.653     0.289     0.694     0.447     0.914     0.897     0.261     1.343     0.722
1915     0.643     0.994     0.726     0.418     1.100     0.767     0.547     0.756    -0.080    -0.349    -0.444    -0.420
1916    -0.351    -0.279    -0.412    -0.075    -0.416    -0.324    -0.767    -1.111    -0.896    -0.921    -1.477    -1.233
1917    -1.341    -0.885    -1.262    -0.350    -1.004    -0.898    -0.999    -0.323    -0.779    -0.958    -1.157    -0.684
1918    -0.404    -0.397    -0.617    -0.203    -0.265     0.312     0.110     0.615     0.601     0.618     0.822     1.506
1919     1.225     0.989     0.259    -0.102     0.039     0.169     0.302     0.153     0.278     0.117     0.122     0.343
1920     0.858    -0.221     0.408     0.089     0.257     0.353     0.278    -0.001     0.081    -0.014    -0.051    -0.251
1921    -0.238     0.103    -0.678    -0.631    -0.371    -0.311    -0.107    -0.208     0.002    -0.230     0.087     0.814
1922    -0.085    -0.124    -0.135    -0.067    -0.159    -0.047    -0.243    -0.445    -0.312    -0.365    -0.718    -0.256
1923    -0.517    -0.282    -0.149     0.018     0.259     0.042     0.456     0.424     0.652     0.606     0.511     0.269
1924    -0.051    -0.094    -0.449    -0.451    -0.478    -0.532    -0.657    -0.741    -1.074    -0.826    -1.031    -0.791
1925    -0.545    -0.481    -0.254    -0.037    -0.254     0.318     0.163     0.601     0.502     0.506     1.270     1.227
1926     1.022     1.156     1.197     1.204     1.002     0.609     0.876     0.605     0.053    -0.324     0.182     0.094
1927    -0.210     0.313    -0.003    -0.417    -0.132    -0.043    -0.032    -0.090     0.209     0.288     0.157     0.235
1928     0.575     0.576     0.340     0.518     0.022     0.195     0.082     0.111    -0.493    -0.258     0.099     0.055
1929    -0.130    -0.313    -0.209     0.011    -0.212     0.182     0.160     0.188     0.579     0.251     0.303     0.455
1930     0.663     0.446     0.537     0.632     0.382     0.345     0.780     0.857     1.365     1.016     1.568     1.540
1931     1.343     1.237     1.228     1.129     1.037     0.843     0.776     0.448     0.139    -0.163    -0.111    -0.135
1932    -0.066    -0.047     0.211     0.381     0.480     0.412     0.357     0.440     0.305     0.199    -0.101     0.161
1933    -0.014    -0.141    -0.316    -0.403    -0.117    -0.616    -0.708    -0.715    -0.985    -0.800    -0.636    -0.655
1934    -0.465    -0.267    -0.269     0.384    -0.019     0.173     0.358     0.164     0.340     0.286     0.315     0.001
1935    -0.476    -0.525    -0.373    -0.156     0.141     0.128    -0.023     0.174     0.102     0.052     0.408     0.254
1936     0.380     0.430     0.087     0.467     0.542     0.170     0.481     0.267     0.191     0.414    -0.053     0.210
1937    -0.224     0.174     0.061    -0.099     0.133     0.280     0.134    -0.070    -0.051    -0.266     0.279     0.307
1938    -0.522    -0.606    -0.844    -0.969    -0.959    -0.768    -1.109    -1.364    -1.050    -0.237    -0.823    -0.326
1939    -0.057    -0.241    -0.302     0.199     0.066     0.199     0.204     0.326     0.250     0.070     0.400     0.799
1940     1.541     1.578     0.989     0.379     0.801     1.128     0.463     1.254     0.622     0.574     1.179     1.700
1941     1.608     1.552     1.257     1.099     0.983     1.274     0.785     0.979     1.013     0.865     1.160     1.184
1942     1.428     0.378     0.041     0.558    -0.157    -0.261    -0.614    -0.832    -1.153    -1.182    -1.303    -1.264
1943    -1.075    -1.196    -0.934    -0.672    -0.460    -0.170    -0.253    -0.473    -0.728    -0.742    -0.788    -0.572
1944    -0.675    -0.119    -0.154     0.041    -0.285    -0.305    -0.127    -0.231    -0.329    -0.535    -0.350    -0.557
1945    -0.691    -0.338    -0.994    -0.539    -0.398    -0.151    -0.280    -0.497    -0.373    -0.287    -0.450     0.014
1946     0.192     0.000     0.065    -0.097    -0.421     0.107     0.090    -0.095    -0.383    -0.114    -0.088     0.177
1947     0.131     0.181     0.575    -0.073    -0.279     0.175     0.003    -0.141    -0.202    -0.113    -0.036     0.325
1948     0.400     0.070     0.163    -0.038    -0.083    -0.086    -0.167    -0.279    -0.142    -0.721    -0.319    -0.024
1949    -0.840    -0.412    -0.586    -0.267    -0.220    -0.618    -0.496    -0.517    -0.857    -1.194    -1.403    -1.041
1950    -1.124    -1.448    -1.018    -1.021    -1.527    -1.211    -1.352    -1.188    -1.125    -1.110    -1.482    -1.050
1951    -0.692    -0.671    -0.662    -0.497    -0.151     0.068     0.490     0.241     0.429     0.485     0.648     0.193
1952     0.099     0.022    -0.183     0.076    -0.110    -0.629    -0.658    -0.482    -0.496    -0.356    -0.632    -0.453
1953     0.283     0.097     0.033     0.442     0.103     0.262     0.267     0.079     0.238    -0.113     0.041    -0.208
1954     0.161    -0.006    -0.320    -0.761    -0.672    -0.533    -0.455    -0.576    -0.953    -0.447    -0.631    -0.673
1955    -0.360    -0.579    -0.798    -1.162    -1.271    -0.998    -1.000    -1.028    -1.454    -2.083    -1.941    -1.469
1956    -1.185    -0.848    -0.940    -1.133    -1.102    -0.988    -0.923    -0.714    -1.056    -1.075    -1.232    -0.737
1957    -0.729    -0.476     0.115     0.262     0.300     0.516     0.527     0.691     0.707     0.955     1.073     1.116
1958     1.210     1.090     0.589     0.432     0.540     0.402     0.133     0.304     0.043     0.097     0.148     0.413
1959     0.323     0.252    -0.195     0.118     0.029    -0.025    -0.342    -0.304    -0.362    -0.009    -0.097    -0.121
1960    -0.084    -0.237    -0.009     0.107    -0.064    -0.166    -0.379    -0.130    -0.238    -0.341    -0.306    -0.024
1961     0.106     0.278    -0.039     0.077    -0.372    -0.251    -0.689    -0.675    -0.902    -1.017    -0.650    -0.605
1962    -0.693    -0.586    -0.644    -0.697    -0.897    -0.871    -0.879    -0.562    -0.931    -0.857    -0.694    -0.755
1963    -0.428    -0.259    -0.163    -0.105    -0.242    -0.356     0.171     0.247     0.486     0.459     0.547     0.575
1964     0.625     0.230    -0.235    -0.415    -0.963    -0.851    -0.935    -1.177    -1.105    -0.976    -0.884    -0.854
1965    -0.444    -0.071     0.010     0.235     0.445     0.503     0.628     1.029     1.025     1.286     1.198     1.184
1966     0.860     0.576     0.361     0.258    -0.074     0.309     0.320     0.239     0.044    -0.009    -0.007     0.028
1967    -0.270    -0.434    -0.653    -0.335    -0.211    -0.203    -0.366    -0.759    -0.929    -0.822    -0.630    -0.491
1968    -0.578    -0.524    -0.592    -0.543    -0.790    -0.131    -0.139    -0.098     0.052     0.301     0.429     0.609
1969     0.593     0.579     0.365     0.319     0.300     0.452     0.213     0.353     0.372     0.883     0.806     0.703
1970     0.686     0.442     0.155    -0.021    -0.360    -0.606    -0.845    -1.053    -1.072    -0.959    -1.106    -1.159
1971    -1.425    -1.395    -1.098    -1.015    -1.106    -1.267    -1.239    -1.111    -1.087    -1.162    -1.182    -1.006
1972    -0.604    -0.177    -0.111     0.211     0.060     0.261     0.565     0.953     0.781     1.061     1.203     1.461
1973     1.101     0.580     0.143    -0.309    -0.542    -0.856    -0.953    -1.132    -1.371    -1.449    -1.643    -1.781
1974    -1.662    -1.400    -0.869    -0.751    -0.783    -0.487    -0.725    -0.561    -0.753    -0.988    -0.856    -0.923
1975    -0.881    -0.468    -0.854    -0.751    -1.036    -1.000    -1.010    -1.108    -1.477    -1.574    -1.523    -1.470
1976    -1.372    -0.760    -0.650    -0.641    -0.381    -0.033     0.376     0.580     0.672     0.921     0.838     0.479
1977     0.790     0.616     0.411    -0.086     0.081     0.426     0.506     0.248     0.316     0.382     0.743     0.683
1978     0.747     0.340     0.552    -0.060    -0.111    -0.419    -0.639    -0.619    -0.292    -0.002     0.216     0.118
1979     0.077    -0.176    -0.047     0.180     0.317     0.180     0.033    -0.024     0.389     0.358     0.474     0.417
1980     0.409     0.299     0.135     0.534     0.586     0.284     0.235     0.193     0.120     0.301     0.297     0.308
1981     0.092    -0.164    -0.156    -0.252    -0.080    -0.001    -0.345    -0.203     0.065     0.177     0.179    -0.045
1982     0.032     0.228     0.114     0.253     0.392     0.629     0.780     1.030     1.318     1.683     1.674     1.917
1983     1.904     1.876     1.593     1.214     1.249     1.355     1.186     0.917     0.387    -0.056    -0.321     0.031
1984     0.053     0.229     0.049    -0.038    -0.372    -0.445    -0.456    -0.322    -0.227    -0.279    -0.446    -0.845
1985    -0.574    -0.558    -0.640    -0.577    -0.568    -0.332    -0.189    -0.124    -0.158    -0.302    -0.132    -0.148
1986    -0.262    -0.019     0.185     0.153     0.088     0.196     0.569     0.574     0.634     0.677     1.047     1.040
1987     0.983     1.022     1.149     1.196     1.043     1.270     1.624     1.523     1.524     1.493     1.237     1.075
1988     0.701     0.223     0.239    -0.094    -0.573    -1.056    -1.137    -1.072    -0.944    -1.443    -1.441    -1.423
1989    -1.560    -0.970    -0.993    -0.819    -0.713    -0.561    -0.375    -0.587    -0.533    -0.547    -0.616    -0.116
1990    -0.044    -0.089    -0.210     0.186    -0.041    -0.056    -0.023     0.075     0.044    -0.006    -0.153    -0.132
1991    -0.001    -0.009    -0.008    -0.101     0.221     0.213     0.450     0.494     0.477     0.795     0.879     1.113
1992     1.027     0.976     0.901     1.176     1.390     0.879     0.723     0.384     0.364     0.461     0.430     0.353
1993     0.422     0.579     0.649     0.944     1.169     1.042     0.696     0.729     0.772     0.792     0.622     0.709
1994     0.412     0.118     0.196     0.479     0.554     0.536     0.296     0.265     0.320     0.631     0.639     0.680
1995     0.804     0.648     0.498     0.290     0.218     0.349     0.310    -0.160    -0.257    -0.545    -0.703    -0.590
1996    -0.327    -0.479    -0.198    -0.322    -0.190    -0.087    -0.240    -0.237    -0.202    -0.099    -0.003    -0.330
1997     0.017    -0.137    -0.139     0.357     0.803     1.263     1.290     1.778     1.856     2.048     2.071     1.824
1998     2.067     1.552     1.236     0.607     0.256    -0.207    -0.404    -0.488    -0.685    -1.139    -1.168    -1.289
1999    -1.464    -1.225    -1.088    -1.216    -0.972    -1.155    -1.056    -1.159    -1.241    -1.440    -1.618    -1.370
2000    -1.466    -1.258    -0.989    -0.745    -0.961    -0.920    -0.847    -0.836    -0.811    -0.748    -0.743    -0.740
2001    -0.596    -0.724    -0.342    -0.462    -0.568    -0.469    -0.565    -0.333    -0.502    -0.673    -0.743    -0.815
2002    -0.501    -0.502    -0.347    -0.070    -0.109     0.086     0.165     0.325     0.345     0.654     1.074     1.048
2003     0.905     0.670     0.471    -0.040    -0.436    -0.255     0.095     0.092    -0.088     0.416     0.449     0.330
2004     0.198    -0.080     0.048     0.022    -0.179    -0.197    -0.104     0.159     0.230     0.238     0.354     0.621
2005     0.590    -0.043     0.179     0.164     0.281     0.139     0.001    -0.173    -0.476    -0.722    -0.929    -0.749
2006    -0.525    -0.455    -0.452    -0.440    -0.230     0.033     0.130     0.341     0.453     0.794     0.827     1.153
2007     0.806     0.359    -0.006     0.021    -0.308    -0.289    -0.246    -0.648    -1.048    -1.419    -1.496    -1.293
2008    -1.497    -1.416    -0.989    -1.004    -0.739    -0.553    -0.385    -0.287    -0.460    -0.624    -0.657    -0.940
2009    -0.982    -0.919    -0.933    -0.434    -0.003     0.421     0.455     0.453     0.693     0.794     1.078     1.160
2010     1.103     0.690     0.393     0.395     0.017    -0.569    -1.090    -1.430    -1.789    -1.802    -1.594    -1.732
2011    -1.638    -1.321    -1.170    -0.752    -0.845    -0.818    -0.973    -1.000    -1.060    -1.214    -1.412    -1.329
2012    -0.941    -0.586    -0.574    -0.301    -0.515    -0.106    -0.030    -0.003    -0.190    -0.008     0.194    -0.110
2013    -0.364    -0.418    -0.406    -0.427    -0.651    -0.755    -0.909    -0.924    -0.686    -0.572    -0.477    -0.508
2014    -0.434    -0.497     0.030     0.074     0.302     0.068     0.008    -0.097    -0.057     0.375     0.694     0.789
2015     0.532     0.555     0.340     0.601     0.607     0.850     1.053     1.209     1.641     1.645     1.684     1.655
2016     1.693     1.224     1.167     0.832     0.335     0.196    -0.277    -0.374    -0.600    -0.831    -0.484    -0.344
2017    -0.219     0.008     0.048     0.074     0.149     0.035    -0.242    -0.404    -0.575    -0.731    -0.917    -1.082
2018    -1.045    -1.049    -1.154    -0.624    -0.534    -0.443    -0.279    -0.155    -0.167     0.047     0.145     0.267
2019     0.136     0.014     0.093     0.168     0.261     0.220    -0.085    -0.386    -0.403    -0.172     0.127     0.046
2020     0.071    -0.202    -0.320    -0.044    -0.470    -0.762    -0.775    -1.129    -1.405    -1.443    -1.629    -1.263
2021    -1.204    -1.043    -0.942    -0.918    -1.003    -0.791    -0.890    -0.710    -1.005    -1.308    -1.547    -1.818
2022    -1.470    -1.302    -1.395    -1.511    -1.707    -1.462    -1.692    -1.694    -1.894    -1.790    -1.709    -1.474
2023    -1.073    -1.030    -0.628    -0.542    -0.195    -0.052   -99.000   -99.000   -99.000   -99.000   -99.000   -99.000
-99
TPI unfiltered (IPO Tripole Index) of Henley et al. (2015)
COBE
created at NOAA PSL
If you use this data please cite: 
Henley, B.J., Gergis, J., Karoly, D.J., Power, S.B., Kennedy, J., & Folland, C.K. (2015).
A Tripole Index for the Interdecadal Pacific Oscillation. Climate Dynamics, 45(11-12), 3077-3090. doi:10.1007/s00382-015-2525-1
See https://psl.noaa.gov/data/timeseries/IPOTPI/
Updated date at NOAA/PSL
Produced Mar 17 2026
units="degC"
