 1895 2019
1895  60.95  41.49  27.89  13.00  37.12  20.38  35.72  27.64  18.86  22.89  47.40  26.50
1896  29.12  22.59  30.88  20.94  20.96   5.59  54.46  31.57  58.80  23.89  29.47  16.63
1897  39.57  68.17  61.70  25.29  30.11  12.10  28.94  20.34  57.97  53.93  20.43  45.56
1898  30.25  11.11  26.84  30.29  67.66  18.05  31.18  26.84   8.47  15.60  25.68  24.09
1899  26.94  46.97  51.32  17.67   8.96  37.99  34.83  43.19   9.30  45.49  18.61  34.51
1900  11.56  23.22   9.44  76.19  13.76  13.81   6.00  12.06  40.88  21.10  32.64   6.17
1901  25.29  37.51  29.19  31.11  38.67  15.39  14.19  48.42   6.13  19.42   9.12  27.47
1902  17.56  20.90  28.68  21.78  26.78  11.19  17.67  25.53  32.22  10.77  38.00  34.27
1903  26.02  40.13  41.57  41.45  32.42  32.32  32.05  14.41  43.35  19.07  11.86   8.61
1904  14.88  32.68  57.05  18.66  43.56  22.54  20.76  45.46  24.09  27.66   0.64  21.73
1905  43.34  69.02  61.96  56.00  47.63  13.04  24.26  21.02  46.08  16.86  48.24  13.22
1906  41.72  16.93  89.97  70.39  53.81   7.20  34.58  40.67  52.63  26.50  56.09  45.79
1907  44.41  33.72  37.25  34.20  48.16  25.93  28.50  58.44  23.65  33.21  11.71  39.16
1908  25.10  38.77  26.82  25.55  42.17  19.55  27.28  52.48  32.30  55.79  21.63  54.02
1909  69.26  44.45  22.28  33.40  18.38   9.00  40.89  75.30  46.37   9.65  45.11  55.60
1910  32.16  27.32  15.79  16.85  15.08  13.29  33.97  28.55  31.27  42.40  29.07  33.03
1911  55.07  51.02  37.65  26.71   9.96  30.49  59.46  24.89  56.47  56.93  25.42  17.48
1912  18.26  21.59  87.48  30.90  19.92  28.30  46.78  34.68  17.91  58.14  13.61  15.35
1913  23.06  42.33  23.36  14.67   8.43  36.30  42.94  24.20  39.99  28.89  42.49  40.83
1914  70.30  27.07  17.80  45.52  38.21  32.69  62.47  38.82  19.42  57.80   2.26  21.84
1915  32.64  40.06  15.57  58.58  45.46  25.27  27.22  17.89  51.71   5.54  36.51  40.95
1916  89.15  33.82  45.94  23.49  17.99   1.23  46.47  49.59  18.83  89.47  12.90  36.46
1917  35.67  26.88  22.83  58.15  64.54   5.83  32.82  23.23  32.64   8.10  10.19  11.79
1918  49.89  33.54  56.98  26.97  12.28  25.58  47.38  23.98  41.71  35.78  27.31  31.98
1919   4.14  35.94  30.92  34.67  24.47   3.22  44.85  24.98  36.36  44.28  55.10  23.69
1920  23.35  45.46  48.46  56.74  38.97  16.28  16.91  36.63  25.89  51.40  24.15  25.17
1921  31.37  20.97  33.35  45.05  42.46  33.93  44.24  68.98  10.24  25.35  17.47  59.42
1922  33.91  43.05  37.98  35.77  26.06   8.91  24.19  47.57  10.74  14.07  43.93  44.31
1923  29.01  23.23  38.44  46.83  28.35  11.77  46.79  58.97  45.92  37.65  27.09  32.58
1924  18.34  10.26  54.30  23.52  27.69   2.64  33.65  15.13  27.83  41.25  19.36  51.30
1925  15.98  23.56  30.57  20.50  22.32  40.75  47.23  59.26  52.02  54.91  20.64  19.40
1926  19.62  25.26  32.79  61.28  45.30  12.46  43.24  30.93  30.02  21.58  30.37  41.25
1927  26.68  66.93  46.99  25.09  14.47  55.51  37.79  44.26  92.47  29.26  37.56  33.34
1928  12.64  24.46  40.88  17.57  52.50  18.91  23.08  29.65  10.97  65.77  48.53  20.99
1929  31.98  32.21  42.14  40.52  29.73   6.52  54.78  48.19  72.00  24.98  10.00   7.57
1930  54.81  21.82  27.84  28.90  35.86  11.96  50.87  59.02  35.62  18.95  34.84   5.11
1931   6.96  29.67  27.75  36.19  22.10  17.27  31.60  25.82  36.69  36.72  51.48  31.37
1932  28.57  48.76  36.16  44.99  17.48  18.08  50.60  52.89  12.56  26.27   6.76  36.47
1933  29.63  21.40  22.97  45.11  35.14   9.70  39.02  26.89  34.59  17.20  27.54  30.68
1934  15.54  42.22   8.52  25.41  31.61  11.02  21.51  35.20  22.65   9.85  35.54  27.75
1935  34.11  28.14  37.59  62.20  55.07   3.37  26.95  40.25  31.68  16.24  16.84  20.13
1936  30.07  71.46  35.46  15.62  14.30  24.26  53.76  54.93  26.05  34.71  11.53  45.35
1937  32.79  52.00  44.77  21.36  26.72  23.06  67.67  35.29  32.05  26.09  23.48  40.75
1938  29.47  38.60  75.96  30.90  38.30  34.02  19.51  33.63  51.18  38.36  25.60  31.53
1939  38.01  33.73  32.92  17.97  15.29   9.49  18.19  21.95  64.03  23.02   8.02  11.25
1940  52.78  44.36  28.49  42.53  17.50  11.83  23.38  30.62  75.54  37.00  34.76  45.02
1941  37.17  36.08  55.59  77.85  40.99  41.45  26.88  47.02  56.66 101.82  20.99  33.59
1942  19.80  32.95  32.04  63.34  15.75   7.61  26.63  21.07  20.76  33.87  26.49  30.44
1943  41.79  24.18  47.34  19.90  34.34  39.53  20.62  58.52  14.98  36.79  17.85  25.47
1944  39.68  31.98  45.35  67.49  36.95  32.20  20.41  12.75  14.86  21.36  38.44  23.53
1945  23.22  35.72  50.07  43.54  27.00  32.92  29.97  53.66  16.88  32.60  22.04  34.27
1946  16.38  11.76  33.63  43.05  36.62   8.59  28.64  53.63  17.44  60.46  49.37  22.66
1947  22.92  24.94  22.53  36.01  41.77  54.11  20.34  75.83  24.04  58.57  30.10  38.26
1948  24.11  49.22  45.87  33.46  11.65  41.58  22.14  35.33  17.32  33.57  26.12  52.43
1949  61.85  25.05  43.26  22.96  48.67  49.98  35.29  18.47  28.14  50.74   9.50  34.56
1950  49.04  23.84  26.65  31.78  21.33   9.90  37.58   8.58  38.56   6.00  26.39  24.58
1951  36.11  25.06  18.36  39.72  30.08  16.74  24.05  55.26  12.08  44.27  32.35  81.53
1952  50.93  19.90  48.98  39.77  26.74  27.76  32.58  43.15  23.12   0.20  27.73  29.67
1953  28.00  17.90  30.36  36.24  31.36  13.41  44.11  43.87   2.60  39.58  32.71  18.47
1954  25.62  10.90  50.34  15.18  28.97  15.47  36.04  23.43  54.86  30.22  25.15  22.78
1955  29.55  43.09  15.02  18.10  27.50  16.89  27.18  51.26  13.70  10.35  36.45  34.31
1956  55.43  25.56  11.37  30.05  21.65   6.73  27.79  20.47   3.79  26.70  13.97  27.49
1957  73.47  23.37  35.39  62.70  80.74  32.93  46.76  69.99   5.63  64.28  57.86  25.15
1958  19.02  38.16  46.02  27.23  20.57  11.29  12.68  26.23  34.91  13.24  27.60  17.85
1959  16.82  44.03  20.55  31.20  21.90  23.92  17.10  48.86  46.17  43.40  12.84  34.26
1960  27.07  46.22  33.72  25.53  21.30  13.82  15.18  14.28  24.33  49.96  30.48  23.07
1961   8.21  18.58  55.74  31.86  25.32   5.93  24.77  51.63  76.98  45.74  28.58  28.29
1962  37.36  59.77  21.13  28.00  25.80  13.17  15.45  11.94  36.06  33.72  22.98  15.85
1963  30.97  26.03  28.58  36.25   7.82  22.68  21.64  72.28  34.18  25.51  21.87  13.39
1964  19.30  15.20  38.31  47.55  31.05  26.84  27.40  40.45  24.09   3.47  44.68  63.27
1965  35.47  26.07  35.54  47.50  48.11  45.77  56.75  40.33  56.30  22.74  51.19  53.44
1966  11.04  24.13  10.94  21.20  25.41  17.00  29.12  33.91  27.16  27.14  20.87  66.12
1967  29.26  15.34  22.07  19.34  43.36  51.17  37.02  38.14  32.27  14.66  18.36  61.12
1968  14.79  38.11  23.64  50.80  30.30  16.72  34.75  59.15  11.40  22.07  26.15  30.14
1969  66.46  43.11  22.11  22.87  18.88  64.26  34.91  35.96  31.84  71.07  19.66  25.30
1970  22.88   9.49  47.05  33.97  10.91  39.58  33.52  33.78  48.62  39.17  38.82  27.02
1971  23.85  26.58  16.67  34.31  42.73   5.24  19.66  41.20  30.25  62.38  27.20  49.46
1972  18.06  10.01  13.76  22.78  15.32  33.85  13.28  25.64  34.41 108.32  35.60  51.07
1973  27.41  18.80  47.85  40.74  37.11  30.16  42.31  28.41  32.19  12.88  35.25  31.35
1974  54.09  13.87  26.87  34.66   3.78  12.06  38.26  14.03  12.60  53.94  24.26  23.96
1975  35.67  30.52  56.81  35.67  40.44  24.70  43.73  15.66  20.04  25.43  30.28  20.83
1976  13.86  43.10  27.13  31.53  41.37  19.80  28.73  26.30  37.64   9.31   5.15   3.07
1977  20.56  12.19  17.48  19.54  29.52   7.99  52.91  47.16  22.26  23.05  31.28  31.46
1978  56.17  37.81  56.20  43.85  43.08  10.96  13.96  19.58  23.39  22.77  62.29  64.51
1979  58.73  28.84  55.82  18.81  47.42  14.24  14.44  34.52   4.04  29.50  35.25  20.47
1980  78.91  60.78  49.82  27.14  56.97   3.68  19.58  31.08  32.09  35.60  17.13  13.28
1981  11.05  14.30  50.13  23.49  61.35  15.63  45.42  32.51  31.43  70.09  25.00  34.59
1982  43.43  23.70  49.27  20.14  34.03  11.93  34.23  53.45  75.85  26.72  45.42  32.35
1983  22.44  31.24  62.68  40.12  47.19  34.74  43.25  46.20  36.18  28.95  65.45  73.14
1984  14.78  17.10  37.98  43.35  18.56  45.33  46.37  53.15  35.20  57.98  22.29  45.82
1985  27.32  19.26  55.49  49.34  30.34  17.08  52.17   9.37  55.38  47.27  65.58  22.13
1986  11.68  51.89  32.36  54.47  30.93  22.23  50.94  40.24  58.94  48.71  44.15  14.80
1987  30.07  37.34  39.05  16.18  45.88  16.83  41.56  48.28  11.06  36.32  45.11  34.65
1988  38.37  18.30  26.33  38.49  27.66  24.02  16.00  39.18  31.04   7.99  39.76  28.45
1989  26.76  39.81  28.42  13.37  17.88  13.28  34.46  34.14  23.21  20.65  13.08  11.60
1990  23.27  28.63  34.71  42.69  23.26  19.63  40.68  27.58  45.19  35.17  30.80  29.62
1991  23.88  12.32  49.81  28.82  30.12  25.58  30.89  39.86  39.78  30.53  48.56  23.92
1992  16.90  28.44  45.44  17.32  63.23  16.95  43.08  38.76  20.57  31.31  30.39  38.86
1993  66.30  59.22  40.68  35.40  43.95  20.22  13.97  49.38  19.88  50.37  30.32  14.96
1994  15.75  39.80  20.15  47.05  20.37  10.80   9.23  33.80  36.73  48.31  43.66  24.13
1995  39.18  30.62  56.27  47.46  83.39  36.06  28.31  33.05  35.75  15.17  23.57  22.45
1996  46.33  37.57  27.00  25.74  28.91  23.33  23.12  16.30  42.95  49.30  46.46  43.63
1997  59.40  23.46  12.14  56.50  38.57  29.08  32.27  62.54  77.67  39.29  26.00  20.31
1998  30.12  35.86  46.28  34.48  18.35  37.78  45.60  25.64  31.81  67.84  32.62  16.41
1999  28.66  24.70  12.68  77.53  39.12  25.10  51.63  61.98  30.40   5.92   7.45  17.70
2000  37.55  37.97  50.15  20.06  23.06  14.06  16.24  39.32  31.58  52.07  23.90  22.52
2001  25.95  33.90  30.88  37.34  27.49  10.83  31.69  44.48  14.24  17.36  30.97  23.51
2002  12.77  10.08  23.00  17.75   9.03   4.07  21.03  19.05  61.40  40.08  29.25  20.18
2003  11.78  43.57  39.10  21.52  29.05  20.49  13.56  36.13  35.41  15.48  42.60  32.59
2004  22.46  38.74  10.46  56.62  14.13  22.36  25.00  23.89  56.40  56.38  42.69  27.28
2005  64.59  42.23  32.89  36.70  31.86  35.34  15.23  40.36  38.22  41.38  23.46  29.11
2006  29.23  14.06  47.90  22.44  10.96  10.17  43.37  40.52  47.66  83.25  22.37  22.75
2007  20.80  27.87  25.60  27.73  31.41   8.52  33.80  43.40  48.56  29.48  10.75  66.47
2008  51.46  44.79  22.57  19.41  35.37  15.68  20.61  31.75  25.75  21.89  26.29  54.75
2009  29.62  21.82  25.08  42.15  40.74  47.23  19.79  14.88  23.63  31.39  12.83  39.34
2010  37.18  31.02  35.48  39.90  27.80  22.84  33.17  47.87  17.24  54.64  29.05  67.25
2011  16.05  30.38  32.48  52.64  54.90  13.64  48.93  27.18  29.88  40.86  28.37  19.61
2012  23.39  32.72  13.45  18.39  10.73   2.01  44.05  26.29  24.87  19.56  15.13  41.72
2013  29.85  18.05  21.24  37.89  28.10   1.44  44.19  43.44  83.69  40.65  34.99  26.45
2014  22.84  30.63  29.15  23.66  35.90   8.23  35.31  62.76  62.52  15.87  28.66  38.46
2015  21.29  28.80  23.14  31.40  78.65  32.30  49.48  36.83  23.00  42.75  37.69  40.56
2016  34.18  17.36  30.42  43.35  49.13  10.25  22.49  38.45  45.18  24.14  29.84  50.31
2017  67.84  39.23  28.31  30.60  28.67   5.28  42.82  26.71  40.26  14.94  16.10  11.86
2018  21.21  28.79  26.01  25.16  22.98  10.68  23.68  26.36   8.48  65.72  22.71  24.17
2019  38.61  56.23  65.80  38.63  64.24  21.11  14.53  14.35  21.88  15.63  33.54  38.20
 -99.0
  units=mm
  Upper CO temperature precipitation
  from the NCEI gridded 5km monthly dataset
  created at NOAA/ESRL PSL by Jon Eischeid
  https://psl.noaa.gov/gcos_wgsp/Timeseries/UpperCOP
