1948 2025
1948    -1.735    -5.153   -14.025   -13.235    -5.771    -4.060    -1.221     4.284     5.842     5.350     7.121     2.125
1949     3.785     0.024    -1.791    -3.543    -3.972    -0.849     2.071     2.544     6.186     3.397     7.012     6.115
1950     3.444     3.193     4.226    -1.323     2.476     4.856     3.083     0.654     2.752     0.384     5.131     6.486
1951     3.927     1.452     1.015    -2.494    -2.494    -3.144    -0.120     0.984     1.749    -1.053     0.017    -1.337
1952    -1.111    -1.481    -2.959    -9.479    -2.913    -0.768     0.861     1.086    -4.447     4.680     4.135    -1.804
1953    -2.911    -3.711    -6.411    -9.942    -6.831    -3.264    -0.129    -0.410     0.086    -0.730    -0.353     1.467
1954    -2.692    -3.762    -3.822    -3.872    -4.765    -1.434     3.909     2.668     3.215    -3.129     5.233     3.185
1955     1.383     1.643     4.282    -3.076     1.794    -3.566    -0.077     3.780     2.725     5.854     8.833     7.026
1956     4.914     3.267     0.294    -2.543     1.628    -2.026     0.844     4.179     4.455     6.414     9.155     4.603
1957     4.938     3.289     4.175    -4.622    -4.495    -1.498    -0.550    -0.490     2.025    -0.434    -1.696    -6.788
1958    -5.018   -13.154   -13.012   -10.930    -2.642    -1.224    -3.211     4.665     0.474     3.821     0.454    -0.299
1959    -0.690    -8.493    -3.493    -4.880    -2.434    -2.318     3.686     7.015     8.231     4.321     4.421     5.567
1960     0.678     0.374    -3.325    -1.436     0.270    -1.543     3.410     6.805     8.025     7.030     4.814     3.477
1961     0.808     1.502    -0.074    -6.890    -2.032    -0.432     2.706     9.869     4.983     6.041     0.482     3.691
1962     1.502    -1.874    -1.087     6.463     8.279    -0.772     7.423     6.640     8.694     9.822     6.056     2.299
1963     0.851    -6.866    -5.893    -2.041    -1.362    -2.745     1.442     5.440     0.786    -0.749    -6.929    -5.002
1964    -1.738    -3.462    -6.070    -6.408     0.978     1.024     3.211     6.280     8.500     6.945     4.824     2.715
1965     3.346    -1.115    -1.878    -4.549    -4.760    -5.233    -2.986     0.566     0.661     0.799    -7.100    -8.844
1966    -5.601   -12.678    -5.472    -2.852    -3.366    -2.930     2.159     6.410     2.817     7.171     1.975    -0.044
1967     8.078     3.113     2.241     1.822     2.696     4.934     8.101     9.378     2.746     6.595     7.601     2.803
1968     3.559     0.402     3.328     2.953     2.305     3.324     8.093     5.314     6.137     6.195     4.481     0.239
1969    -6.741    -4.085    -2.780    -3.357    -5.431     0.232     0.192    -4.374     4.840    -3.439    -0.611     1.279
1970    -2.955    -4.035     1.864    -1.081     4.387     8.291     4.893    10.313     9.383    12.929     9.029    10.584
1971     8.972     6.329    14.017    11.101     7.127     9.481     8.764    12.418    10.130    13.373    12.226     4.586
1972     5.783     4.634     6.210     1.312     0.947     1.113     3.921    -0.670     7.422    -0.820    -6.998    -9.207
1973    -8.078   -10.241    -2.537    -7.003    -2.008     8.503     4.825    10.461     9.220     9.716    11.220    11.854
1974    12.106     8.267     5.387     7.110     4.562     3.052     5.058     7.686     5.880    10.352     8.919     1.877
1975     6.833     4.450     6.789     2.206     0.159     8.900     4.599     6.335     8.657    13.406    10.712    10.275
1976    16.054    12.588    13.590     8.655     5.640    -2.485    -1.026     2.118    -1.803     0.920    -3.792    -0.335
1977    -0.181     4.209     2.897    -2.381    -0.036    -1.266     2.619     2.940     0.632     3.092    -0.798    -3.614
1978     3.203    -3.694     3.603     2.207     5.819     2.258     0.566     7.122     4.785     3.152     2.885     1.713
1979     0.249     0.187     4.094    -0.884     2.801     2.214    -3.631    -4.872     0.628     3.880    -3.751    -3.033
1980    -1.560    -6.673     3.314    -0.551    -1.171    -1.959     1.018     0.971     0.722     2.733     0.556    -0.832
1981    -3.065     3.098    -2.412     5.462     3.736     6.139     3.632    -3.620     4.184     0.188     1.070     8.388
1982     3.778    -0.038     1.768    -0.898    -4.009    -1.508    -3.478    -1.928    -4.061    -5.039    -6.971   -14.649
1983   -15.054   -14.801   -17.229   -15.394    -6.908    -2.083    -2.496     3.167     2.861     4.640     3.315     0.518
1984    -4.782     1.051    -4.757    -2.109     4.707     2.961     5.385     5.740     2.050     7.040     3.549     3.334
1985    -0.178     6.262     9.469     4.038     2.634     2.689    -2.384    -0.128     1.324    -3.920     0.807    -0.548
1986     0.287    -6.560    -0.995    11.407     1.780    -1.072    -0.090     2.113     1.511    -3.597    -4.268    -4.075
1987    -3.271    -2.498    -5.785    -6.163    -6.663    -3.285    -5.393    -3.167    -1.846    -3.310    -5.623    -2.211
1988    -2.344     3.534     1.289     2.637     6.823     3.430     5.647    -1.949    11.548    12.977    12.169     9.849
1989     8.977    12.658     5.296    10.094     6.784     2.377     1.622    -1.931    -4.171     5.605     7.031     2.578
1990     8.577    -3.331     6.450     4.650     0.487     0.472    -1.093     3.010     2.832    -1.420    -0.646    -3.864
1991    -1.298    -1.777    -0.248    -0.567    -4.393    -3.312    -2.837     2.194    -1.599    -2.331    -2.405    -5.383
1992    -2.917   -12.882    -7.356    -5.471    -5.027    -2.002    -1.359     2.881    -3.096     2.562    -2.803     1.608
1993    -7.942    -7.096     0.094    -2.984    -6.633    -4.666     0.902    -3.828    -2.824    -0.969    -7.145    -1.162
1994     0.051     0.328     1.666    -0.632    -2.329    -0.883     0.453     0.062    -2.401   -10.450    -5.277    -0.096
1995    -2.257    -6.836     1.175    -2.752     0.024    -3.176    -4.596    -3.116     0.023    -0.755     2.740    -3.221
1996     4.405     1.063    -1.634     2.527     2.477     0.879     2.232    -0.183    -0.182    -1.516    -1.284     3.095
1997     1.182     6.933     6.164     2.372    -1.657    -6.715    -5.239    -4.164    -3.949    -5.934   -13.824   -15.187
1998   -18.756   -17.696   -16.694   -15.061    -4.511     1.819     2.063    -3.743    -0.981     0.500     4.764     2.388
1999     9.605     6.147     0.112    -0.262     2.669    -1.254     5.554    -2.935    -6.489     2.965     6.917    10.218
2000     6.455     6.694     3.747    -0.003     1.591     7.226    -0.579     5.430    -4.325     4.497     2.508     2.759
2001     4.678    13.279     1.959    -1.406     1.846     1.151    -0.241     5.911    -3.056    -0.095     4.046     3.029
2002     3.477     9.371     0.385     0.647    -2.824     0.140    -2.900     3.474    -1.006    -1.171    -2.298    -5.333
2003    -1.793    -5.907    -1.945    -2.424     4.225    -3.837     4.921    -0.837    -1.787     1.486    -2.694     3.336
2004    -2.743     0.598     7.242     2.554     3.536     4.272    -4.220     0.686    -4.514    -1.950    -4.543    -4.232
2005     2.278    -3.578    -5.770    -1.672     0.028    -3.377     2.749    -3.362     2.399     1.707     0.181    -1.051
2006     8.077     2.575     5.816     3.691    -0.243    -1.475    -2.078     1.090     1.369    -5.742    -6.179    -6.692
2007    -0.762    -3.922     4.776     2.293    -0.871     5.491     0.231     0.599     7.915     1.975     7.990     3.569
2008     7.061    10.313     6.313     7.395     2.724     1.948    -0.037    -0.452     1.917    -0.394     7.320     8.999
2009     3.471     7.786     6.992     1.395    -1.565    -2.090     3.288    -3.717     7.639    -6.528    -4.881    -6.025
2010    -5.194    -4.767    -5.888    -3.363     1.561    -0.258     0.343     2.704    -1.285     8.978     6.436    10.062
2011    13.100    10.994    11.146     9.683     8.343     5.609     7.108     1.722     4.943    -1.361     2.093    11.910
2012    11.615     4.301     9.583     3.473     2.703     1.652     1.233    -3.884     5.441    -0.937    -0.014    -2.044
2013     6.509     0.211     5.804     5.232     2.339     2.659     2.392    -5.554     3.939     1.475    -0.487     6.773
2014     5.459     4.226     1.127    -0.657    -4.049     0.549    -1.423    -6.357    -0.670    -1.383    -6.719    -3.777
2015    -3.029     3.903     5.901    -5.514    -7.973    -2.263    -5.271    -2.860    -4.703    -9.097    -9.648    -8.359
2016    -9.235    -6.320    -2.875    -5.744    -3.560    -1.893    -0.755     3.059     2.649    -0.077     4.910    -0.012
2017     2.848    -0.551     4.909    -2.266    -1.615    -2.232    -0.994    -1.876    -1.158     5.343     4.894     2.255
2018     5.129     2.856    10.172     5.363     0.967    -5.249     3.012    -0.923    -2.931    -2.800    -1.138     0.749
2019     2.935    -1.732     0.324     1.854    -2.093     2.145    -4.264     0.466    -5.832    -4.505    -0.586    -3.663
2020     5.229     6.176     5.460     4.439     5.792     0.690     3.941    -0.071     8.065     8.103     1.893    11.913
2021    17.164    10.874     6.853     9.357     8.571     2.041    10.410     0.694     9.683     1.892     5.831    17.041
2022     9.003    10.833    11.249     9.338     8.532     4.129    11.636     2.498     0.277     7.737     5.280    11.740
2023     4.522    14.389     5.597     5.458     6.361    -1.994     2.679    -3.429     2.344    -4.448    -8.415   -8.506
2024    -6.977   -10.694     2.203    -2.239     1.058    -1.779     4.151     4.750     3.393     4.605    -2.919   11.853
2025     1.042    10.082     3.919     0.081     1.275     3.289     4.996     0.988     3.454     3.352    10.504     4.571
-9999
NCEP/NCAR R1
Zonal Wind (m s-1)
-2.5S-2.5N;195E-250E  1981-2010 climo
missing
Monthly Anomaly
Produced from page https://psl.noaa.gov/data/writ timeseries on Oct 2025
https://psl.noaa.gov/cgi-bin/data/atmoswrit/timeseries.proc.pl?justGotBACKed=0&dataset1=NCEP%2FNCAR+R1&dataset2=none&var=Zonal+Wind&level=200mb&pgT1Sel=10&pgtTitle1=&pgtPath1=&level2=1000mb&pgT2Sel=10&pgtTitle2=&pgtPath2=&fyear=1948&fyear2=2025&season=0&fmonth=0&fmonth2=11&type=1&climo1yr1=1981&climo1yr2=2010&climo2yr1=1981&climo2yr2=2010&xlat1=-2.5&xlat2=2.5&xlon1=195&xlon2=250&maskx=0&zlat1=0&zlat2=90&zlon1=0&zlon2=360&maskx2=0&map=on&yaxis=0&bar=0&sort=0&smooth=0&runmean=1&yrange1=0&yrange2=0&y2range1=0&y2range2=0&xrange1=0&xrange2=0&markers=0&legend=0&ywave1=&ywave2=&cwavelow=&cwavehigh=&cwaveint=&coi=0&Submit=Create+Plot
units=m s-1
