  1948         2025
 1948    -0.18   -0.18    0.27   -0.06   -0.48   -0.20   -1.63   -2.47   -1.77   -2.02   -1.78   -0.29
 1949    -0.13   -0.11   -0.29    0.54   -0.66   -0.59   -1.07   -2.14   -0.81   -1.78   -1.03   -0.32
 1950    -0.18   -0.31   -0.97   -1.94   -2.25   -2.19   -2.15   -2.62   -0.56   -2.12   -0.80   -0.32
 1951    -0.18   -0.31   -0.93   -0.70   -0.91   -0.60   -0.09    2.23    1.48    1.59    1.08    0.01
 1952    -0.07   -0.23   -0.30    0.36    0.28    0.84   -0.17    2.43    2.43    1.72    1.05   -0.06
 1953    -0.18   -0.11    0.59    1.56    0.09    0.51    0.29    1.63    1.32    0.46    1.24   -0.09
 1954    -0.13   -0.29   -0.78   -1.51   -1.30   -1.73   -1.75   -0.80   -0.73   -3.85   -1.98   -0.24
 1955    -0.18   -0.31   -0.86   -2.20   -1.79   -1.90   -1.95   -0.91   -0.65   -0.36    0.64   -0.32
 1956    -0.18   -0.31   -0.62   -1.38   -1.50   -2.53   -1.88   -1.53   -1.92   -1.02   -1.67   -0.24
 1957    -0.18   -0.26    0.13    0.18    0.63    1.33    1.65    2.44    3.11    2.64    1.61    0.34
 1958     0.14    0.21    1.81    1.54    2.46    5.76    2.95    3.53    2.79    1.76    1.21    0.17
 1959     0.19    0.38    0.99    0.81    0.14   -0.05    1.16   -0.48    1.18    0.19    0.22   -0.17
 1960    -0.15   -0.21   -0.63   -0.76    1.14    0.20    0.95    1.42    1.39    1.27    0.82   -0.01
 1961    -0.02    0.04   -0.40   -0.01   -0.26   -0.51   -0.90    0.39   -0.20   -0.43   -0.22   -0.32
 1962    -0.18   -0.20   -0.53   -1.53   -1.37   -0.28    0.96    2.51    1.42    1.46    1.12   -0.24
 1963    -0.18   -0.31   -0.08    0.40   -0.02    0.45   -0.24    2.47    2.07    1.77    1.91   -0.10
 1964    -0.08   -0.15    0.03   -0.46   -1.11   -0.86   -0.50   -1.13   -1.03   -1.42   -1.36   -0.32
 1965    -0.18   -0.31   -0.64    0.20    0.36   -1.60   -0.61   -1.14   -0.57    0.69    0.67    0.31
 1966     0.16    0.06    0.31    0.32   -0.88   -1.18   -0.21    0.45    0.75    0.44    1.14   -0.32
 1967    -0.18   -0.27   -0.76   -1.13   -1.46   -1.93   -1.99   -2.77   -1.35   -0.35   -0.25   -0.30
 1968    -0.18   -0.31   -0.97   -2.60   -2.48   -2.23   -0.94    0.00    1.23    0.63    0.76   -0.14
 1969    -0.09    0.00    2.05    2.09    4.28    4.28    4.65    1.94    2.47    1.26    1.99   -0.19
 1970    -0.18   -0.29   -0.74   -0.42   -1.10   -1.10   -1.28   -0.55   -0.24   -0.13   -0.22   -0.32
 1971    -0.18   -0.31   -0.97   -2.56   -2.34   -1.99   -1.55   -3.01   -4.02   -3.37   -1.93   -0.32
 1972    -0.13   -0.31   -0.58    0.32    0.17   -1.39   -0.66   -1.47   -1.25    1.54    0.90    0.65
 1973     0.14    0.05    1.02    0.19   -0.22   -1.05   -0.57   -1.08   -0.70   -1.95   -1.47   -0.30
 1974    -0.18   -0.31   -0.84   -0.78   -1.52   -1.73   -2.83   -3.20   -4.37   -3.63   -1.88   -0.18
 1975    -0.18   -0.31   -0.32   -0.22   -1.23   -1.20   -2.58   -3.62   -3.50   -3.12   -2.13   -0.32
 1976    -0.18   -0.31   -0.87   -1.08   -1.05   -1.78   -2.35   -2.27   -3.46    0.23    0.04   -0.25
 1977    -0.14   -0.16   -0.59   -1.17   -0.96   -1.57   -0.65   -2.00   -1.31   -0.64   -0.52    0.01
 1978    -0.17   -0.22   -0.64   -0.78   -1.00   -0.49   -1.35   -2.03   -2.50   -1.52   -1.29   -0.11
 1979    -0.18   -0.23   -0.74   -0.03   -0.53   -0.78   -0.58   -0.91   -1.78    0.43   -0.28   -0.22
 1980    -0.12   -0.18   -0.59   -0.10    0.97    1.19   -0.01    0.33    1.22    0.21    0.24   -0.17
 1981    -0.18   -0.31   -0.75   -1.21   -0.75   -0.80   -0.74   -0.42    0.79   -0.60    0.13   -0.14
 1982    -0.18   -0.15   -0.36    0.67    0.46   -0.14   -0.45   -2.01   -2.14   -2.22   -1.34    0.47
 1983     1.62    3.18    4.46    3.73    4.11    4.82    3.36    1.96    0.19    0.04   -0.02    0.28
 1984    -0.18   -0.31   -0.52   -0.07   -0.82   -2.62   -3.10   -4.28   -6.10   -5.33   -2.05   -0.32
 1985    -0.18   -0.31   -0.92   -2.42   -1.91   -1.62   -2.29   -2.79   -3.09   -2.95   -1.77   -0.25
 1986    -0.18   -0.31   -0.77   -1.81   -0.99   -1.97   -1.29   -2.29   -1.08   -2.00   -1.46    0.01
 1987    -0.03    0.19    1.80    2.43    2.70    3.15    4.02    5.14    5.43    4.20    3.50    0.72
 1988     0.30   -0.01    0.76   -0.03    0.15   -0.31   -0.38   -0.96   -1.85   -2.32   -1.70   -0.20
 1989    -0.18   -0.31   -0.92   -1.91   -1.29   -1.86   -1.33   -0.95   -2.10   -0.80   -0.52    0.02
 1990    -0.12   -0.12   -0.31    0.73    0.48    0.85    0.62    0.45    2.86    2.70    0.75    0.02
 1991    -0.04   -0.04    0.43    0.96    0.71    1.49    0.86   -0.49   -0.68   -1.35   -1.79   -0.30
 1992    -0.04    0.10    0.55    2.73    1.96    0.97    0.75   -1.29   -0.53    0.53   -0.43    0.07
 1993    -0.14    0.02    0.20    2.18    2.13    0.94    0.45   -0.39    0.19    0.61   -0.56    0.14
 1994    -0.12   -0.22   -0.24    0.53    0.21    0.95    0.93   -0.57    0.27    0.78   -0.26    0.26
 1995     0.04    0.07   -0.11    0.48    0.15    1.58    2.72    3.03    1.61    2.00    0.81   -0.01
 1996    -0.18   -0.26   -0.42   -0.51   -0.29   -0.22   -1.17   -2.13    0.86   -0.39   -1.66   -0.14
 1997    -0.18   -0.21    0.20    0.66    2.16    3.76    4.77    5.07    6.13    6.07    4.76    3.35
 1998     3.62    4.94    5.44    4.81    4.47    5.37    6.06    5.80    3.33    3.37    1.57   -0.05
 1999    -0.18   -0.23   -0.25   -0.49   -0.83    0.72   -0.07    3.08    1.47    0.23   -0.06   -0.21
 2000    -0.18   -0.31   -0.81   -0.05   -0.30   -1.12   -0.66    1.12    1.16    0.94    0.65    0.02
 2001    -0.18   -0.25   -0.44    0.11   -0.69    0.51    0.61    2.96    3.11    2.09    1.93   -0.01
 2002    -0.13   -0.15    0.07    0.81    0.48   -0.36    0.71    0.65    1.72    3.03    1.15    0.01
 2003    -0.03    0.01    1.24    0.45   -0.05    1.42    2.02    4.60    3.73    4.73    2.94    0.01
 2004    -0.13   -0.20   -0.35    0.63    0.28    1.14    2.23    4.48    3.66    3.16    2.75    0.07
 2005    -0.05   -0.22    0.37    1.40    3.12    4.41    5.86    4.88    4.36    2.44    1.51   -0.25
 2006    -0.18   -0.31   -0.53   -0.09    0.47    0.95    2.18    4.31    4.93    5.19    3.21    0.06
 2007    -0.04    0.00   -0.29    0.46    0.03    0.16    1.66    1.51    1.68    1.36    0.45   -0.17
 2008    -0.18   -0.28   -0.54    0.16   -0.32    0.01    1.00    3.41    2.68    2.62    1.83   -0.31
 2009    -0.18   -0.31   -0.76   -0.12    0.27    1.85    3.81    4.16    3.86    4.90    3.16    0.78
 2010    -0.01    0.64    1.90    4.02    6.16    7.30    5.96    5.00    3.22    2.94    2.25    0.09
 2011    -0.18   -0.28   -0.86   -0.74    0.03    2.13    2.69    3.52    1.38    1.66    1.65   -0.26
 2012    -0.17   -0.13   -0.48    0.42    0.28    1.83    2.89    4.44    4.73    4.53    3.87    0.17
 2013    -0.14   -0.10   -0.60    0.39   -0.37    0.57    0.33    3.71    3.88    4.27    2.13    0.08
 2014    -0.01    0.10    0.54    1.47    1.60    1.97    3.78    4.62    4.95    4.89    2.89    0.19
 2015     0.30    0.09   -0.15    2.29    2.63    4.95    5.71    6.87    8.78    9.12    7.35    5.03
 2016     4.00    1.42    4.05    2.52    3.09    5.47    6.38    5.47    4.27    5.95    3.67    1.08
 2017    -0.02    0.43    0.64    1.78    1.82    1.77    4.92    4.89    3.67    3.11    2.71    0.18
 2018    -0.07   -0.06    0.11    0.91    0.49    0.91    0.77    2.68    5.26    3.63    1.51    0.40
 2019     0.36    0.60    0.92    2.41    1.28    4.21    6.04    5.88    5.32    5.10    3.13    1.06
 2020     0.33    0.57    1.32    2.61    2.90    4.39    6.00    5.78    3.53    4.47    2.34    0.15
 2021    -0.18   -0.31   -0.53   -0.39    0.29    0.55    1.67    3.80    4.70    4.32    2.30    0.34
 2022     0.17    0.03   -0.13   -0.04    0.20    1.33    1.87    4.11    4.28    4.70    1.68   -0.01
 2023    -0.06   -0.17    1.10    3.06    5.12    9.89   11.08   11.08   10.49   10.02    8.61    4.11
 2024     2.41    2.94    4.01    5.72    7.52    9.47    9.46    8.67    8.26    7.75    5.96    2.70
 2025     0.09   -0.04    1.08    1.38    2.01    3.22    6.03    6.30    6.21    5.11    4.19    0.61
  -99.99
  WHWPa
  Area anomaly scaled by 10e6 km**2
  Monthly anomaly of the ocean surface area Ocean region >28.5C
 in the Atlantic and eastern North Pacific.
  Climatology is 1951-2000. Wang, C., and D.B. Enfield,
  2001 : The tropical Western Hemisphere warm pool, 
 Geophys. Res. Lett., 28, 1635-1638. 
