1951 2025
1951 20656.387 21731.391 15225.668 11172.496 9984.424 8753.172 7498.017 8102.364 9929.319 16968.166 19799.629 21167.504
1952 19020.348 19614.541 17609.730 12893.340 8893.665 8660.078 6671.462 8513.810 10811.826 17742.768 17403.756 19716.771
1953 18368.701 21282.184 18657.008 10204.042 9374.973 7460.104 6971.721 8358.619 12329.775 17239.068 18815.703 20998.119
1954 19376.240 22057.475 18517.191 11437.630 9079.406 8664.859 7004.717 8014.220 12195.376 17327.299 18600.498 18630.268
1955 18770.287 20569.602 17695.021 12651.718 11358.526 8674.741 7863.127 8942.190 11755.888 17220.762 17714.121 20699.322
1956 15994.422 18653.910 19125.131 12746.800 12788.506 8658.166 7083.076 9651.846 13137.919 18229.992 16820.352 18165.930
1957 19913.846 18404.186 17038.137 12046.158 9599.853 8944.538 6887.599 8736.678 11557.867 17396.029 17795.105 21599.764
1958 17185.090 19518.971 16341.399 12781.323 11157.034 9130.617 8150.963 8982.049 13643.056 17478.619 19018.713 19529.486
1959 15994.224 22785.062 19326.471 11990.932 9877.099 9044.485 7793.717 8090.002 12464.595 17835.939 16612.551 20523.412
1960 16783.219 20284.414 17504.889 12526.903 9617.698 9112.701 7584.080 8901.941 12214.635 18390.613 19440.496 18952.301
1961 18611.816 22068.057 19370.305 12890.354 11020.164 9957.945 7682.732 10030.549 13545.408 16943.936 18627.963 18977.693
1962 19163.836 19929.004 16130.977 12153.227 10805.004 9705.719 7216.358 10273.105 13190.838 18026.066 17638.158 20012.805
1963 15843.858 20772.826 20278.096 12395.924 11730.494 10397.685 7961.349 8959.461 13663.744 18566.533 19337.861 20211.156
1964 20702.182 21219.355 20163.070 13686.656 11246.188 10432.329 8949.924 8916.085 12855.150 17609.826 18687.002 18847.635
1965 18420.918 19963.422 17157.803 12947.667 11848.797 10774.709 8129.777 10181.764 12088.303 19178.463 18442.715 20991.711
1966 18601.439 22399.000 17663.254 11531.936 11940.014 10340.630 8003.438 8778.428 13524.845 17573.844 17658.307 17445.715
1967 20066.207 24433.051 19529.004 12685.711 9484.980 9265.216 7440.759 9507.421 13174.324 18736.025 18374.547 18747.129
1968 17660.084 19819.383 19698.125 12503.552 9831.443 10222.899 7603.787 8913.301 11618.344 18335.707 19717.166 20168.871
1969 16694.584 20701.102 19309.631 14330.905 11659.696 10264.580 7655.304 7996.007 12954.459 18118.832 18552.301 18361.844
1970 17933.057 21364.893 16641.570 13886.549 10588.339 10075.183 7972.941 9269.261 12364.539 16834.287 18473.756 20320.553
1971 19659.912 20177.025 18533.547 12344.370 12034.262 9004.014 7393.402 10033.178 12078.857 18542.326 19096.338 21032.572
1972 20183.611 22203.535 18337.248 13174.547 11077.104 9823.962 6975.290 9645.956 11814.161 17909.586 19805.217 20920.303
1973 20504.711 22493.029 18472.375 11183.750 10786.063 9359.225 7973.458 8788.189 13157.855 17874.562 18600.629 20676.361
1974 18391.748 21806.697 18398.236 13444.127 11313.303 9970.419 7770.611 8681.464 12734.038 17469.822 20254.416 21527.451
1975 21357.633 22339.430 18960.527 11141.706 9826.425 8433.317 8271.580 9339.438 12960.415 18117.338 19339.242 21351.680
1976 19970.240 23346.889 19835.268 12930.133 11272.002 9665.236 8714.250 10097.134 12399.386 19281.830 19580.430 19904.203
1977 15534.086 22025.035 18361.729 12576.476 9663.201 8254.400 7028.501 8599.263 12955.157 18469.273 18341.676 19859.975
1978 19629.273 21291.996 19190.723 12077.823 10079.894 10099.018 7464.824 9385.322 13468.375 18463.680 20225.617 21509.754
1979 18101.467 22424.223 17044.266 11049.316 10346.465 9068.415 6933.043 9011.096 12345.868 17735.408 18562.301 20924.711
1980 16370.084 20047.652 18036.418 12820.118 9899.479 9026.208 7437.039 8322.181 12566.812 17308.639 19634.967 18840.420
1981 17896.277 19790.832 18381.711 12383.918 10177.851 8822.534 7568.793 7865.510 11310.460 14981.465 17742.750 20244.035
1982 19169.514 20400.686 19389.529 12808.028 10106.512 9421.597 7384.633 9244.867 12970.592 17152.877 19592.338 21111.689
1983 20107.896 20950.293 17117.789 11335.342 10580.065 9585.837 7518.009 9161.572 12002.874 18189.969 19150.285 19452.098
1984 18634.645 19995.492 16897.953 12148.046 10385.770 8637.078 6745.799 9160.954 12450.561 16886.504 19949.584 20259.027
1985 17817.391 19706.133 19715.297 13471.938 10445.620 9161.754 7438.241 8859.532 11875.976 18224.527 16691.979 18820.090
1986 19520.395 20081.480 20493.174 11976.187 10462.377 9937.382 7299.387 9234.781 12341.325 18235.744 18755.814 21598.734
1987 19841.627 20816.461 17151.131 13115.653 10592.624 9145.706 7268.006 8055.113 13176.132 17071.922 18712.887 20443.184
1988 20395.943 20018.945 17622.605 12689.785 9199.750 8703.497 6705.924 9058.877 12048.010 17183.713 19422.129 21111.350
1989 22275.803 22093.791 18202.689 11114.235 9726.150 8324.737 7116.294 9144.873 12387.191 17379.859 18847.078 19781.938
1990 20480.338 22834.002 18462.711 11645.421 10666.266 8850.065 6806.006 8321.248 12496.910 18273.861 18423.332 19774.105
1991 18389.895 20701.465 17487.285 12242.485 9874.899 8318.439 6707.752 9111.250 11913.176 15995.738 18272.975 21868.494
1992 20333.557 21710.391 18190.611 12449.728 11326.568 9670.598 8794.205 10577.054 12162.073 18183.041 19709.811 20371.031
1993 21875.355 20710.242 19596.562 12667.968 9079.105 9025.878 6490.503 8324.146 13197.753 17530.805 19360.701 20866.863
1994 18825.656 21357.576 19670.230 11913.534 11131.740 9934.304 7742.264 9579.863 11834.125 16950.850 19991.562 20777.264
1995 17772.139 20758.869 17137.453 10171.074 9355.573 8556.713 7821.110 8940.926 11906.642 17748.828 16172.868 19594.244
1996 17862.754 21055.910 15543.893 11705.991 10178.917 9210.197 7808.871 9364.538 11588.819 17317.104 16167.938 18376.264
1997 19682.627 23632.230 18331.873 12262.004 9685.884 8761.765 7498.494 8862.766 11995.301 16065.611 19089.252 21354.582
1998 17263.371 22558.980 17221.129 12133.326 9949.464 6755.267 5898.813 8176.426 11806.447 16741.520 17585.783 20509.654
1999 18740.736 21595.994 17558.582 11461.190 9671.042 9644.810 6839.145 9195.867 12216.859 17173.557 18287.574 19716.041
2000 18283.371 22134.293 17873.219 11389.312 10822.565 9455.816 6518.883 7894.954 12654.376 17230.543 17122.854 19198.691
2001 19012.156 21575.139 17555.895 12615.700 9661.739 8486.183 7010.934 8444.319 11453.669 17713.260 18851.354 17942.424
2002 19496.029 22283.354 17861.639 11306.391 9943.564 9354.785 7193.738 7865.438 11847.921 15953.090 17860.070 19874.480
2003 18442.066 21166.934 18544.412 11662.242 9877.339 9170.261 6342.815 7323.986 11142.502 15562.495 17069.740 19673.205
2004 16619.516 20109.367 17068.527 11518.811 9232.699 8163.294 6979.218 8182.235 11898.479 16360.853 18123.926 19914.799
2005 16060.858 17999.820 17424.465 10463.889 8410.200 8163.797 6552.211 7966.765 11674.537 15809.328 15362.658 16684.090
2006 17551.754 19809.260 16052.532 11329.923 8865.904 7837.658 6875.317 7956.712 10803.096 15696.171 15913.843 21071.393
2007 18736.896 20433.828 16734.523 11609.573 10572.305 7471.119 6803.062 7834.636 11612.209 15745.572 17796.449 19211.416
2008 18712.930 21703.439 17741.570 10352.645 8473.634 8115.408 6722.251 8501.191 10947.255 17061.625 16973.307 17756.008
2009 17880.373 19497.639 16598.990 11939.129 10418.517 8057.665 6299.667 8504.714 11547.193 15610.089 18532.066 16742.273
2010 15974.314 18382.740 18301.854 10624.655 7037.756 8372.536 6589.222 7375.207 10760.896 16494.961 16632.455 15390.906
2011 15487.916 22010.844 18627.586 14006.815 9225.751 7548.337 6590.966 7809.723 12523.798 16887.018 19283.416 20430.340
2012 16938.271 20287.682 18583.604 10624.737 8471.080 6945.650 6348.571 8393.263 10970.632 14152.973 15879.457 17848.486
2013 17621.834 20144.914 16162.389 10771.312 9006.323 7765.630 6140.815 8224.163 11239.712 16390.689 17982.004 18736.455
2014 18246.828 19586.410 18222.309 12807.962 8237.843 7169.843 6076.189 7648.771 12092.706 15629.065 17388.172 18279.875
2015 17996.311 19657.395 17953.334 12262.519 10098.263 8262.864 6835.985 7398.027 10334.350 16019.352 17658.215 20688.871
2016 16405.420 19445.355 16415.045 9965.070 7862.453 7141.107 5767.008 7198.850 10109.237 14543.068 16548.156 20382.561
2017 17319.023 19518.127 16554.109 12136.439 9439.938 9581.883 7828.876 7934.138 10208.742 15899.311 16225.909 17289.330
2018 15902.775 19001.500 17194.602 12047.580 10958.866 8405.731 6154.248 8470.307 10632.435 15666.445 16362.348 18753.506
2019 18120.648 20426.977 18547.049 11278.102 8100.946 6547.070 5898.891 6768.317 11149.901 14940.742 16697.695 19301.834
2020 19068.551 22648.463 18165.219 11183.861 8834.420 7378.253 5646.781 7864.117 10787.738 14800.957 17493.072 18373.465
2021 16295.961 19548.789 18651.428 9008.714 9574.347 8341.506 6336.503 6900.702 10782.253 15043.481 17307.100 18662.623
2022 17165.264 20524.049 17263.346 10864.956 9822.110 7415.765 6061.688 7666.244 10274.380 15495.161 16552.600 15544.642
2023 17096.105 21304.510 17144.441 10160.016 9280.312 7774.172 5466.630 6313.389 10126.331 15210.297 17204.541 18519.053
2024 17077.092 19416.652 16672.176 9927.911 8662.561 7613.339 6447.092 8175.610 9473.269 15073.711 15403.568 17733.742
2025 16246.181 17832.270 16939.033 10357.349 9411.845 8719.975 6593.259 6933.832 10627.189 14779.303 17090.477 18126.494
