1951 2025
1951 0.000 0.000 0.000 0.000 0.000 0.000 86.896 77.708 44.740 3.357 20.410 0.000
1952 0.000 0.000 0.000 0.000 0.000 75.841 117.581 89.418 10.275 0.000 0.000 0.000
1953 0.000 0.000 0.000 0.000 15.542 63.288 265.897 126.169 18.908 21.617 15.706 0.000
1954 0.000 0.000 0.000 0.000 0.000 106.215 79.235 69.976 0.000 7.579 4.774 0.000
1955 0.000 0.000 0.000 0.000 0.000 0.000 27.929 74.887 0.000 0.000 0.000 0.000
1956 0.000 0.000 0.000 0.000 0.000 13.798 17.674 24.487 1.703 0.000 0.000 0.000
1957 0.000 0.000 0.000 0.000 0.775 36.100 130.188 72.487 18.137 0.000 0.000 0.000
1958 5.246 0.000 0.000 0.000 0.000 68.942 60.033 89.091 55.308 0.000 0.000 0.000
1959 0.000 0.000 3.163 0.000 0.000 39.813 81.914 33.681 62.977 0.000 0.000 0.000
1960 0.000 0.000 0.000 0.000 0.000 5.962 71.798 149.664 4.358 0.000 0.000 0.000
1961 0.000 0.000 0.000 0.000 4.396 9.480 24.601 47.024 0.000 0.000 0.000 0.000
1962 0.000 0.000 0.000 0.000 0.000 0.000 52.444 162.464 25.539 1.738 0.000 0.000
1963 0.000 0.000 0.000 0.000 0.000 0.000 19.727 12.091 45.333 0.000 0.000 0.000
1964 0.000 0.000 0.000 0.000 0.000 5.645 124.273 38.189 5.108 3.574 0.000 0.000
1965 0.000 0.000 0.000 0.000 0.000 12.192 7.854 8.569 0.000 0.000 0.000 0.000
1966 0.000 0.000 0.000 0.000 0.000 84.586 17.052 92.869 0.000 0.000 0.000 0.000
1967 0.000 0.000 0.000 0.000 0.000 0.000 56.361 71.741 13.052 0.813 0.000 0.000
1968 0.000 0.000 0.000 0.000 0.000 51.382 46.129 0.000 0.000 0.000 0.000 0.000
1969 0.000 0.000 0.000 0.000 0.000 60.237 87.160 30.860 8.494 0.000 0.000 0.000
1970 0.000 0.000 0.000 0.000 0.000 98.011 90.449 25.835 0.000 0.000 0.000 0.000
1971 0.000 0.000 0.000 0.000 0.000 4.460 30.269 28.948 0.000 0.000 0.000 0.000
1972 0.000 0.000 0.000 0.000 0.000 0.000 27.854 0.681 0.000 0.000 0.000 0.000
1973 0.000 0.000 0.000 0.000 0.836 86.012 89.537 4.375 56.981 0.000 0.000 0.000
1974 0.000 0.000 0.000 0.000 0.000 0.000 27.666 7.424 0.000 3.547 0.000 0.000
1975 0.000 0.000 0.000 0.000 0.000 0.000 21.533 12.503 0.000 2.560 0.000 0.000
1976 0.000 0.000 0.000 0.000 0.000 0.000 50.962 57.046 2.463 0.000 0.000 0.000
1977 0.000 0.000 0.000 0.000 0.000 35.986 45.054 51.589 13.230 0.000 0.000 0.000
1978 0.000 0.804 0.000 0.000 0.000 77.383 57.096 74.547 3.270 0.000 0.000 0.000
1979 0.000 0.000 0.000 0.000 0.000 51.249 149.125 4.319 27.853 14.875 0.000 0.000
1980 0.000 0.000 0.000 0.000 10.992 64.935 83.289 42.111 10.910 40.975 13.189 0.000
1981 4.166 0.000 0.000 0.000 0.000 146.920 84.138 59.706 26.219 0.000 7.027 0.000
1982 0.000 0.000 0.000 4.387 0.000 46.130 94.896 55.663 0.000 0.000 0.000 0.000
1983 34.196 20.486 65.162 0.000 21.689 148.089 241.648 236.972 18.486 18.953 26.539 0.000
1984 0.000 0.000 0.000 0.000 2.540 92.987 8.319 14.383 0.000 3.761 0.000 0.000
1985 0.000 0.000 0.000 0.000 0.000 21.715 78.009 38.991 0.000 0.000 0.000 0.000
1986 0.000 0.000 0.000 0.000 0.000 99.406 90.913 41.665 0.000 24.123 0.000 3.843
1987 0.000 0.000 0.000 0.000 0.773 80.652 55.536 55.370 39.072 9.178 19.089 0.000
1988 0.000 0.000 0.000 0.000 15.841 120.512 359.393 77.323 0.000 16.640 0.000 0.000
1989 0.000 0.000 0.000 0.000 0.000 26.817 181.779 12.545 0.744 0.000 0.000 0.000
1990 0.000 0.000 0.000 0.000 6.878 18.846 58.524 141.656 8.546 0.000 0.000 0.000
1991 0.000 0.000 0.000 0.000 15.861 0.000 92.803 153.104 16.968 0.000 0.000 0.000
1992 0.000 0.000 0.000 0.000 0.000 16.665 26.053 80.628 6.782 0.000 0.000 0.000
1993 0.000 0.000 0.000 0.000 0.000 11.790 100.416 22.965 2.146 0.000 0.000 0.000
1994 0.000 0.000 0.000 0.000 0.000 45.287 89.925 82.124 11.669 0.000 0.000 9.830
1995 0.000 0.000 0.000 0.000 2.500 108.791 61.251 99.484 110.332 0.838 0.000 9.453
1996 0.000 0.000 0.000 0.000 5.818 32.094 129.100 71.599 0.000 0.000 0.000 0.000
1997 0.000 0.000 0.000 0.000 0.000 68.819 120.510 145.608 20.933 0.000 3.633 0.000
1998 24.630 133.380 33.842 39.490 74.063 165.126 370.862 359.028 12.432 37.254 5.761 0.000
1999 0.000 0.000 0.000 0.000 0.000 51.411 62.858 91.010 39.629 0.000 0.000 0.000
2000 0.000 0.000 0.000 0.000 0.000 11.832 23.359 21.591 0.000 0.000 0.000 0.000
2001 0.000 0.000 0.000 0.000 0.000 16.474 18.923 352.169 26.223 0.684 0.000 0.000
2002 0.000 0.000 0.000 0.000 0.000 117.743 364.370 115.387 10.391 0.000 7.900 1.662
2003 1.739 0.000 0.000 0.778 14.286 15.517 180.710 274.493 87.492 19.906 0.000 0.000
2004 0.000 0.000 0.000 0.000 0.000 29.933 60.923 237.679 40.260 0.000 0.000 0.000
2005 0.000 0.000 0.000 8.234 0.000 86.329 368.844 195.634 173.685 36.659 0.000 9.101
2006 0.000 0.000 0.000 0.000 0.000 118.215 381.074 118.332 33.105 0.000 0.000 29.305
2007 0.000 0.000 0.000 2.407 0.855 172.231 322.684 247.144 110.809 68.178 0.000 0.000
2008 0.000 0.000 0.000 0.000 0.000 54.262 196.368 185.166 33.120 12.494 0.000 0.000
2009 0.000 0.000 0.000 0.000 0.000 132.998 212.294 276.817 219.795 0.000 0.000 0.000
2010 0.000 0.000 0.000 21.188 89.170 470.273 478.096 409.251 111.078 57.743 0.000 0.000
2011 0.000 0.000 0.000 0.000 7.339 111.155 157.653 244.257 151.178 0.000 0.000 0.000
2012 0.000 0.000 0.000 0.000 2.138 139.159 119.618 146.673 40.568 0.000 0.000 0.000
2013 0.000 0.000 0.000 0.000 10.134 155.294 152.620 232.966 116.198 0.000 0.000 0.000
2014 0.000 0.000 0.000 5.284 0.000 92.408 292.469 272.153 133.759 33.659 4.448 0.000
2015 0.000 0.000 0.000 0.000 33.216 122.983 256.990 248.267 54.603 156.067 0.000 12.802
2016 140.672 43.209 110.019 88.765 138.653 381.047 460.421 339.943 325.413 165.190 48.439 0.000
2017 0.000 0.000 0.000 0.000 37.844 322.470 500.548 489.317 188.728 40.752 10.313 0.801
2018 0.000 0.000 0.000 4.713 104.432 214.261 349.927 338.057 79.281 1.517 8.329 0.000
2019 0.849 0.000 12.304 46.275 166.777 290.818 439.224 477.612 354.816 20.854 0.000 0.000
2020 0.000 0.000 16.179 57.358 384.300 464.781 507.502 495.307 404.243 62.581 63.557 21.264
2021 0.000 0.000 7.033 4.826 97.646 267.470 500.910 579.567 389.148 177.009 16.053 0.000
2022 0.000 0.000 0.000 29.377 183.542 253.398 570.432 337.896 130.164 65.437 21.563 0.000
2023 0.000 0.000 0.000 0.000 34.174 331.552 615.003 496.314 414.992 219.117 21.109 66.111
2024 111.865 77.416 78.793 145.145 209.333 600.399 730.702 608.208 451.598 296.049 84.410 102.861
2025 5.164 13.705 18.020 37.207 89.382 393.677 477.701 571.786 418.133 134.646 57.292 0.000
