1951 2025
1951 0.000 0.000 0.000 0.000 0.000 53.448 354.303 382.589 87.273 0.000 0.000 0.000
1952 0.000 0.000 0.000 0.000 0.000 170.266 490.440 347.874 25.914 30.210 0.000 0.000
1953 0.000 0.000 0.000 0.000 0.000 179.152 469.491 372.929 80.524 0.000 0.000 0.000
1954 0.000 0.000 0.000 0.000 0.000 23.997 315.621 331.364 69.329 0.000 0.000 0.000
1955 0.000 0.000 0.000 0.000 0.000 13.102 196.548 163.279 41.013 0.000 0.000 0.000
1956 0.000 0.000 0.000 0.000 0.000 30.525 242.335 220.792 27.894 0.000 0.000 0.000
1957 0.000 0.000 0.000 0.000 4.720 37.819 329.631 323.380 81.234 0.000 0.000 0.000
1958 0.000 1.606 0.000 49.289 0.000 189.206 489.830 348.655 133.882 0.000 5.654 0.000
1959 0.000 52.663 39.676 0.000 0.000 78.067 366.684 284.764 71.079 25.838 0.000 0.000
1960 0.000 0.000 0.000 0.000 0.000 104.177 330.254 363.639 37.187 0.000 0.000 0.000
1961 0.000 0.000 0.000 0.000 56.602 70.688 277.545 351.786 10.655 0.000 0.000 0.000
1962 0.000 0.000 0.000 0.000 3.198 38.461 351.496 326.297 94.669 1.484 0.000 0.000
1963 0.000 0.000 0.000 0.000 4.905 59.965 268.019 275.452 52.414 0.000 0.000 0.000
1964 6.863 0.000 8.924 5.764 0.000 20.366 267.938 236.917 40.252 0.000 0.000 0.000
1965 0.000 0.000 0.000 0.000 0.000 36.029 247.298 148.128 47.111 0.000 0.000 0.000
1966 0.000 0.000 0.000 0.000 0.000 59.481 298.313 278.812 71.700 0.000 0.000 0.000
1967 0.000 0.000 0.000 0.000 11.314 5.791 326.358 252.269 0.000 0.000 0.000 0.000
1968 0.000 0.000 0.000 0.000 0.000 38.757 357.953 345.987 38.878 0.000 0.000 0.000
1969 0.000 0.000 25.063 5.461 26.329 110.242 442.358 196.180 16.572 0.000 0.000 0.000
1970 0.000 0.000 0.000 70.782 0.812 103.298 337.118 248.963 118.566 0.000 0.000 0.000
1971 0.000 0.000 0.000 0.000 0.000 13.674 184.453 79.362 0.000 0.000 0.000 0.000
1972 0.000 0.000 0.000 0.000 0.000 5.736 259.902 205.002 95.156 22.335 16.548 0.000
1973 33.325 18.206 27.507 24.751 83.181 56.679 292.988 264.078 122.775 0.000 0.000 0.000
1974 0.000 0.000 0.000 0.000 0.000 3.458 199.397 187.571 48.613 0.000 0.000 0.000
1975 0.000 0.000 0.000 39.319 0.000 36.638 143.941 268.802 61.557 1.536 0.000 0.000
1976 0.000 0.000 0.000 0.000 0.000 5.399 209.031 216.765 16.332 0.000 9.575 0.000
1977 0.000 8.396 19.971 0.000 0.000 134.546 398.722 398.865 161.553 23.419 0.000 7.446
1978 0.000 4.292 0.753 0.000 9.544 237.978 323.497 344.612 21.890 0.000 2.192 0.000
1979 0.000 0.000 0.000 0.000 9.383 221.874 497.923 288.055 48.247 8.777 0.000 0.000
1980 0.000 0.000 5.715 0.000 119.028 401.504 536.608 365.537 220.289 65.325 30.896 0.000
1981 0.000 0.000 10.865 29.418 12.131 162.541 421.468 294.025 134.067 40.373 0.000 0.000
1982 0.000 0.000 0.000 41.062 14.464 236.925 366.677 488.667 135.358 0.000 0.000 0.000
1983 0.000 0.000 29.067 26.394 93.015 176.181 485.099 652.283 212.676 16.290 0.000 8.166
1984 0.000 0.000 0.000 12.881 0.000 51.849 175.246 230.314 0.000 26.127 0.000 0.000
1985 0.000 0.000 0.000 0.000 4.905 121.400 324.347 339.885 57.977 0.687 0.000 29.196
1986 0.000 0.000 0.000 0.000 0.000 111.986 481.699 293.597 187.952 5.997 35.139 12.147
1987 0.000 0.000 0.000 3.991 7.921 251.315 390.069 452.078 227.639 53.528 0.000 68.731
1988 50.184 0.000 29.555 8.315 87.859 123.143 483.657 337.696 131.699 3.399 0.000 0.000
1989 0.000 0.000 0.000 0.000 18.130 123.382 391.717 229.700 70.369 0.718 1.511 14.323
1990 0.000 7.839 0.000 0.000 38.817 268.377 328.677 412.947 165.862 0.000 3.055 10.842
1991 63.171 0.000 32.226 8.837 9.950 182.674 443.200 477.983 178.059 0.000 0.000 0.000
1992 0.000 0.000 17.739 0.000 0.000 107.716 398.707 380.474 106.717 0.000 0.000 8.180
1993 0.000 0.000 0.000 0.000 0.000 155.135 423.180 388.670 175.951 51.334 20.611 0.000
1994 0.000 0.000 0.000 0.000 27.323 232.711 414.239 401.082 123.847 0.000 21.707 0.000
1995 0.000 6.334 0.000 0.000 55.582 156.697 346.462 316.450 181.259 10.119 0.000 0.000
1996 0.000 0.000 0.000 0.000 42.368 151.917 471.953 315.713 40.929 3.748 0.000 0.000
1997 0.000 0.000 3.938 0.000 25.882 73.608 484.237 529.723 171.533 12.987 16.932 46.354
1998 0.000 84.847 27.960 130.737 254.648 450.238 591.671 543.120 140.822 77.561 2.201 0.000
1999 0.000 0.000 0.000 21.439 7.742 66.808 429.480 351.644 14.698 7.920 0.000 0.000
2000 0.000 0.000 0.000 0.000 0.000 170.216 298.447 388.706 82.315 10.609 1.531 2.374
2001 0.000 0.000 0.000 9.594 7.367 109.321 398.588 541.522 67.950 70.165 0.000 0.000
2002 26.790 16.258 12.467 22.874 40.219 168.340 570.861 405.382 95.620 22.041 38.583 45.397
2003 52.790 29.080 16.901 48.941 132.810 111.912 526.736 529.703 180.454 0.000 11.737 0.000
2004 0.000 35.993 3.826 2.376 20.552 275.024 300.618 426.329 96.998 49.939 21.276 0.000
2005 0.000 7.856 127.133 116.627 25.311 181.410 620.402 489.311 411.929 13.331 0.000 0.000
2006 0.000 24.534 0.000 16.167 65.433 214.853 625.989 499.394 242.241 105.098 0.000 47.561
2007 46.265 72.151 0.000 51.083 57.783 181.729 449.100 488.026 256.740 11.379 1.489 5.669
2008 0.000 0.000 0.000 2.340 0.000 199.399 363.015 198.425 96.873 54.940 0.000 6.654
2009 0.000 0.000 0.000 32.310 9.191 99.050 520.706 520.576 240.705 108.499 0.000 33.766
2010 18.487 40.183 81.814 71.096 207.245 498.351 620.100 534.193 183.097 28.298 0.000 0.000
2011 0.000 0.000 0.000 17.233 52.123 203.874 431.807 423.179 213.556 4.985 0.000 0.000
2012 0.000 0.000 0.000 0.000 6.715 137.073 495.155 421.423 201.890 16.021 4.173 0.000
2013 95.994 0.000 7.080 37.497 84.896 275.213 459.468 434.315 97.273 94.354 0.000 17.335
2014 24.209 0.000 6.405 12.397 40.815 247.379 621.922 439.260 239.101 30.718 39.949 0.000
2015 12.167 0.000 36.677 49.835 104.517 358.013 572.344 526.820 281.478 151.917 66.478 99.673
2016 89.870 71.210 190.235 152.497 291.999 467.563 770.101 656.532 481.022 84.483 10.229 93.630
2017 18.151 0.000 0.000 9.533 184.504 340.370 757.856 571.653 258.720 84.494 44.072 56.403
2018 0.000 62.637 19.350 34.101 169.104 365.930 719.901 630.074 330.455 85.923 56.358 100.885
2019 37.357 91.775 94.932 138.958 131.066 441.428 657.520 686.069 458.304 116.833 69.836 23.490
2020 85.841 161.820 212.666 304.241 261.026 399.170 610.458 610.808 341.157 166.103 93.374 6.693
2021 32.475 0.000 52.941 34.792 184.580 299.077 687.866 610.503 296.040 140.728 26.407 42.255
2022 0.000 0.000 13.589 38.294 148.459 205.469 722.542 518.739 210.204 80.516 52.991 0.000
2023 0.000 69.610 22.788 18.969 158.983 394.078 832.696 755.379 449.102 215.174 190.597 81.932
2024 276.000 195.575 246.667 263.844 386.701 499.337 878.410 863.830 370.806 304.620 78.903 96.819
2025 163.888 107.957 165.779 106.095 269.595 545.018 849.819 713.713 425.772 116.963 122.252 13.102
