1951 2025
1951 0.000 0.000 0.000 0.000 0.788 3.003 6.323 8.033 6.364 5.075 4.656 1.174
1952 0.000 2.005 0.000 0.000 0.000 8.007 4.061 5.501 5.123 2.264 1.789 0.000
1953 0.000 2.740 0.000 0.875 0.658 7.099 2.146 4.353 3.940 2.540 4.455 0.437
1954 0.000 0.000 0.000 0.000 0.140 2.038 0.323 1.582 2.830 0.488 0.866 0.000
1955 0.000 0.000 0.000 0.000 0.424 1.895 0.865 0.000 3.472 1.000 0.000 0.000
1956 0.000 0.000 0.000 0.000 0.000 0.351 0.645 0.000 0.958 0.000 1.428 0.000
1957 0.000 0.000 0.000 0.000 0.000 5.869 1.041 2.437 4.677 2.023 2.581 1.027
1958 3.342 0.000 1.713 1.772 3.013 5.465 5.521 3.111 3.395 0.664 2.134 1.391
1959 0.000 0.000 0.516 0.000 0.000 3.902 0.417 0.206 1.167 4.689 2.074 0.940
1960 0.000 0.000 0.000 0.000 0.000 5.263 2.634 3.463 4.341 1.843 0.000 2.682
1961 0.000 0.000 0.000 0.000 0.568 0.000 0.729 3.377 2.513 0.000 0.000 0.000
1962 0.000 0.000 0.000 0.000 0.792 0.346 1.167 6.658 3.168 2.806 0.567 0.000
1963 0.000 0.000 0.000 0.000 0.000 1.170 0.462 0.000 5.621 0.741 0.000 1.894
1964 0.000 0.890 0.000 0.000 0.000 0.283 2.140 1.684 5.722 1.421 0.000 0.000
1965 0.000 0.000 0.000 0.000 1.263 4.676 1.858 0.335 3.018 1.208 3.319 0.733
1966 1.853 0.000 0.000 0.000 0.000 4.562 5.490 2.217 3.967 0.000 0.506 0.000
1967 0.000 0.000 0.000 0.000 0.000 0.351 0.000 0.785 1.584 2.910 0.281 0.000
1968 0.000 0.000 0.000 0.000 0.000 3.511 3.197 1.875 0.000 0.406 0.437 0.000
1969 0.000 0.000 2.615 1.045 1.780 6.505 5.989 3.775 3.208 1.474 2.877 2.551
1970 0.000 0.000 0.739 0.964 0.000 5.353 2.954 3.341 1.884 0.000 0.000 0.000
1971 0.000 0.000 0.000 0.000 0.000 1.255 0.662 0.261 0.201 2.917 0.286 0.000
1972 0.000 0.000 0.000 0.000 0.000 0.000 0.000 2.201 0.206 3.605 5.048 2.938
1973 0.000 6.575 5.680 2.099 0.440 4.228 1.663 7.007 8.531 0.211 1.449 1.083
1974 0.000 0.000 0.000 0.000 0.000 0.000 0.199 0.935 0.000 5.459 1.568 0.437
1975 0.000 0.000 0.000 0.000 0.000 2.389 2.962 1.680 1.602 0.615 0.000 0.000
1976 0.000 0.000 0.000 0.000 0.000 0.000 2.474 5.251 1.676 3.102 3.689 0.000
1977 0.000 2.370 3.112 0.000 0.000 4.720 0.679 1.930 2.960 5.157 2.648 1.261
1978 0.000 5.019 0.000 1.849 0.000 5.644 1.810 4.799 5.409 5.838 3.245 3.374
1979 0.000 0.000 0.000 0.732 4.664 7.259 12.952 4.075 7.323 6.649 3.746 0.000
1980 0.000 0.000 0.000 3.489 6.407 13.184 10.341 8.927 7.125 9.283 6.236 0.000
1981 0.669 0.000 2.303 4.737 1.013 6.883 6.504 0.000 7.055 4.271 6.612 2.131
1982 0.000 0.000 0.000 0.000 5.059 8.798 5.140 2.035 5.687 0.425 3.386 7.067
1983 9.652 8.701 9.289 5.157 7.864 11.201 12.022 9.573 7.896 10.272 5.579 2.213
1984 0.000 0.000 2.751 0.000 0.638 0.000 0.000 1.960 0.978 2.592 1.870 0.000
1985 0.000 0.000 0.000 0.000 0.000 4.720 1.700 4.703 7.052 2.970 0.291 2.340
1986 0.000 0.000 0.000 2.739 0.000 1.923 7.612 0.000 4.411 8.785 4.761 5.276
1987 5.039 1.572 3.443 5.213 3.477 9.008 10.172 9.788 3.322 9.280 9.813 7.836
1988 6.260 0.521 5.130 5.149 6.621 8.029 7.825 7.674 5.606 4.001 4.710 2.110
1989 0.000 0.000 0.000 0.000 3.243 5.354 5.259 2.449 5.061 2.547 0.364 0.663
1990 0.000 0.000 0.825 2.322 1.593 5.346 3.202 7.236 7.673 4.171 1.227 1.099
1991 0.150 0.000 2.072 1.170 8.292 7.004 9.176 2.243 8.368 2.190 3.730 2.780
1992 2.146 0.000 4.658 0.299 0.000 4.689 8.817 6.186 0.206 0.069 2.828 0.074
1993 0.000 0.000 0.954 4.368 4.181 7.352 6.113 6.875 5.386 5.470 4.545 3.496
1994 0.000 0.000 0.000 0.000 2.095 7.026 1.725 4.094 0.131 1.298 2.331 7.036
1995 1.859 0.000 0.000 3.895 1.239 9.315 7.432 7.763 10.067 6.169 2.705 3.566
1996 0.000 0.000 0.000 0.293 5.049 8.009 6.112 0.114 1.401 4.271 2.218 0.000
1997 0.000 0.000 0.000 0.886 0.810 4.733 3.654 6.181 5.572 11.067 8.235 8.765
1998 10.817 9.876 10.535 11.577 11.863 16.188 9.771 16.097 6.053 8.013 6.920 4.832
1999 0.000 1.842 0.000 1.614 1.423 5.995 3.376 6.711 6.967 6.759 0.655 2.728
2000 0.000 0.000 1.038 1.187 0.000 5.057 0.737 1.833 1.143 5.614 5.443 4.181
2001 2.224 0.000 0.224 5.567 4.504 4.489 4.946 2.619 4.005 6.885 3.476 4.210
2002 2.088 6.264 5.286 1.039 3.263 7.235 6.137 4.537 4.945 4.413 9.770 9.644
2003 7.406 0.598 1.725 2.373 0.000 5.764 9.501 12.562 9.581 6.904 5.435 6.346
2004 1.805 2.015 4.558 4.149 4.784 1.382 6.229 5.809 5.104 3.951 6.969 2.511
2005 1.194 6.465 9.036 8.445 4.319 7.813 7.875 7.749 11.083 7.326 6.831 4.972
2006 0.000 2.816 0.000 3.793 4.737 8.088 9.788 1.242 2.548 6.919 5.596 9.090
2007 9.893 0.000 0.224 8.424 7.992 4.824 8.604 7.964 6.525 6.240 4.363 3.820
2008 0.964 0.000 0.000 0.000 3.444 5.426 3.876 3.460 9.525 11.878 7.967 2.496
2009 1.640 1.188 1.042 6.116 0.651 7.231 9.033 8.393 9.142 7.115 6.068 3.494
2010 5.312 7.820 8.633 10.637 11.250 16.518 17.349 15.164 12.096 5.886 4.733 0.000
2011 0.000 0.000 0.000 0.817 5.861 8.043 2.969 6.952 8.543 6.614 3.996 5.931
2012 0.000 1.114 0.000 3.214 1.156 5.626 4.446 6.242 6.435 2.699 6.086 3.866
2013 3.747 7.295 6.062 6.371 9.491 6.799 5.446 11.250 5.523 4.356 4.103 4.092
2014 0.967 0.000 4.640 7.690 11.323 7.440 10.916 11.907 10.615 6.858 10.364 8.220
2015 4.033 0.000 4.931 4.734 14.400 14.712 10.286 8.342 10.326 14.998 11.953 12.735
2016 11.095 11.246 10.025 13.234 13.560 16.892 12.658 7.812 12.353 11.731 10.338 6.651
2017 1.562 2.016 2.918 8.903 13.513 14.364 15.222 13.390 16.519 10.210 4.812 7.204
2018 0.000 1.481 0.000 0.000 10.273 10.275 7.001 9.328 8.374 9.251 9.702 9.000
2019 7.670 8.469 7.795 11.468 10.810 16.001 10.299 9.772 12.081 6.857 7.270 8.746
2020 8.357 9.478 8.301 11.554 15.328 15.029 13.487 16.796 13.255 10.771 13.119 8.494
2021 3.510 1.771 0.000 0.446 12.357 13.944 7.516 15.686 14.250 8.875 8.872 4.583
2022 0.000 1.633 1.544 1.362 8.728 8.251 12.859 16.487 10.543 9.679 9.482 2.706
2023 0.812 1.987 0.752 0.372 8.785 15.587 18.154 12.448 18.606 16.853 14.946 13.980
2024 8.568 10.600 11.183 9.979 14.737 18.234 21.060 24.690 18.075 12.601 11.665 10.716
2025 5.852 6.781 5.755 8.540 10.271 15.741 11.030 18.479 17.674 14.408 9.840 0.891
