1951 2025
1951 -999.000 -999.000 -999.000 -999.000 23.162 26.849 34.400 34.844 30.185 29.103 23.805 20.240
1952 -999.000 18.386 -999.000 -999.000 19.640 30.641 36.111 33.534 31.205 30.312 24.909 -999.000
1953 -999.000 19.337 -999.000 21.813 19.975 28.790 37.176 34.573 32.018 28.770 24.794 21.006
1954 -999.000 -999.000 -999.000 -999.000 25.258 28.813 38.358 35.150 34.487 28.716 23.462 -999.000
1955 -999.000 -999.000 -999.000 -999.000 21.320 26.752 35.763 35.972 32.589 32.753 -999.000 -999.000
1956 -999.000 -999.000 -999.000 -999.000 24.500 29.105 36.485 34.847 31.836 -999.000 26.023 -999.000
1957 -999.000 -999.000 -999.000 -999.000 19.313 27.125 35.275 35.414 29.975 29.266 25.701 19.904
1958 18.801 15.508 17.627 19.506 25.501 29.201 34.778 35.520 31.903 32.110 26.047 21.487
1959 -999.000 23.764 20.508 -999.000 -999.000 27.107 37.085 34.707 32.136 28.305 25.985 22.285
1960 -999.000 -999.000 -999.000 -999.000 -999.000 28.947 35.947 37.063 34.067 30.701 -999.000 23.873
1961 -999.000 -999.000 -999.000 -999.000 23.422 29.446 36.855 36.885 35.083 -999.000 -999.000 -999.000
1962 -999.000 -999.000 -999.000 -999.000 22.916 27.904 34.534 37.482 31.706 30.609 25.189 -999.000
1963 -999.000 -999.000 -999.000 -999.000 23.783 25.802 35.359 37.342 31.915 32.191 -999.000 22.064
1964 19.880 18.222 20.822 20.655 21.493 26.943 36.121 35.957 33.036 32.021 -999.000 -999.000
1965 -999.000 -999.000 -999.000 -999.000 27.568 27.976 35.542 34.475 32.350 29.830 24.769 19.811
1966 19.112 -999.000 -999.000 -999.000 21.206 27.847 34.279 36.209 30.743 -999.000 22.508 -999.000
1967 -999.000 -999.000 -999.000 -999.000 21.603 26.308 37.215 37.215 30.712 30.739 25.109 -999.000
1968 -999.000 -999.000 -999.000 -999.000 -999.000 27.324 36.803 34.598 30.237 30.687 20.992 -999.000
1969 -999.000 -999.000 17.805 16.312 20.515 26.407 35.387 34.319 29.867 27.432 25.847 22.128
1970 -999.000 -999.000 18.132 20.760 19.524 28.898 36.211 36.940 32.954 -999.000 -999.000 -999.000
1971 -999.000 -999.000 -999.000 -999.000 20.317 27.292 35.016 36.676 27.269 29.527 22.945 -999.000
1972 -999.000 -999.000 -999.000 -999.000 19.469 24.950 35.391 35.111 28.646 26.261 24.355 21.348
1973 20.612 18.153 18.527 20.700 21.720 27.984 36.341 36.792 31.661 25.560 22.794 22.833
1974 -999.000 -999.000 -999.000 -999.000 -999.000 28.040 35.674 34.408 31.567 29.145 25.065 20.459
1975 -999.000 -999.000 -999.000 23.293 21.473 25.691 35.403 35.421 33.191 30.020 -999.000 -999.000
1976 -999.000 -999.000 -999.000 -999.000 21.424 27.343 34.411 34.324 28.092 27.390 26.238 -999.000
1977 -999.000 20.070 20.257 -999.000 18.435 28.708 37.446 36.864 30.267 25.264 26.100 18.611
1978 -999.000 17.134 15.277 19.465 22.314 29.930 35.958 35.457 30.876 28.794 24.543 21.372
1979 -999.000 -999.000 -999.000 21.563 20.116 28.978 35.303 35.255 31.353 28.668 28.360 -999.000
1980 -999.000 -999.000 19.461 18.996 21.969 30.753 36.468 35.236 32.821 26.420 25.736 -999.000
1981 17.327 -999.000 17.598 21.088 21.774 29.915 36.098 34.893 31.154 25.832 25.593 20.268
1982 -999.000 -999.000 -999.000 21.632 22.313 29.986 34.252 35.499 31.645 23.681 25.006 24.159
1983 18.245 16.025 16.680 16.913 21.797 27.751 35.408 35.931 31.754 26.842 23.547 20.484
1984 -999.000 -999.000 18.314 18.596 23.481 28.077 36.651 35.177 25.954 26.393 24.534 -999.000
1985 -999.000 -999.000 -999.000 -999.000 19.135 28.804 36.012 36.659 29.843 26.728 20.925 23.087
1986 -999.000 -999.000 -999.000 20.103 21.433 28.850 36.388 35.625 30.509 26.020 26.020 21.422
1987 19.315 16.331 18.190 18.414 21.046 28.354 33.593 33.531 31.184 27.150 24.419 21.622
1988 21.479 16.383 18.529 17.992 22.062 28.654 37.933 34.618 32.016 27.231 22.841 22.268
1989 -999.000 -999.000 -999.000 -999.000 23.114 28.425 36.695 35.238 31.991 27.754 20.743 21.401
1990 -999.000 22.155 16.397 17.422 20.970 31.782 35.899 35.286 32.707 24.975 23.103 22.259
1991 23.339 -999.000 19.283 19.017 23.000 30.305 35.452 36.832 33.372 32.114 26.336 21.699
1992 19.280 -999.000 18.950 16.010 20.440 26.958 34.147 36.338 31.848 27.607 28.387 22.279
1993 -999.000 -999.000 20.177 19.245 20.806 28.529 35.214 34.941 31.899 29.350 25.894 23.106
1994 -999.000 -999.000 -999.000 -999.000 22.076 30.278 36.885 36.198 29.736 30.496 22.368 21.866
1995 17.427 15.552 -999.000 21.466 19.770 27.804 34.611 36.416 30.981 28.148 21.410 19.669
1996 -999.000 -999.000 -999.000 18.944 22.017 27.823 36.793 35.935 28.784 25.705 25.625 -999.000
1997 -999.000 -999.000 20.534 19.364 20.527 27.717 35.232 33.911 29.807 23.295 22.947 19.402
1998 18.178 17.177 16.639 19.216 21.285 31.389 36.973 37.935 33.046 26.812 25.287 22.738
1999 -999.000 19.791 -999.000 21.169 23.829 30.480 36.780 35.104 32.028 30.676 20.301 21.109
2000 -999.000 -999.000 18.590 18.664 23.253 31.790 35.907 37.294 31.275 29.505 25.846 22.232
2001 19.030 -999.000 15.489 19.049 21.986 30.584 36.450 38.516 31.651 26.759 23.298 20.995
2002 20.094 18.537 19.603 21.202 21.866 30.803 37.558 36.593 30.811 25.755 24.087 21.776
2003 18.252 19.174 17.295 17.884 22.459 28.788 35.803 37.058 32.344 26.272 23.447 20.445
2004 16.378 18.478 17.923 18.226 22.015 30.792 34.461 35.364 32.475 25.851 24.536 20.156
2005 16.631 16.793 18.413 18.489 21.026 29.209 37.068 36.298 34.275 28.139 21.361 19.930
2006 -999.000 19.581 -999.000 19.391 22.139 30.479 37.382 36.931 32.073 25.899 22.471 21.084
2007 18.719 20.200 15.769 18.814 21.690 29.355 35.727 37.304 33.830 29.164 25.776 21.552
2008 18.676 15.430 -999.000 20.328 22.535 30.444 36.919 35.970 31.567 27.496 23.509 22.031
2009 21.523 18.149 17.334 18.433 21.761 28.655 35.434 36.868 32.030 25.598 23.636 20.830
2010 18.202 15.766 18.760 18.349 23.137 32.174 38.255 38.338 33.058 27.554 24.056 -999.000
2011 -999.000 -999.000 -999.000 19.728 22.513 31.002 38.175 36.555 32.746 28.910 24.781 22.852
2012 -999.000 18.369 18.092 18.569 23.898 30.646 37.213 35.141 32.119 23.455 20.352 19.317
2013 19.073 19.123 15.659 17.073 21.986 31.722 34.795 36.348 32.353 27.954 22.707 21.596
2014 22.485 -999.000 17.039 20.111 21.645 29.479 35.384 36.782 32.313 25.657 24.875 21.162
2015 17.768 15.284 18.487 19.736 23.839 30.861 36.838 35.803 30.792 26.277 22.810 20.894
2016 17.122 18.916 18.319 20.079 23.880 32.268 37.614 38.516 35.411 27.364 23.197 23.393
2017 17.823 16.004 15.415 18.462 23.445 31.858 38.415 37.624 33.321 27.797 23.574 22.142
2018 -999.000 23.509 16.386 15.671 23.270 31.644 39.392 38.081 31.933 23.391 20.632 21.371
2019 17.989 18.219 17.540 18.623 20.354 29.822 36.416 37.039 34.925 26.476 22.761 18.961
2020 17.451 18.486 16.941 20.057 24.460 31.430 37.555 37.826 33.973 26.505 22.385 18.734
2021 21.086 16.790 20.418 16.462 24.696 32.767 38.775 38.339 34.246 25.430 21.348 20.546
2022 13.246 18.663 18.113 18.502 23.533 30.685 38.006 38.119 33.589 27.553 23.667 22.565
2023 18.702 20.731 16.445 16.187 21.124 29.555 38.045 37.592 33.918 27.013 22.833 20.329
2024 18.934 18.137 18.736 19.998 23.827 32.595 38.924 38.607 34.623 28.736 22.947 21.225
2025 20.046 18.927 17.967 19.814 25.103 33.875 38.393 38.223 34.653 28.126 22.085 17.811
