1951 2025
1951 11.673 10.982 9.151 9.281 9.662 10.576 12.590 9.072 9.110 10.107 11.594 12.664
1952 12.779 10.167 7.357 7.895 11.828 12.648 13.354 13.128 10.837 12.821 12.237 11.981
1953 11.931 7.865 8.503 7.235 7.522 12.265 12.388 13.167 10.905 10.377 12.458 10.664
1954 13.029 11.939 10.024 13.059 12.971 13.639 13.914 13.000 12.143 10.787 11.483 13.627
1955 12.321 12.358 9.174 9.481 12.732 13.223 13.241 12.689 11.452 10.026 11.177 11.992
1956 12.167 11.440 8.865 9.125 10.635 12.238 14.547 13.088 12.583 13.038 13.376 14.548
1957 14.459 13.487 8.571 9.347 10.617 12.243 12.287 13.688 12.021 11.201 10.931 12.752
1958 8.230 10.184 7.263 6.568 10.077 12.519 11.744 12.474 10.250 10.982 11.818 9.902
1959 11.439 12.857 9.557 9.891 11.978 12.580 13.451 12.850 11.597 10.885 13.055 14.232
1960 14.589 13.267 10.804 9.633 13.706 14.259 15.132 14.332 14.575 12.689 14.280 14.097
1961 14.022 13.612 8.589 9.376 13.081 13.647 14.849 15.033 12.518 11.743 12.399 14.721
1962 14.227 11.593 10.956 11.901 13.033 12.742 15.319 13.287 13.935 12.619 13.502 13.236
1963 13.651 11.711 12.025 8.726 12.408 10.369 13.295 14.831 11.831 12.051 9.332 11.081
1964 10.498 10.297 9.045 11.389 12.682 12.894 12.826 13.365 11.997 10.586 12.086 12.159
1965 13.301 11.457 7.679 5.805 7.874 8.410 11.341 10.631 11.306 10.390 10.307 11.245
1966 9.003 8.430 7.652 8.870 9.858 11.773 12.418 12.677 10.282 10.446 13.719 12.766
1967 14.361 11.265 10.343 10.378 13.026 12.603 14.022 12.563 11.828 9.580 11.919 12.390
1968 16.866 14.040 14.650 10.508 10.574 12.267 13.427 12.117 9.724 10.323 12.232 14.810
1969 12.995 10.559 7.946 8.619 10.038 10.953 13.247 8.698 10.020 8.900 11.118 12.638
1970 12.240 11.860 9.422 8.838 13.126 13.395 11.781 11.380 10.023 11.245 12.080 14.173
1971 14.581 13.835 10.227 10.157 11.347 11.965 11.450 10.890 11.347 10.358 12.322 13.351
1972 11.640 12.512 8.984 6.445 9.004 9.787 10.576 7.261 10.046 10.104 8.938 9.131
1973 10.846 9.109 8.078 8.782 10.502 12.237 10.467 10.856 9.400 9.971 12.581 12.911
1974 12.123 10.833 9.478 11.052 9.951 10.211 12.247 9.519 9.262 10.945 11.062 11.698
1975 12.006 10.656 9.529 8.382 9.862 10.433 8.448 9.705 9.349 10.231 10.705 13.184
1976 13.018 12.163 10.394 8.040 6.095 6.803 9.076 8.835 6.315 6.532 8.752 8.980
1977 8.979 9.329 6.733 9.350 8.074 9.672 12.870 11.395 8.342 8.853 9.274 10.537
1978 12.144 10.614 9.724 8.969 10.159 10.896 9.648 11.136 9.918 8.349 10.551 11.216
1979 11.182 9.232 8.491 5.994 6.618 9.125 7.076 6.066 5.824 5.763 7.695 9.213
1980 10.094 10.182 9.131 8.503 9.273 10.157 11.411 11.048 9.877 10.649 10.182 11.964
1981 13.068 12.655 9.101 9.259 10.007 9.455 11.603 8.977 10.608 8.790 11.036 12.042
1982 11.565 11.700 9.745 7.027 7.974 9.008 10.193 10.490 6.243 6.714 5.959 5.902
1983 5.985 5.087 1.712 2.004 1.156 5.713 8.233 10.191 9.809 10.331 10.215 12.453
1984 12.189 9.170 7.055 7.085 9.263 11.465 12.271 10.136 7.575 10.030 9.638 13.459
1985 11.798 13.410 11.098 9.825 11.685 9.751 9.813 10.320 9.461 7.031 9.577 10.510
1986 13.174 10.985 10.049 9.305 8.455 9.947 9.675 8.197 8.095 6.518 8.620 9.643
1987 11.002 8.954 5.434 3.882 4.068 8.949 7.087 9.479 9.036 8.230 10.236 11.669
1988 12.467 11.052 10.065 7.990 11.795 11.001 13.144 9.587 10.617 10.793 10.466 12.725
1989 12.306 9.706 9.633 10.459 9.757 7.880 10.259 9.372 6.366 9.564 9.183 9.335
1990 12.583 10.141 10.011 8.191 7.623 7.971 8.315 9.324 7.358 6.647 9.304 9.129
1991 10.515 11.285 7.836 7.927 6.272 6.836 8.895 9.462 5.956 6.805 8.003 8.647
1992 6.439 8.432 6.161 6.318 6.903 8.366 9.263 9.172 6.119 9.532 6.650 9.663
1993 9.455 9.575 8.069 5.721 6.167 7.162 9.450 7.133 6.672 7.488 8.342 10.487
1994 10.187 10.811 8.826 9.249 8.162 9.398 9.935 8.678 6.560 4.950 6.179 9.196
1995 9.840 9.007 9.465 7.722 8.372 7.116 8.886 8.095 6.918 7.003 10.315 9.481
1996 11.653 12.999 9.395 8.526 10.096 8.424 9.717 8.186 8.468 7.207 9.247 12.901
1997 9.765 11.371 7.940 5.974 6.796 3.126 7.477 5.588 1.923 1.699 2.042 4.773
1998 5.213 2.295 2.694 1.251 6.355 6.426 8.559 8.744 6.139 8.346 9.008 10.492
1999 10.716 8.153 7.111 6.504 7.100 6.818 9.453 7.859 6.202 8.264 9.892 11.279
2000 12.475 9.407 5.527 6.441 6.274 7.339 7.701 9.549 5.646 8.458 8.264 10.098
2001 8.484 10.078 5.801 7.468 7.223 8.403 8.502 10.135 7.684 7.254 9.334 9.970
2002 9.790 8.840 8.313 7.745 6.044 7.799 6.934 8.547 6.079 7.149 7.779 8.368
2003 10.006 9.121 6.901 7.629 8.047 6.114 7.793 7.891 6.091 6.277 7.288 9.675
2004 9.760 9.504 8.670 7.483 7.477 8.933 6.867 8.754 6.676 7.027 7.531 9.628
2005 10.889 10.864 7.059 7.294 6.959 6.442 8.349 7.168 7.097 6.727 9.213 9.762
2006 9.186 8.954 9.139 7.266 5.953 8.046 6.419 7.903 7.611 6.380 5.919 9.009
2007 9.622 9.090 8.481 6.293 6.873 8.563 7.891 9.379 9.997 7.919 10.652 10.168
2008 10.588 8.900 6.268 5.373 5.699 6.801 7.602 7.021 6.856 6.239 8.692 9.636
2009 9.353 9.886 8.373 7.824 7.152 5.999 8.652 7.273 8.110 5.225 7.087 7.101
2010 9.648 7.042 6.263 5.922 6.398 7.475 8.485 8.186 6.791 8.375 7.724 10.816
2011 8.500 7.571 7.495 5.351 5.422 7.035 7.093 8.019 8.006 5.905 8.781 9.183
2012 8.316 4.290 7.618 6.192 6.112 4.430 7.612 7.669 8.418 6.544 8.966 9.076
2013 10.175 7.654 5.890 6.792 7.391 6.957 8.164 7.811 7.764 6.713 7.839 9.370
2014 9.833 10.172 7.144 7.011 4.881 6.443 8.474 7.899 7.123 6.720 5.957 10.225
2015 9.552 8.902 8.590 5.980 5.257 7.277 5.114 7.299 5.431 3.851 5.986 7.167
2016 7.617 9.299 7.112 6.386 6.745 6.790 8.146 8.799 7.432 6.715 7.308 10.381
2017 9.194 7.008 7.760 6.087 6.289 6.550 7.708 7.900 7.264 6.712 8.800 9.876
2018 10.498 9.801 9.843 7.697 7.237 6.153 8.481 8.429 6.389 3.874 7.077 9.074
2019 9.500 8.267 8.361 7.061 6.358 8.256 7.963 8.841 6.249 5.866 7.541 8.008
2020 10.343 9.978 9.612 8.696 10.597 9.927 10.988 9.616 9.990 11.216 8.998 9.972
2021 9.248 12.334 9.137 9.579 10.758 9.265 12.505 9.037 10.590 8.468 9.809 12.438
2022 11.173 13.224 9.749 8.190 9.425 7.893 11.658 10.354 9.368 9.824 9.336 13.284
2023 12.356 11.723 8.091 7.357 8.618 8.659 11.280 8.545 8.267 5.309 6.366 7.228
2024 9.157 8.037 7.810 8.514 10.109 9.024 11.963 10.788 8.773 9.029 7.084 12.138
2025 11.454 8.249 5.955 7.571 9.543 9.438 10.667 8.309 6.812 5.365 8.097 7.782
