1951 2025
1951 12.870 11.889 9.505 9.853 8.486 8.647 10.167 9.643 10.556 9.421 11.573 11.664
1952 12.837 11.760 11.021 9.085 10.628 11.104 11.285 11.066 10.887 12.122 10.450 10.599
1953 10.948 8.894 9.832 8.854 7.650 10.060 9.967 10.665 10.389 10.129 12.198 11.384
1954 12.443 10.788 10.490 11.384 10.899 10.590 12.656 13.525 13.224 11.542 11.569 13.230
1955 11.729 13.009 11.570 9.461 11.301 11.311 11.628 13.342 14.866 14.569 15.085 13.781
1956 12.470 11.125 11.965 9.634 10.991 11.435 12.279 12.896 11.651 12.491 10.499 10.967
1957 11.448 9.843 8.564 8.203 8.183 7.692 9.447 9.162 8.620 7.646 4.464 6.809
1958 4.984 7.498 5.932 6.799 8.912 9.279 9.757 10.966 9.426 9.878 8.342 6.996
1959 8.075 7.679 9.310 8.559 10.156 8.737 10.846 10.872 12.147 10.507 11.618 11.685
1960 11.902 11.886 9.958 9.517 10.565 10.114 12.156 11.520 11.988 10.642 12.601 11.363
1961 11.523 12.322 9.872 9.790 10.167 9.331 10.642 12.860 11.986 11.399 11.153 12.668
1962 14.227 12.178 10.706 11.721 12.621 9.502 12.695 12.805 13.463 13.311 12.181 12.629
1963 12.265 11.126 10.910 8.576 10.620 7.539 8.914 10.100 8.614 8.752 6.953 7.502
1964 9.045 8.954 9.653 11.459 11.837 11.276 12.429 13.168 12.729 11.986 11.199 9.299
1965 9.741 9.802 7.357 6.453 7.267 5.752 7.254 7.217 6.329 6.062 5.763 6.982
1966 6.458 7.112 5.985 7.012 7.628 8.685 10.803 11.769 10.565 10.324 10.201 10.699
1967 13.476 11.509 9.106 8.516 9.382 9.587 10.770 11.187 10.665 9.849 10.002 6.636
1968 11.916 10.334 12.637 7.039 7.947 8.845 10.354 9.900 9.582 9.042 8.193 9.210
1969 6.903 5.077 6.121 6.153 8.662 8.348 11.064 7.882 9.937 6.945 9.549 9.381
1970 10.203 9.600 8.559 7.627 9.457 10.525 11.953 14.496 12.688 13.186 12.945 14.138
1971 11.612 14.283 11.446 9.263 10.044 10.669 11.694 12.136 12.571 13.068 9.671 10.181
1972 9.181 10.935 7.626 4.160 6.012 8.031 7.303 6.029 6.256 5.041 3.986 5.090
1973 7.233 6.603 8.113 7.826 10.122 11.348 10.010 12.339 11.849 11.587 12.807 12.170
1974 9.937 12.858 10.215 10.597 10.062 9.789 12.455 11.792 10.982 11.154 8.482 9.560
1975 9.594 10.059 9.598 9.149 10.049 11.975 10.981 12.505 13.122 12.134 12.762 13.822
1976 11.528 11.880 10.256 8.505 7.912 7.665 8.192 8.536 6.484 7.062 7.137 7.677
1977 8.677 10.578 6.539 8.271 7.840 7.289 9.445 8.826 8.113 8.133 7.198 3.434
1978 9.752 7.326 9.476 9.001 10.475 9.863 9.325 10.642 9.803 8.919 9.327 8.338
1979 6.277 9.955 9.793 7.897 7.800 9.237 6.925 6.913 6.660 5.866 8.560 7.887
1980 6.905 7.477 3.802 5.697 5.232 6.759 9.005 11.120 10.383 10.402 9.209 10.621
1981 11.285 8.136 8.871 6.839 9.648 9.095 11.475 9.639 12.118 8.727 9.524 9.670
1982 10.051 8.332 7.493 6.056 5.513 6.438 6.743 6.351 2.734 0.671 -1.352 0.111
1983 1.925 2.417 -0.199 -0.207 2.733 5.832 8.257 10.147 10.256 9.833 7.754 10.761
1984 11.697 11.341 7.043 9.277 8.923 9.771 9.944 9.654 7.942 10.068 8.852 10.087
1985 8.584 13.023 10.247 9.533 10.193 9.028 8.528 9.851 9.823 6.926 6.160 7.421
1986 10.772 8.502 11.167 8.523 7.690 9.630 7.528 6.352 6.625 5.949 4.583 5.746
1987 7.584 5.136 4.970 3.246 2.139 5.219 4.167 5.459 6.769 5.655 6.939 7.468
1988 9.960 8.517 10.015 8.228 10.147 9.787 11.854 10.708 13.382 11.593 12.066 11.225
1989 12.370 10.891 10.829 10.498 10.038 8.082 9.752 8.780 7.515 9.745 7.606 6.294
1990 8.662 6.051 8.098 8.116 8.107 8.773 7.091 8.941 7.531 7.192 6.471 6.935
1991 8.775 9.657 8.036 8.047 6.352 6.414 7.551 8.317 5.610 5.983 3.539 2.019
1992 1.160 3.838 2.359 2.883 5.004 7.457 6.370 8.276 5.762 7.104 4.491 5.990
1993 6.633 6.684 7.439 5.255 5.932 6.062 8.234 6.630 6.526 6.099 6.407 9.304
1994 9.882 10.905 8.466 8.112 7.287 8.657 7.286 7.085 6.212 3.744 3.893 7.399
1995 9.714 7.480 9.332 7.971 8.698 8.649 9.099 9.965 8.831 7.877 8.421 6.804
1996 11.143 12.045 10.656 8.953 9.135 9.492 9.799 8.166 9.261 7.995 8.313 9.880
1997 8.730 11.274 6.441 5.354 5.763 1.910 6.669 3.539 1.029 -2.552 -0.248 2.617
1998 2.940 2.379 1.626 2.522 6.606 8.016 9.551 8.618 8.043 9.663 10.155 11.607
1999 12.438 11.425 10.787 9.622 9.256 8.616 10.587 9.548 7.231 9.349 10.200 11.141
2000 12.248 13.300 10.180 9.272 8.542 8.708 8.034 9.744 6.882 9.094 8.685 9.493
2001 11.242 12.399 9.267 9.029 8.327 8.318 7.864 9.047 6.404 6.703 8.839 8.410
2002 9.251 9.401 10.222 7.985 6.853 8.094 6.046 7.858 5.135 5.576 7.855 7.063
2003 9.224 8.374 8.756 8.743 8.312 6.366 9.176 7.645 7.035 6.619 7.412 10.551
2004 8.329 11.078 10.362 8.764 8.598 9.250 6.589 8.327 7.702 6.776 7.541 6.991
2005 9.884 7.409 8.205 9.157 7.493 8.295 9.431 7.603 8.051 8.519 8.500 10.267
2006 12.123 10.811 10.257 9.126 7.352 8.948 7.173 7.469 8.181 5.223 6.113 9.192
2007 10.598 11.019 10.598 9.710 8.687 10.037 8.448 9.482 11.196 8.655 11.157 11.579
2008 12.507 12.185 10.307 9.477 8.840 9.061 8.595 8.826 9.018 8.316 10.305 11.032
2009 10.727 11.695 9.267 8.796 7.689 6.598 9.264 6.985 8.696 4.319 6.765 5.712
2010 8.885 6.119 8.550 7.145 8.871 8.708 10.205 10.410 9.163 11.107 10.014 13.449
2011 10.853 11.355 11.009 9.418 9.089 9.545 9.920 9.595 10.574 7.341 10.323 11.491
2012 11.487 10.133 10.693 9.175 9.042 7.271 8.810 7.804 8.611 6.558 8.369 8.536
2013 10.013 10.614 9.507 9.119 7.538 8.003 8.359 7.388 8.620 6.625 7.266 8.855
2014 9.909 8.019 7.770 7.461 6.471 8.620 8.551 6.289 7.458 6.306 5.557 7.916
2015 7.188 7.924 7.769 5.978 4.764 6.411 2.765 5.055 5.185 1.176 4.318 5.398
2016 3.658 7.758 7.855 7.134 7.765 6.930 7.922 8.960 8.429 7.655 7.754 8.236
2017 9.776 10.060 10.710 7.441 7.670 6.991 9.313 8.419 8.142 7.907 9.517 9.242
2018 11.405 8.365 11.835 9.344 7.926 5.659 8.729 6.663 5.937 4.960 6.537 9.067
2019 8.367 7.159 8.204 8.819 6.388 8.924 6.845 9.746 5.563 6.377 7.037 7.578
2020 8.930 8.915 10.856 10.415 10.645 8.431 10.905 9.407 11.270 11.352 10.723 12.736
2021 13.350 12.517 10.407 10.570 11.996 7.989 11.901 9.064 11.719 9.609 10.865 12.606
2022 9.318 13.272 12.743 11.103 10.622 8.959 12.658 11.628 10.294 11.788 10.538 12.939
2023 12.715 12.821 10.025 8.717 8.738 8.286 9.127 6.880 6.963 5.142 4.329 5.887
2024 9.191 8.139 8.859 7.660 9.962 7.781 10.464 10.146 9.663 9.625 8.046 12.698
2025 12.049 11.474 9.596 8.934 9.936 8.981 11.365 10.005 9.228 9.153 10.844 8.599
