1951 2025
1951 0.053 -0.209 0.154 -0.163 0.238 -0.013 0.489 0.438 -0.774 0.127 0.288 0.180
1952 0.130 0.260 0.059 0.193 0.309 0.408 0.133 0.073 -0.509 0.155 0.123 0.065
1953 -0.395 0.438 0.021 -0.412 0.010 0.089 -0.045 0.332 -0.137 0.185 0.004 0.369
1954 -0.189 -0.186 -0.012 -0.290 0.579 -0.088 0.533 0.738 -0.102 -0.399 -0.057 -0.451
1955 -0.005 -0.198 0.294 0.364 0.064 0.142 0.972 -0.073 0.051 0.526 -0.273 -0.484
1956 -0.868 -0.558 -0.147 0.108 0.655 -0.318 0.609 0.576 -0.386 0.593 -0.392 -0.850
1957 -0.293 -0.630 -0.194 0.133 0.343 -0.239 0.543 0.749 -0.577 0.137 -0.275 0.232
1958 -0.034 -0.338 0.465 0.253 0.499 0.406 0.743 0.481 -0.389 0.548 0.237 -0.352
1959 -0.585 -0.008 -0.272 -0.108 0.153 -0.159 0.685 0.121 -0.546 -0.446 -0.486 0.314
1960 -0.267 0.260 -0.339 -0.088 0.250 0.172 0.582 0.566 -0.184 0.357 -0.058 -0.198
1961 -0.213 -0.340 -0.107 -0.103 0.451 0.321 1.008 0.668 -0.257 0.302 0.247 -0.678
1962 -0.451 -0.057 0.290 -0.296 0.280 0.472 0.851 0.692 -0.120 0.339 -0.132 -0.353
1963 -1.221 -0.590 -0.317 0.310 0.858 0.533 0.989 0.645 -0.094 0.583 -0.264 -0.120
1964 0.159 -0.111 -0.153 0.611 0.126 -0.152 0.914 0.698 -0.233 0.438 -0.254 -0.401
1965 -0.414 -0.417 -0.453 0.079 0.461 0.296 1.115 0.828 -0.720 0.702 0.116 0.107
1966 -0.017 0.188 -0.152 -0.097 0.139 -0.312 0.989 0.314 -0.109 0.105 0.126 -0.543
1967 0.226 -0.152 -0.297 0.364 -0.273 -0.070 0.473 0.465 -0.120 0.254 0.087 -0.401
1968 -0.794 -0.943 -0.171 -0.081 -0.154 -0.201 0.617 0.461 -0.307 0.329 -0.184 0.093
1969 -0.614 0.109 0.192 0.351 0.475 0.392 0.091 -0.332 -0.036 -0.130 -0.186 -0.091
1970 -0.748 -0.029 0.009 0.322 0.097 -0.167 0.577 0.380 -0.529 0.413 0.105 0.076
1971 -0.585 -0.534 0.124 -0.015 0.370 0.482 0.940 0.221 -0.347 0.517 0.097 0.051
1972 -0.180 -0.888 -0.388 -0.002 0.506 0.589 0.729 0.673 -0.664 0.131 -0.029 0.163
1973 0.360 0.314 0.061 0.196 0.126 -0.259 0.529 0.101 0.053 0.331 -0.155 -0.057
1974 -1.011 -0.339 -0.441 -0.062 0.283 -0.051 0.763 0.576 -0.430 -0.181 0.319 -0.119
1975 -0.050 -0.335 -0.194 0.216 0.064 -0.057 0.908 0.219 -0.159 0.272 0.266 -0.195
1976 -0.392 -0.286 -0.129 0.293 0.465 0.235 0.938 0.398 -0.204 -0.081 0.205 -0.448
1977 -0.899 0.113 0.584 0.145 0.033 0.116 0.470 0.467 0.370 0.368 -0.143 -0.104
1978 -0.104 0.005 -0.469 0.085 0.109 0.772 0.581 0.203 0.104 -0.011 0.240 0.428
1979 -0.020 -0.199 0.037 0.235 -0.082 0.320 0.015 0.578 0.005 0.104 0.596 0.186
1980 -0.736 -0.166 0.362 0.142 0.506 0.571 -0.029 -0.465 -0.290 -0.018 0.123 -0.741
1981 -0.200 -0.056 0.282 0.002 -0.070 -0.325 0.033 -0.030 -0.046 -0.687 -0.096 0.148
1982 -0.189 -0.592 0.068 -0.128 0.147 0.369 0.335 0.188 -0.008 0.114 0.033 0.224
1983 0.180 -0.229 -0.308 0.341 0.112 -0.588 0.062 -0.356 -0.310 0.186 -0.043 -0.308
1984 -0.466 -0.035 -0.233 -0.003 -0.359 0.078 0.604 0.080 -0.192 -0.545 0.097 0.014
1985 -0.483 -0.392 0.364 -0.133 0.352 0.208 0.292 0.196 -0.328 0.231 -0.451 -0.643
1986 -0.009 -0.594 -0.623 0.145 0.158 -0.069 0.006 0.099 0.025 -0.007 -0.116 0.003
1987 0.453 0.221 0.046 0.062 0.512 0.403 0.265 -0.072 0.294 0.357 0.225 0.533
1988 0.480 0.031 0.061 -0.031 0.104 -0.074 -0.498 0.231 -0.033 0.196 -0.222 0.084
1989 0.619 0.055 -0.781 0.028 0.098 -0.329 0.021 0.678 -0.012 0.347 0.092 -0.542
1990 0.231 -0.002 -0.341 -0.313 -0.046 0.214 0.245 0.091 0.051 0.368 0.269 0.256
1991 -0.352 -0.220 0.534 0.217 0.100 0.114 -0.151 -0.315 -0.130 0.105 -0.167 0.313
1992 0.231 -0.265 0.121 -0.327 -0.063 -0.059 0.452 0.425 -0.393 0.371 0.318 0.166
1993 0.243 0.004 -0.366 -0.465 0.302 0.109 0.054 0.156 -0.281 0.180 0.563 0.254
1994 -0.115 -0.491 -0.226 -0.071 0.203 0.085 0.310 0.580 -0.252 0.360 0.525 0.309
1995 0.007 -0.553 -0.347 -0.037 0.199 -0.314 0.479 -0.298 0.043 0.046 -0.585 -0.321
1996 -0.356 0.062 -0.130 -0.509 -0.412 -0.109 0.187 -0.192 -0.396 -0.116 -0.133 -0.094
1997 -0.430 -0.064 -0.057 -0.362 0.262 -0.046 0.047 -0.119 0.126 -0.508 0.444 0.420
1998 -0.146 0.322 0.226 0.685 0.355 -0.011 -0.441 -0.314 0.406 0.081 -0.193 0.330
1999 0.045 0.648 0.522 0.355 -0.046 -0.023 0.187 0.364 0.089 -0.004 0.414 -0.214
2000 -0.083 -0.061 0.127 -0.346 -0.284 0.023 0.383 -0.159 0.036 0.234 -0.042 -0.305
2001 0.172 0.402 -0.049 0.250 -0.297 0.011 -0.164 -0.161 0.438 0.017 0.184 -0.043
2002 0.099 0.401 0.130 0.098 -0.204 -0.181 -0.337 -0.432 0.210 -0.891 -0.497 0.118
2003 0.043 -0.107 -0.402 0.467 -0.044 0.219 -0.508 -0.349 -0.234 -0.388 0.181 0.317
2004 -0.644 0.257 0.257 0.021 0.158 0.478 0.225 0.118 0.108 0.114 0.212 0.026
2005 -0.402 0.032 0.148 0.002 -0.132 0.255 -0.440 0.072 0.289 0.397 -0.523 -0.646
2006 0.185 0.599 0.460 0.122 -0.035 -0.323 -0.420 -0.184 0.127 -0.185 -0.565 0.560
2007 0.551 0.023 -0.278 -0.508 -0.179 0.141 -0.089 0.017 0.290 0.153 -0.139 0.114
2008 0.225 0.011 -0.262 0.146 -0.189 -0.055 -0.036 -0.199 -0.106 0.346 -0.046 0.159
2009 -0.018 0.502 0.148 0.021 -0.116 -0.312 -0.124 0.048 0.088 -0.846 0.356 -0.592
2010 0.130 0.090 0.909 0.270 -0.585 0.112 -0.979 -0.163 0.100 -0.024 -0.096 -0.639
2011 -0.673 -0.089 -0.168 -0.590 0.112 0.292 -0.112 -0.105 0.210 0.379 0.274 0.036
2012 -0.505 0.269 0.359 -0.171 -0.450 -0.236 -0.157 0.003 0.137 -0.786 -0.641 -0.231
2013 -0.169 0.418 0.696 -0.748 -0.372 -0.202 -0.130 -0.075 0.384 0.032 0.191 -0.526
2014 0.014 -0.468 -0.179 -0.252 -0.349 -0.057 -0.524 -0.293 0.003 -0.296 -0.049 -0.119
2015 0.067 -0.330 0.023 0.146 0.209 -0.012 -0.302 -0.461 -0.083 -0.226 0.324 0.490
2016 0.054 0.639 0.091 -0.156 -0.001 -0.220 -0.852 -0.210 -0.063 -0.427 -0.003 0.442
2017 0.192 -0.020 -0.622 -0.265 -0.005 -0.107 -0.552 -0.388 0.013 -0.171 -0.138 -0.122
2018 0.003 0.046 0.452 -0.280 0.041 -0.124 -0.643 -0.439 -0.248 -0.513 -0.110 0.274
2019 0.212 0.471 -0.031 -0.211 -0.160 -0.208 -0.384 -0.604 0.396 -0.330 -0.032 0.140
2020 0.443 0.496 -0.013 -0.381 -0.156 -0.283 -0.557 -0.132 -0.192 -0.618 0.269 0.105
2021 0.399 0.232 0.560 -0.044 -0.060 -0.306 -0.680 -0.593 0.166 0.280 -0.164 0.112
2022 -0.463 -0.095 0.284 0.035 -0.443 -0.179 -0.739 -0.118 0.445 0.238 0.224 -0.248
2023 0.340 0.677 0.214 0.014 0.029 -0.042 -0.820 -0.332 0.525 -0.442 0.212 0.355
2024 0.240 0.495 0.391 0.277 -0.197 -0.025 -0.926 -0.280 0.552 0.021 -0.049 -0.031
2025 0.230 0.096 0.335 -0.285 -0.147 0.336 -0.615 -0.414 0.518 -0.136 0.034 -0.041
