1951 2021
1951 -999.000 -999.000 -999.000 -999.000 -999.000 -999.000 -999.000 -999.000 -999.000 -999.000 -999.000 -999.000
1952 -999.000 -999.000 -999.000 -999.000 -999.000 -999.000 -999.000 -999.000 -999.000 -999.000 -999.000 -999.000
1953 -999.000 -999.000 -999.000 -999.000 -999.000 -999.000 -999.000 -999.000 -999.000 -999.000 -999.000 -999.000
1954 -999.000 -999.000 -999.000 -999.000 -999.000 -999.000 -999.000 -999.000 -999.000 -999.000 -999.000 -999.000
1955 -999.000 -999.000 -999.000 -999.000 -999.000 -999.000 -999.000 -999.000 -999.000 -999.000 -999.000 -999.000
1956 -999.000 -999.000 -999.000 -999.000 -999.000 -999.000 -999.000 -999.000 -999.000 -999.000 -999.000 -999.000
1957 -999.000 -999.000 -999.000 -999.000 -999.000 -999.000 -999.000 -999.000 -999.000 -999.000 -999.000 -999.000
1958 -999.000 -999.000 -999.000 -999.000 -999.000 -999.000 -999.000 -999.000 -999.000 -999.000 -999.000 -999.000
1959 -999.000 -999.000 -999.000 -999.000 -999.000 -999.000 -999.000 -999.000 -999.000 -999.000 -999.000 -999.000
1960 -999.000 -999.000 -999.000 -999.000 -999.000 -999.000 -999.000 -999.000 -999.000 -999.000 -999.000 -999.000
1961 -999.000 -999.000 -999.000 -999.000 -999.000 -999.000 -999.000 -999.000 -999.000 -999.000 -999.000 -999.000
1962 -999.000 -999.000 -999.000 -999.000 -999.000 -999.000 -999.000 -999.000 -999.000 -999.000 -999.000 -999.000
1963 -999.000 -999.000 -999.000 -999.000 -999.000 -999.000 -999.000 -999.000 -999.000 -999.000 -999.000 -999.000
1964 -999.000 -999.000 -999.000 -999.000 -999.000 -999.000 -999.000 -999.000 -999.000 -999.000 -999.000 -999.000
1965 -999.000 -999.000 -999.000 -999.000 -999.000 -999.000 -999.000 -999.000 -999.000 -999.000 -999.000 -999.000
1966 -999.000 -999.000 -999.000 -999.000 -999.000 -999.000 -999.000 -999.000 -999.000 -999.000 -999.000 -999.000
1967 -999.000 -999.000 -999.000 -999.000 -999.000 -999.000 -999.000 -999.000 -999.000 -999.000 -999.000 -999.000
1968 -999.000 -999.000 -999.000 -999.000 -999.000 -999.000 -999.000 -999.000 -999.000 -999.000 -999.000 -999.000
1969 -999.000 -999.000 -999.000 -999.000 -999.000 -999.000 -999.000 -999.000 -999.000 -999.000 -999.000 -999.000
1970 -999.000 -999.000 -999.000 -999.000 -999.000 -999.000 -999.000 -999.000 -999.000 -999.000 -999.000 -999.000
1971 -999.000 -999.000 -999.000 -999.000 -999.000 -999.000 -999.000 -999.000 -999.000 -999.000 -999.000 -999.000
1972 -999.000 -999.000 -999.000 -999.000 -999.000 -999.000 -999.000 -999.000 -999.000 -999.000 -999.000 -999.000
1973 -999.000 -999.000 -999.000 -999.000 -999.000 -999.000 -999.000 -999.000 -999.000 -999.000 -999.000 -999.000
1974 -999.000 -999.000 -999.000 -999.000 -999.000 -999.000 -999.000 -999.000 -999.000 -999.000 -999.000 -999.000
1975 -999.000 -999.000 -999.000 -999.000 -999.000 -999.000 -999.000 -999.000 -999.000 -999.000 -999.000 -999.000
1976 -999.000 -999.000 -999.000 -999.000 -999.000 -999.000 -999.000 -999.000 -999.000 -999.000 -999.000 -999.000
1977 -999.000 -999.000 -999.000 -999.000 -999.000 -999.000 -999.000 -999.000 -999.000 -999.000 -999.000 -999.000
1978 -999.000 -999.000 -999.000 -999.000 -999.000 -999.000 -999.000 -999.000 -999.000 -999.000 -999.000 -999.000
1979 0.390 0.970 0.310 -0.210 0.060 0.350 0.190 0.490 0.910 0.630 1.060 0.920
1980 0.830 0.620 0.500 0.820 1.140 1.170 0.270 0.040 -0.260 0.020 0.350 0.610
1981 0.360 0.300 1.020 0.770 0.240 -0.220 -0.660 -0.590 0.140 0.250 0.020 -0.220
1982 0.210 0.560 0.920 0.930 0.960 1.010 1.110 1.610 1.860 2.070 1.920 1.450
1983 0.050 -0.810 -0.950 0.230 -0.320 -1.120 -1.510 -1.660 -2.150 -2.250 -1.810 -1.360
1984 -0.870 -0.900 -0.920 -0.770 -1.110 -1.150 -0.250 -0.220 -0.370 -0.930 -0.630 -0.350
1985 -0.160 -0.340 -0.650 -0.240 0.090 -0.020 -0.080 0.240 -0.200 -0.260 0.110 0.270
1986 0.210 0.410 0.460 -0.020 0.310 0.800 0.450 0.500 0.650 0.950 0.520 0.970
1987 1.220 0.170 0.600 0.310 0.580 0.370 -0.100 0.200 -0.250 -0.170 -0.370 -0.670
1988 -0.450 -0.880 -1.310 -1.760 -1.550 -1.220 -0.870 -0.720 -1.070 -2.010 -2.040 -1.650
1989 -0.890 -0.110 0.420 0.500 0.610 0.870 0.780 0.350 0.260 -0.020 -0.220 0.640
1990 0.780 1.080 1.140 0.650 0.050 -0.300 0.270 0.460 0.250 0.500 0.380 0.880
1991 0.920 0.290 0.180 0.800 0.760 0.770 0.730 0.490 0.600 1.410 1.220 1.710
1992 1.570 1.980 0.830 0.380 -0.320 -0.780 -0.730 -0.730 -0.560 -0.500 -0.270 0.190
1993 0.270 0.280 0.560 0.810 0.420 -0.290 -0.400 -0.380 0.120 0.100 0.020 -0.330
1994 -0.620 -0.600 -0.400 -0.140 0.160 0.140 0.020 0.670 0.700 1.120 1.160 0.800
1995 0.510 0.130 -0.440 -0.600 -0.440 -0.140 -0.440 -0.840 -1.200 -1.030 -0.860 -0.840
1996 -0.290 -0.120 0.050 0.010 -0.160 0.170 -0.180 -0.350 -0.460 -0.300 -0.470 -0.300
1997 0.560 1.000 1.170 2.170 2.010 2.250 1.830 1.790 2.380 2.560 2.300 1.020
1998 0.000 -0.380 -0.610 -1.060 -1.750 -2.160 -2.290 -2.460 -2.150 -2.350 -2.330 -2.180
1999 -1.800 -1.610 -0.990 -0.910 -0.810 -0.520 -0.640 -1.210 -1.270 -1.070 -1.480 -1.550
2000 -1.280 -0.910 -0.640 -0.310 -0.180 0.080 0.030 0.000 -0.120 -0.370 -0.670 -0.960
2001 -0.560 -0.630 -0.290 0.260 0.110 0.460 0.610 0.120 0.350 0.280 0.220 0.170
2002 0.950 0.780 0.550 0.320 0.070 0.670 0.730 1.050 1.410 1.720 1.580 0.740
2003 0.270 -0.110 -0.060 -0.490 -0.850 0.130 0.530 0.030 0.100 0.340 0.540 0.170
2004 0.050 0.190 -0.100 0.210 0.300 0.040 0.830 0.780 0.870 0.610 0.780 0.790
2005 0.520 0.590 1.270 0.490 0.000 0.110 -0.200 -0.420 -0.330 -0.140 -0.570 -0.740
2006 -0.970 -0.920 -0.290 0.420 0.540 0.760 0.730 1.050 1.130 0.800 1.350 0.860
2007 -0.460 -0.770 -0.720 -0.590 -0.580 -0.180 -0.480 -0.680 -1.030 -1.190 -1.190 -1.080
2008 -1.500 -1.200 -0.450 0.020 0.170 0.380 0.420 -0.150 -0.690 -0.480 -0.770 -1.440
2009 -1.080 -0.500 0.080 0.650 0.870 1.130 1.050 0.790 0.760 1.040 1.750 1.360
2010 1.140 1.240 0.970 -0.060 -1.000 -1.340 -1.360 -1.740 -1.930 -1.920 -1.640 -1.560
2011 -1.270 -0.220 0.500 0.580 0.470 0.390 0.060 -0.540 -1.010 -1.260 -0.920 -1.070
2012 -1.170 -0.460 0.000 0.270 0.470 0.560 0.820 0.830 0.360 0.400 0.340 -0.270
2013 -0.590 -0.170 0.060 -0.060 -0.140 0.260 0.410 0.320 0.380 0.150 0.620 0.260
2014 -0.330 0.390 1.600 1.410 0.950 0.270 -0.180 0.390 0.640 0.530 0.900 0.540
2015 0.150 0.830 1.520 1.740 1.530 1.510 1.690 1.970 1.800 1.910 1.780 1.200
2016 1.250 0.560 -0.310 -0.880 -1.150 -1.050 -0.760 -0.710 -0.710 -0.920 -0.620 -0.240
2017 0.010 0.150 0.220 0.060 0.300 0.220 0.160 -0.400 -0.790 -0.970 -0.840 -0.750
2018 -0.160 -0.110 0.510 0.800 0.880 0.860 0.810 0.810 0.980 1.470 1.250 0.920
2019 0.590 0.940 1.190 0.410 0.070 0.240 0.130 -0.080 0.000 0.700 0.260 0.350
2020 0.490 0.530 0.330 -0.300 -0.920 -0.620 -0.180 -0.800 -0.870 -1.110 -1.040 -0.940
2021 -1.020 -0.820 0.270 0.600 0.650 0.310 -0.400 -0.830 -1.280 -1.590 -1.090 -1.120
