1951 2025
1951 -0.450 -0.359 0.141 0.052 0.508 0.049 0.094 -0.173 -0.158 -0.281 -0.049 0.103
1952 0.061 -0.072 -0.007 0.384 0.460 0.339 0.123 0.112 0.430 -0.046 0.210 -0.009
1953 0.081 -0.001 -0.138 -0.007 0.137 0.350 0.353 0.172 -0.041 0.201 0.234 0.315
1954 0.668 0.558 0.322 0.568 0.697 0.530 0.204 -0.019 0.088 -0.006 -0.006 0.043
1955 -0.087 -0.274 -0.222 0.036 0.369 0.425 0.236 -0.294 -0.370 -0.597 -0.607 -0.104
1956 -0.187 -0.270 -0.372 -0.180 0.001 -0.026 -0.557 -0.624 -0.261 -0.145 -0.031 0.174
1957 0.276 -0.035 -0.185 0.141 -0.180 -0.419 -0.563 -0.094 0.052 0.162 0.067 0.269
1958 0.801 0.897 0.675 0.516 0.443 0.509 0.392 0.284 0.339 0.515 0.568 0.613
1959 0.838 0.485 0.310 0.489 0.500 0.310 0.147 0.391 0.244 0.196 -0.111 -0.021
1960 -0.299 -0.298 -0.182 0.082 0.179 0.250 0.085 0.141 -0.126 0.172 0.194 0.454
1961 0.198 -0.249 -0.068 -0.233 0.045 0.262 0.394 0.125 0.345 0.122 0.068 -0.007
1962 -0.158 0.006 0.389 0.512 0.157 0.221 0.108 -0.029 -0.055 -0.037 0.038 0.070
1963 -0.110 0.118 0.383 0.490 0.092 0.111 0.288 0.253 0.513 0.651 0.523 0.453
1964 0.533 0.613 0.267 0.420 0.652 0.139 -0.040 -0.099 -0.725 -0.595 -0.790 -0.378
1965 -0.283 -0.143 -0.110 -0.475 -0.301 0.032 0.358 0.189 0.416 0.816 0.601 0.555
1966 0.525 0.724 1.375 1.086 0.988 0.974 0.897 0.528 0.616 0.599 0.678 0.389
1967 0.158 0.041 0.442 0.512 0.501 0.391 0.521 0.546 0.668 0.762 0.899 0.768
1968 0.645 0.684 0.490 0.525 0.400 0.571 0.113 0.145 0.111 0.261 0.794 0.762
1969 1.060 1.282 0.659 0.345 0.028 -0.137 -0.041 0.266 0.369 0.284 0.210 0.060
1970 0.033 0.342 0.270 0.457 0.594 0.624 0.694 0.243 -0.153 -0.398 -0.377 -0.586
1971 -0.737 -0.399 -0.284 -0.239 -0.027 0.011 -0.123 -0.154 -0.452 -0.300 -0.215 0.054
1972 -0.376 -0.222 0.113 0.387 0.344 0.058 -0.000 -0.266 0.027 0.173 0.232 0.171
1973 0.331 0.529 0.444 0.385 0.294 0.084 -0.114 -0.328 -0.509 -0.616 -0.861 -0.940
1974 -0.838 -0.547 -0.397 -0.375 -0.571 -0.343 -0.490 -0.295 -0.424 -0.434 -0.260 -0.018
1975 0.039 0.149 -0.260 -0.407 -0.445 -0.369 -0.687 -0.900 -0.966 -0.910 -0.739 -0.695
1976 -0.706 -0.454 -0.260 -0.307 -0.318 -0.565 -0.579 -0.508 -0.295 -0.031 0.011 -0.217
1977 -0.134 0.009 0.131 0.171 0.105 0.169 0.353 0.517 0.798 0.761 0.676 0.678
1978 0.541 0.510 0.340 0.169 0.327 0.134 -0.045 0.183 0.100 0.160 0.023 -0.016
1979 0.024 -0.022 0.214 0.203 -0.012 -0.031 0.072 -0.128 -0.218 -0.033 0.222 0.369
1980 0.485 0.608 0.447 0.476 0.431 0.383 0.440 -0.002 0.016 0.301 0.163 0.065
1981 0.433 0.284 0.109 -0.134 -0.283 -0.290 -0.439 -0.188 -0.018 -0.143 -0.101 0.018
1982 0.053 0.046 0.439 0.697 0.618 0.607 0.351 0.221 0.053 0.288 -0.132 -0.458
1983 -0.508 -0.265 -0.428 -0.821 -0.896 -1.269 -1.290 -1.214 -1.152 -1.002 -0.792 -0.506
1984 -0.481 -0.220 -0.373 -0.403 -0.120 0.060 0.030 -0.173 -0.262 -0.245 -0.481 -0.350
1985 -0.093 -0.077 -0.482 -0.360 -0.116 -0.080 0.254 0.291 0.227 0.255 0.125 0.066
1986 0.038 -0.025 0.223 0.163 0.149 0.345 0.250 0.277 0.392 0.296 0.417 0.305
1987 0.200 0.430 0.206 -0.101 -0.223 0.166 0.293 0.255 0.363 0.202 0.290 0.260
1988 0.360 0.426 0.330 0.085 0.071 0.116 -0.074 -0.106 -0.446 -0.872 -0.876 -0.761
1989 -1.173 -1.038 -0.610 -0.567 -0.182 -0.246 -0.367 -0.409 -0.194 -0.149 -0.048 0.308
1990 0.410 0.285 0.465 0.369 0.174 0.222 0.388 0.453 0.705 0.840 0.868 0.953
1991 0.895 0.887 0.694 0.677 0.744 0.478 0.340 0.474 0.420 0.704 0.719 0.699
1992 0.581 0.673 0.450 0.109 -0.053 0.236 0.672 0.384 0.222 0.339 0.532 0.447
1993 0.545 0.367 0.197 0.148 0.107 -0.003 0.121 0.295 0.468 0.304 0.179 0.369
1994 0.349 0.276 0.526 0.623 0.484 0.494 0.804 1.001 0.775 0.616 0.634 0.670
1995 0.490 0.612 0.903 0.963 0.768 0.502 0.263 0.047 -0.069 -0.123 -0.385 -0.145
1996 -0.124 -0.187 -0.161 0.217 0.155 0.111 -0.126 -0.087 -0.167 -0.040 0.200 0.346
1997 0.474 0.423 0.407 0.553 0.155 -0.388 -0.506 -0.471 -0.538 -0.650 -0.652 -0.920
1998 -0.587 -0.548 -0.630 -0.828 -1.018 -1.364 -1.405 -1.587 -1.374 -1.424 -1.221 -1.204
1999 -1.335 -1.258 -1.221 -0.693 -0.602 -0.483 -0.640 -0.613 -0.352 -0.385 -0.520 -0.729
2000 -0.721 -0.911 -0.918 -1.124 -0.875 -0.334 -0.066 -0.135 -0.264 -0.410 -0.367 -0.520
2001 -0.670 -0.642 -0.830 -0.737 -0.315 -0.087 0.230 0.386 0.515 0.443 0.456 0.375
2002 0.509 0.423 0.087 0.141 0.238 0.314 0.660 0.693 0.524 0.337 0.329 0.415
2003 0.463 0.624 0.671 0.561 0.506 0.455 0.346 0.166 0.354 0.227 0.141 0.267
2004 0.295 0.195 0.066 0.124 0.548 0.681 0.795 1.004 0.853 0.736 0.494 0.483
2005 0.664 0.677 0.642 0.587 0.361 0.327 -0.139 -0.025 0.294 0.381 0.406 0.097
2006 -0.428 -0.713 -0.474 0.048 0.051 0.073 0.247 0.325 0.168 0.395 0.435 0.344
2007 0.053 0.278 0.447 0.432 0.447 0.321 0.185 0.298 -0.042 -0.018 -0.072 -0.295
2008 -0.913 -1.251 -1.015 -0.839 -0.698 -0.587 -0.698 -0.868 -0.849 -0.620 -0.550 -0.578
2009 -0.781 -0.476 -0.321 -0.318 -0.176 -0.123 -0.094 -0.022 0.301 0.676 0.907 0.947
2010 1.002 0.705 0.601 0.429 -0.021 -0.254 -0.383 -0.668 -0.906 -0.959 -0.938 -0.905
2011 -1.002 -0.881 -0.539 -0.478 -0.391 -0.370 -0.264 -0.354 -0.368 -0.379 -0.472 -0.707
2012 -0.958 -1.056 -0.801 -0.728 -0.706 -0.547 -0.393 0.016 0.087 0.420 0.441 0.272
2013 0.065 -0.187 -0.291 -0.043 0.165 0.314 0.221 0.203 0.058 0.248 0.230 -0.011
2014 -0.149 0.311 0.309 0.310 0.046 -0.286 -0.170 -0.062 0.094 0.275 0.360 0.333
2015 0.537 0.859 0.779 0.572 0.281 0.077 0.101 0.314 0.113 0.289 0.425 0.304
2016 0.177 0.458 0.264 0.337 0.150 -0.131 -0.212 -0.351 -0.630 -0.619 -0.558 -0.346
2017 -0.641 -0.586 -0.534 -0.195 -0.056 0.125 0.060 -0.140 -0.081 -0.132 -0.063 -0.133
2018 -0.206 -0.089 0.008 0.158 0.168 0.329 0.310 0.457 0.510 0.602 0.435 0.290
2019 0.346 0.453 0.454 0.377 0.273 0.500 0.810 0.854 0.803 0.823 0.691 0.619
2020 0.526 0.362 0.451 0.280 0.055 0.216 0.165 -0.176 -0.186 -0.367 -0.424 -0.682
2021 -0.817 -0.683 -0.456 -0.097 0.050 -0.024 -0.221 -0.355 -0.422 -0.536 -0.412 -0.161
2022 0.080 0.129 -0.537 -0.375 -0.380 -0.395 -0.592 -0.893 -0.933 -0.619 -0.717 -0.733
2023 -0.614 -0.804 -0.880 -0.796 -0.603 -0.323 -0.551 -0.475 -0.188 -0.060 0.204 0.343
2024 0.317 0.315 0.478 0.458 0.490 0.493 0.295 0.081 -0.026 -0.120 -0.155 -0.479
2025 -0.864 -0.945 -0.892 -0.508 -0.240 -0.172 -0.319 -0.412 -0.379 -0.505 -0.525 -0.279
