1951 2021
1951 -999.000 -999.000 -999.000 -999.000 -999.000 -999.000 -999.000 -999.000 -999.000 -999.000 -999.000 -999.000
1952 -999.000 -999.000 -999.000 -999.000 -999.000 -999.000 -999.000 -999.000 -999.000 -999.000 -999.000 -999.000
1953 -999.000 -999.000 -999.000 -999.000 -999.000 -999.000 -999.000 -999.000 -999.000 -999.000 -999.000 -999.000
1954 -999.000 -999.000 -999.000 -999.000 -999.000 -999.000 -999.000 -999.000 -999.000 -999.000 -999.000 -999.000
1955 -999.000 -999.000 -999.000 -999.000 -999.000 -999.000 -999.000 -999.000 -999.000 -999.000 -999.000 -999.000
1956 -999.000 -999.000 -999.000 -999.000 -999.000 -999.000 -999.000 -999.000 -999.000 -999.000 -999.000 -999.000
1957 -999.000 -999.000 -999.000 -999.000 -999.000 -999.000 -999.000 -999.000 -999.000 -999.000 -999.000 -999.000
1958 1.290 0.960 0.290 0.140 -0.200 -0.330 -0.900 -1.150 -1.360 -1.220 -0.420 0.160
1959 0.300 -0.430 -1.360 -1.370 -1.030 -0.030 -0.090 -0.040 -0.180 0.170 0.500 0.400
1960 0.120 -0.140 -0.360 -0.340 -0.940 -1.250 -1.580 -1.670 -1.350 -0.890 -0.060 -0.030
1961 -0.380 -0.580 -1.070 -0.790 -0.810 0.000 0.350 -0.080 -0.640 -1.180 -0.720 -0.540
1962 -0.540 -0.760 -0.810 -0.470 -0.650 -0.550 -0.970 -1.080 -1.300 -1.100 -0.730 -1.120
1963 -1.830 -2.290 -1.940 -1.210 -0.710 -0.500 -0.140 0.010 0.190 -0.030 -0.030 0.280
1964 0.320 0.100 -0.800 -1.010 -1.070 -0.930 -1.360 -1.860 -2.000 -1.690 -1.530 -1.430
1965 -1.650 -1.470 -1.560 -1.460 -1.390 -1.200 -1.050 -1.030 -0.920 -0.850 -0.970 -0.760
1966 -0.890 -0.910 -0.930 -0.520 -0.370 -0.440 -0.350 -0.050 0.290 0.050 -0.280 -0.890
1967 -1.130 -1.050 -0.910 -0.820 -1.060 -1.000 -1.060 -1.180 -1.480 -1.510 -0.960 -0.950
1968 -0.580 -1.190 -0.740 -1.040 -0.630 -0.650 -0.040 0.160 -0.040 -0.300 -0.200 0.200
1969 0.480 0.960 1.140 0.940 0.650 0.540 0.280 0.460 0.400 0.430 -0.020 0.350
1970 0.760 0.980 0.340 -0.420 -1.030 -1.320 -1.620 -1.950 -1.890 -1.270 -0.850 -0.750
1971 -1.450 -1.630 -1.770 -1.040 -0.740 -0.320 -0.350 -0.400 -0.470 -0.260 -0.360 -0.350
1972 -0.410 -0.090 -0.080 -0.050 0.100 0.340 0.120 -0.120 -0.730 -0.920 -0.760 -0.460
1973 0.000 -0.170 -0.410 -0.770 -0.630 -0.150 0.080 0.050 -0.320 -0.290 -0.780 -1.370
1974 -2.200 -2.270 -1.880 -1.280 -0.950 -0.770 -0.400 -0.670 -0.860 -1.150 -1.090 -1.080
1975 -1.140 -1.120 -1.220 -1.390 -1.270 -1.060 -0.900 -1.100 -0.910 -0.840 -0.730 -0.980
1976 -1.270 -0.920 -0.610 -0.040 -0.250 -0.080 -0.280 0.360 0.630 0.470 -0.020 -0.600
1977 -1.060 -1.410 -1.510 -1.090 -1.060 -1.110 -1.260 -0.800 -0.440 -0.070 0.340 0.720
1978 1.750 1.750 1.540 0.810 0.170 -0.070 -0.270 -0.260 -0.220 -0.200 0.200 0.930
1979 1.040 0.960 0.590 0.700 0.720 0.680 0.780 0.600 0.580 -0.070 -0.010 0.130
1980 0.400 0.190 -0.280 -0.230 0.050 0.450 0.590 0.870 0.840 0.780 0.530 0.270
1981 -0.040 0.280 0.580 0.940 0.830 0.200 0.010 -0.560 -0.330 -0.580 -0.440 -0.560
1982 -0.420 -0.560 -0.190 0.100 0.880 1.140 1.180 1.180 0.980 1.170 1.290 2.240
1983 3.310 3.820 3.280 2.240 1.770 1.380 1.290 0.460 0.020 -0.120 -0.180 -0.730
1984 -1.900 -2.310 -2.160 -1.750 -1.830 -1.890 -1.460 -0.960 -0.490 -0.640 -0.920 -0.930
1985 -1.130 -0.540 -0.450 0.130 0.280 0.250 0.080 -0.210 0.450 0.870 1.020 0.390
1986 0.150 -0.600 -0.650 -0.760 -0.460 -0.170 -0.060 0.290 0.400 0.090 -0.120 -0.490
1987 -0.150 0.390 0.510 0.270 0.210 0.580 1.080 1.450 1.650 1.740 1.530 1.300
1988 1.450 1.120 1.030 0.590 0.270 -0.410 -1.060 -1.520 -1.320 -0.930 -0.900 -1.190
1989 -1.750 -1.720 -1.710 -1.330 -0.910 -0.460 -0.180 -0.430 -0.410 -0.110 0.420 0.320
1990 0.650 0.850 1.280 0.690 0.650 0.590 1.060 0.950 0.970 0.590 0.450 0.420
1991 0.490 0.490 0.190 -0.040 0.150 0.180 0.030 0.000 -0.460 -0.340 -0.360 0.640
1992 1.040 1.500 1.520 1.260 0.680 0.060 0.380 0.270 0.430 0.030 0.400 0.930
1993 1.430 1.320 1.250 1.170 1.340 1.020 0.890 0.520 0.490 0.140 -0.020 -0.330
1994 -0.450 -0.510 -0.650 -0.650 -0.920 -0.930 -1.140 -0.520 -0.360 -0.200 -0.020 0.650
1995 1.210 1.430 1.240 1.190 1.050 0.740 0.370 0.120 0.040 0.340 0.580 0.160
1996 -0.500 -1.130 -0.990 -0.700 -0.570 -0.450 -0.790 -1.050 -1.110 -0.810 -0.520 -0.220
1997 -0.380 0.390 0.910 1.820 1.670 1.720 1.990 2.270 2.440 2.280 1.660 1.510
1998 1.830 2.220 1.950 1.510 0.560 -0.340 -1.350 -1.440 -1.040 -0.380 -0.380 -0.500
1999 -0.830 -0.880 -0.900 -1.000 -0.520 -0.440 -0.160 -0.510 -0.500 -0.470 -0.250 -0.360
2000 -0.940 -1.580 -1.930 -1.830 -1.540 -1.130 -0.840 -0.880 -0.870 -0.990 -0.650 -1.060
2001 -1.210 -1.270 -1.280 -1.070 -1.520 -1.100 -0.960 -0.730 -0.460 -0.390 0.440 0.460
2002 0.790 0.480 0.140 0.020 -0.350 0.190 -0.080 0.050 -0.270 -0.430 0.180 0.530
2003 0.790 0.380 -0.070 -0.330 -0.680 -0.730 -0.480 -0.280 -0.100 -0.370 -0.490 0.060
2004 0.400 0.620 0.200 0.150 0.090 -0.100 0.170 -0.030 0.030 -0.200 0.230 0.540
2005 1.190 1.300 0.910 -0.010 -0.610 -1.050 -1.240 -1.360 -1.370 -1.350 -1.280 -1.150
2006 -0.720 -0.560 -0.390 -0.480 -0.610 -0.050 -0.080 0.170 0.020 -0.140 -0.180 -0.050
2007 0.030 -0.370 -0.870 -1.010 -0.880 -1.080 -1.870 -2.140 -2.510 -1.920 -1.730 -1.090
2008 -1.000 -1.190 -1.500 -1.310 -0.900 -0.530 -0.520 -0.310 -0.420 -0.160 -0.220 -0.420
2009 -1.120 -1.260 -1.010 -0.450 -0.080 -0.010 0.100 -0.130 -0.210 -0.440 -0.220 -0.030
2010 0.830 0.720 0.890 0.200 -0.300 -1.250 -1.720 -1.840 -1.130 -0.780 -0.470 -0.760
2011 -0.900 -0.820 -0.830 -0.510 -0.430 -0.400 -0.760 -0.710 -0.530 -0.360 -0.300 -0.060
2012 -0.400 -0.640 -1.140 -1.190 -1.310 -1.340 -1.300 -1.180 -1.200 -0.600 -0.510 0.220
2013 0.000 0.650 0.550 0.690 0.010 -0.410 -0.530 -0.340 -0.260 -0.320 -0.190 -0.050
2014 0.050 -0.030 -999.000 -999.000 -999.000 -999.000 -999.000 -999.000 -999.000 -999.000 -999.000 -999.000
2015 -999.000 -999.000 -999.000 -999.000 -999.000 -999.000 -999.000 -999.000 -999.000 -999.000 -999.000 -999.000
2016 -999.000 -999.000 -999.000 -999.000 -999.000 -999.000 -999.000 -999.000 -999.000 -999.000 -999.000 -999.000
2017 -999.000 -999.000 -999.000 -999.000 -999.000 -999.000 -999.000 -999.000 -999.000 -999.000 -999.000 -999.000
2018 -999.000 -999.000 -999.000 -999.000 -999.000 -999.000 -999.000 -999.000 -999.000 -999.000 -999.000 -999.000
2019 -999.000 -999.000 -999.000 -999.000 -999.000 -999.000 -999.000 -999.000 -999.000 -999.000 -999.000 -999.000
2020 -999.000 -999.000 -999.000 -999.000 -999.000 -999.000 -999.000 -999.000 -999.000 -999.000 -999.000 -999.000
2021 -999.000 -999.000 -999.000 -999.000 -999.000 -999.000 -999.000 -999.000 -999.000 -999.000 -999.000 -999.000
