1951 2025
1951 2.000 0.000 0.000 0.000 0.000 0.000 0.000 0.000 1.000 8.000 0.000 6.000
1952 1.000 6.000 2.000 1.000 0.000 0.000 0.000 0.000 0.000 0.000 0.000 3.000
1953 8.000 13.000 22.000 0.000 6.000 2.000 0.000 0.000 1.000 3.000 6.000 17.000
1954 13.000 9.000 7.000 3.000 2.000 0.000 0.000 0.000 0.000 2.000 2.000 0.000
1955 3.000 0.000 10.000 6.000 0.000 0.000 4.000 2.000 0.000 0.000 13.000 3.000
1956 8.000 20.000 12.000 1.000 2.000 0.000 0.000 0.000 4.000 2.000 13.000 11.000
1957 10.000 0.000 4.000 9.000 2.000 0.000 0.000 0.000 0.000 0.000 20.000 4.000
1958 5.000 1.000 3.000 2.000 0.000 0.000 0.000 0.000 10.000 7.000 14.000 5.000
1959 7.000 24.000 11.000 0.000 6.000 0.000 0.000 0.000 6.000 14.000 0.000 0.000
1960 8.000 7.000 14.000 0.000 0.000 0.000 0.000 0.000 0.000 0.000 0.000 0.000
1961 12.000 11.000 14.000 0.000 0.000 0.000 0.000 0.000 0.000 0.000 7.000 10.000
1962 8.000 12.000 0.000 8.000 0.000 0.000 0.000 0.000 0.000 8.000 3.000 9.000
1963 17.000 7.000 13.000 6.000 0.000 5.000 0.000 0.000 0.000 2.000 1.000 17.000
1964 26.000 7.000 18.000 0.000 0.000 0.000 0.000 0.000 0.000 8.000 10.000 5.000
1965 6.000 21.000 8.000 3.000 0.000 0.000 0.000 0.000 0.000 15.000 7.000 0.000
1966 9.000 0.000 4.000 0.000 0.000 3.000 0.000 0.000 1.000 1.000 1.000 0.000
1967 7.000 11.000 1.000 6.000 0.000 2.000 0.000 0.000 0.000 0.000 6.000 5.000
1968 8.000 5.000 10.000 0.000 0.000 1.000 0.000 2.000 0.000 0.000 12.000 12.000
1969 3.000 0.000 10.000 6.000 0.000 0.000 0.000 0.000 0.000 6.000 0.000 0.000
1970 11.000 1.000 0.000 0.000 0.000 2.000 0.000 0.000 0.000 4.000 1.000 16.000
1971 5.000 13.000 6.000 2.000 0.000 2.000 0.000 0.000 0.000 7.000 0.000 13.000
1972 14.000 9.000 10.000 6.000 0.000 0.000 0.000 0.000 2.000 4.000 3.000 8.000
1973 15.000 2.000 14.000 0.000 0.000 0.000 0.000 0.000 2.000 7.000 1.000 2.000
1974 2.000 4.000 14.000 18.000 2.000 0.000 0.000 0.000 0.000 0.000 1.000 3.000
1975 2.000 20.000 6.000 3.000 4.000 0.000 0.000 0.000 0.000 8.000 7.000 7.000
1976 7.000 15.000 8.000 3.000 0.000 0.000 0.000 3.000 1.000 2.000 5.000 6.000
1977 3.000 0.000 1.000 0.000 2.000 0.000 0.000 0.000 6.000 3.000 3.000 9.000
1978 5.000 0.000 6.000 5.000 4.000 2.000 0.000 0.000 0.000 7.000 5.000 2.000
1979 7.000 9.000 0.000 3.000 0.000 2.000 0.000 0.000 0.000 0.000 0.000 2.000
1980 9.000 15.000 4.000 7.000 2.000 0.000 0.000 0.000 0.000 1.000 8.000 1.000
1981 8.000 1.000 0.000 16.000 0.000 0.000 0.000 0.000 0.000 0.000 4.000 2.000
1982 12.000 9.000 10.000 3.000 0.000 0.000 0.000 0.000 0.000 0.000 0.000 8.000
1983 5.000 17.000 5.000 0.000 0.000 0.000 0.000 3.000 0.000 0.000 9.000 5.000
1984 0.000 8.000 7.000 7.000 0.000 0.000 0.000 0.000 0.000 0.000 0.000 10.000
1985 11.000 14.000 5.000 0.000 2.000 0.000 0.000 0.000 0.000 16.000 7.000 2.000
1986 2.000 14.000 4.000 0.000 0.000 3.000 0.000 0.000 2.000 4.000 0.000 3.000
1987 25.000 3.000 9.000 5.000 5.000 0.000 0.000 0.000 0.000 0.000 8.000 10.000
1988 2.000 4.000 1.000 0.000 0.000 2.000 0.000 0.000 0.000 0.000 6.000 14.000
1989 15.000 5.000 2.000 1.000 2.000 0.000 0.000 0.000 3.000 3.000 13.000 14.000
1990 6.000 0.000 3.000 1.000 9.000 0.000 0.000 0.000 0.000 3.000 13.000 8.000
1991 17.000 12.000 4.000 4.000 4.000 0.000 3.000 0.000 4.000 4.000 0.000 23.000
1992 22.000 12.000 3.000 1.000 12.000 2.000 0.000 0.000 0.000 8.000 1.000 10.000
1993 7.000 20.000 13.000 1.000 4.000 0.000 0.000 1.000 1.000 9.000 9.000 0.000
1994 2.000 9.000 1.000 0.000 0.000 0.000 0.000 0.000 0.000 0.000 7.000 6.000
1995 2.000 1.000 3.000 0.000 0.000 5.000 0.000 0.000 0.000 1.000 9.000 14.000
1996 11.000 7.000 10.000 0.000 0.000 0.000 0.000 0.000 4.000 0.000 0.000 11.000
1997 23.000 3.000 7.000 10.000 2.000 1.000 0.000 0.000 6.000 5.000 1.000 10.000
1998 9.000 9.000 8.000 0.000 1.000 0.000 0.000 0.000 0.000 3.000 1.000 2.000
1999 3.000 3.000 0.000 5.000 0.000 0.000 0.000 0.000 0.000 7.000 10.000 1.000
2000 13.000 3.000 9.000 3.000 11.000 0.000 0.000 0.000 2.000 0.000 0.000 0.000
2001 13.000 9.000 0.000 0.000 4.000 0.000 0.000 0.000 0.000 0.000 8.000 13.000
2002 13.000 4.000 4.000 3.000 2.000 0.000 0.000 0.000 6.000 6.000 2.000 15.000
2003 6.000 17.000 14.000 10.000 0.000 0.000 0.000 0.000 0.000 1.000 4.000 6.000
2004 3.000 12.000 7.000 1.000 0.000 0.000 0.000 0.000 2.000 0.000 4.000 2.000
2005 8.000 12.000 20.000 0.000 0.000 0.000 0.000 0.000 0.000 1.000 4.000 14.000
2006 17.000 17.000 4.000 1.000 0.000 0.000 0.000 0.000 0.000 0.000 0.000 12.000
2007 7.000 7.000 5.000 11.000 2.000 2.000 0.000 0.000 0.000 2.000 7.000 13.000
2008 6.000 12.000 0.000 0.000 3.000 0.000 0.000 0.000 1.000 0.000 2.000 10.000
2009 8.000 7.000 5.000 7.000 0.000 0.000 0.000 0.000 3.000 6.000 0.000 7.000
2010 10.000 0.000 4.000 5.000 3.000 0.000 0.000 0.000 0.000 5.000 0.000 5.000
2011 12.000 8.000 10.000 6.000 0.000 0.000 0.000 0.000 0.000 0.000 12.000 0.000
2012 9.000 17.000 21.000 0.000 3.000 0.000 0.000 0.000 0.000 0.000 0.000 0.000
2013 10.000 11.000 2.000 0.000 0.000 0.000 0.000 0.000 0.000 2.000 7.000 7.000
2014 0.000 0.000 10.000 0.000 0.000 0.000 0.000 0.000 3.000 0.000 8.000 4.000
2015 5.000 9.000 9.000 10.000 0.000 0.000 0.000 0.000 0.000 9.000 1.000 3.000
2016 2.000 0.000 11.000 0.000 1.000 2.000 0.000 0.000 0.000 7.000 7.000 21.000
2017 15.000 14.000 6.000 0.000 3.000 0.000 0.000 0.000 0.000 0.000 0.000 4.000
2018 3.000 11.000 1.000 3.000 7.000 3.000 0.000 0.000 0.000 1.000 9.000 11.000
2019 11.000 9.000 4.000 9.000 0.000 0.000 0.000 0.000 0.000 0.000 0.000 6.000
2020 9.000 4.000 3.000 8.000 0.000 0.000 0.000 0.000 3.000 0.000 3.000 0.000
2021 1.000 3.000 16.000 3.000 0.000 0.000 0.000 0.000 0.000 0.000 3.000 7.000
2022 19.000 0.000 19.000 4.000 0.000 0.000 0.000 0.000 0.000 0.000 0.000 0.000
2023 6.000 20.000 4.000 6.000 1.000 0.000 0.000 0.000 0.000 0.000 4.000 0.000
2024 9.000 2.000 0.000 0.000 0.000 0.000 0.000 0.000 0.000 0.000 13.000 6.000
2025 11.000 10.000 2.000 9.000 6.000 0.000 0.000 0.000 0.000 4.000 0.000 12.000
