1951 2025
1951 0.177 0.811 7.488 12.741 18.402 8.965 3.946 3.290 5.334 4.868 2.083 2.887
1952 2.442 5.109 13.311 22.822 21.367 10.661 4.076 2.744 3.629 1.983 0.319 0.234
1953 0.897 2.627 13.213 23.022 22.431 11.881 4.942 4.003 3.188 3.033 1.716 3.644
1954 2.800 6.598 13.100 19.862 19.340 10.367 4.143 3.381 2.610 1.099 0.588 0.684
1955 6.497 4.427 8.385 14.236 11.393 5.739 3.636 2.981 3.801 2.516 0.664 1.142
1956 1.251 1.127 8.927 16.656 10.990 6.253 2.662 2.218 2.717 1.669 1.003 0.889
1957 3.097 2.713 12.679 23.199 26.749 13.664 6.218 4.221 5.015 4.640 3.324 2.466
1958 8.238 10.691 15.058 27.931 25.123 16.646 7.280 5.554 5.226 4.613 1.784 2.578
1959 5.960 11.634 17.709 24.273 26.724 13.873 6.065 3.639 3.983 3.174 2.194 2.316
1960 2.955 4.465 13.962 24.358 21.526 12.664 6.414 4.334 4.208 3.410 1.773 3.725
1961 4.147 4.712 12.776 21.838 19.951 9.014 4.354 3.631 3.769 2.924 2.032 3.476
1962 2.007 3.688 13.682 23.734 21.385 12.107 7.350 5.547 5.242 3.867 1.469 2.772
1963 2.539 3.501 10.032 22.266 23.532 12.188 7.018 5.368 5.442 6.127 4.349 4.010
1964 8.211 13.095 18.804 31.738 21.658 13.456 6.356 3.901 4.613 3.112 0.450 0.529
1965 1.072 3.938 5.731 18.915 14.972 8.999 5.547 3.857 4.628 7.002 3.785 1.926
1966 3.844 9.653 14.541 21.329 19.179 13.051 7.201 4.445 4.968 5.773 2.430 1.868
1967 1.300 2.332 10.782 21.304 22.391 14.264 7.038 3.612 5.116 4.726 2.369 3.566
1968 0.749 3.286 6.965 17.425 17.125 11.461 6.352 3.981 4.698 5.998 3.694 3.087
1969 5.639 10.082 21.671 34.989 31.935 15.406 7.793 6.572 7.019 7.995 5.462 6.547
1970 10.082 11.683 23.838 33.215 29.056 17.333 10.430 8.622 6.845 5.983 2.431 1.786
1971 2.175 1.486 8.276 22.493 19.520 9.773 5.420 4.276 4.062 2.484 1.046 1.070
1972 2.982 5.165 8.683 20.222 23.254 18.592 7.994 5.474 7.657 9.773 11.930 12.831
1973 12.347 13.090 23.329 33.891 26.858 14.358 7.902 5.912 8.119 8.289 3.876 1.707
1974 0.937 1.469 6.481 18.030 20.021 11.254 6.523 4.450 4.669 4.705 3.235 2.710
1975 3.054 4.346 8.674 16.313 18.841 8.137 7.250 4.515 4.295 3.301 1.035 0.587
1976 0.428 2.193 6.133 18.807 18.511 14.008 8.923 5.607 6.167 6.549 4.002 1.423
1977 3.516 5.387 13.968 26.599 25.084 17.551 7.903 6.897 7.672 8.526 6.707 6.893
1978 8.584 11.640 19.374 27.398 20.956 10.928 6.098 3.384 2.935 4.335 2.961 3.660
1979 7.014 11.209 20.116 29.996 26.027 19.120 8.650 5.809 7.375 7.956 6.032 7.561
1980 5.607 7.548 17.381 30.717 35.075 18.778 11.325 8.216 7.605 9.764 7.171 5.853
1981 4.961 7.443 22.020 27.207 25.620 15.010 9.226 6.641 7.514 10.337 4.455 3.241
1982 4.322 6.925 15.084 28.587 28.834 17.321 10.630 8.035 9.334 14.648 10.480 11.939
1983 10.819 19.260 28.048 36.799 34.394 25.197 15.525 10.578 11.745 9.482 6.196 5.236
1984 3.496 4.351 14.887 26.390 21.128 11.128 5.855 3.329 5.060 4.663 5.470 3.023
1985 5.466 7.362 15.796 27.154 22.658 10.896 6.247 4.289 5.317 3.585 2.699 2.847
1986 1.894 6.694 9.862 24.897 27.575 18.772 9.017 4.625 5.890 5.934 8.793 8.131
1987 8.351 10.218 25.823 34.697 38.278 22.901 15.251 12.107 14.735 15.364 13.044 9.275
1988 12.517 22.422 33.513 39.926 30.788 21.148 13.714 12.794 13.673 12.208 7.486 7.032
1989 6.001 8.622 17.000 22.893 22.191 13.106 6.705 5.528 7.561 7.825 8.702 8.724
1990 7.596 17.038 22.767 31.561 32.009 18.073 11.118 6.628 7.313 9.560 8.395 10.131
1991 12.165 13.921 24.870 37.271 36.757 19.528 12.416 9.493 9.766 8.573 7.301 5.894
1992 9.672 11.119 20.137 29.227 33.528 21.096 12.057 5.434 5.398 7.790 6.336 3.275
1993 4.500 6.714 17.532 27.531 31.362 18.523 11.146 7.770 8.361 7.544 5.957 3.830
1994 6.704 8.599 14.232 27.015 27.206 13.777 7.269 5.849 6.398 9.874 6.795 7.760
1995 7.816 11.982 17.214 30.873 27.919 20.628 11.420 6.858 7.923 9.457 6.062 3.251
1996 6.675 11.686 21.576 27.732 26.820 18.628 10.082 6.129 7.501 5.190 6.498 6.815
1997 6.454 3.869 18.356 28.808 26.513 22.154 11.023 8.203 10.099 12.926 13.207 13.637
1998 19.349 27.794 39.329 49.923 45.226 27.892 15.343 13.000 12.768 14.085 9.954 5.889
1999 5.515 10.558 23.191 28.798 23.706 15.197 10.077 6.645 7.721 7.942 7.626 7.547
2000 8.803 8.329 15.776 27.301 26.027 14.381 10.987 9.303 10.845 13.011 10.502 7.441
2001 6.883 11.477 21.589 33.308 34.717 21.007 11.659 9.823 9.976 11.161 9.252 11.252
2002 11.680 13.708 26.418 35.523 33.494 22.882 16.227 10.132 12.278 15.534 12.163 14.956
2003 17.124 22.442 27.389 39.890 38.018 25.704 16.010 11.579 12.582 11.110 9.400 7.026
2004 13.944 17.099 22.255 34.949 24.853 16.812 10.617 9.688 9.612 11.051 10.267 10.230
2005 13.266 20.101 30.987 37.618 37.948 24.468 13.022 11.174 10.258 10.014 7.456 5.767
2006 6.500 14.272 22.345 29.729 34.071 22.765 13.437 10.588 9.605 13.677 13.834 13.422
2007 13.361 18.416 22.643 35.173 36.156 25.598 14.178 11.239 11.160 10.637 8.313 7.116
2008 10.649 7.850 12.731 24.262 25.572 17.616 11.263 9.966 13.889 14.186 9.603 8.309
2009 10.947 15.072 28.089 35.276 35.784 24.438 15.633 12.699 12.903 15.585 13.214 15.463
2010 17.503 26.638 38.769 49.321 45.317 28.006 17.953 12.388 12.610 13.401 11.020 7.807
2011 6.802 9.802 19.924 27.599 30.717 20.799 13.267 10.742 11.228 14.534 15.107 14.360
2012 12.907 15.683 18.308 34.010 35.167 21.899 13.239 11.611 12.469 15.544 14.218 15.934
2013 13.539 20.166 30.082 37.218 32.409 17.942 10.690 8.283 9.605 12.660 15.558 11.477
2014 13.175 16.617 26.992 37.714 39.988 26.468 15.357 11.740 12.589 16.346 14.712 13.597
2015 11.882 16.576 30.737 42.555 41.782 28.230 19.588 16.212 18.249 24.183 23.354 25.980
2016 27.523 29.879 48.858 58.023 48.241 28.055 16.518 13.300 11.861 12.982 13.255 11.844
2017 8.175 14.126 24.919 35.853 37.705 23.842 16.424 12.842 13.918 16.959 15.517 8.976
2018 9.212 16.029 23.742 37.459 36.456 22.132 12.390 9.339 11.051 14.144 15.135 12.449
2019 16.320 21.350 31.474 46.999 43.059 30.762 20.483 15.359 14.544 18.131 17.884 19.207
2020 23.758 24.665 38.611 50.830 46.649 30.672 22.699 16.794 16.199 16.602 14.655 13.082
2021 10.683 17.038 27.360 35.943 35.571 23.389 15.561 12.193 13.777 14.771 11.933 13.563
2022 18.221 17.424 27.957 43.971 37.913 25.893 14.650 10.911 12.103 12.767 9.573 8.762
2023 6.522 11.060 23.591 41.436 38.133 26.760 17.918 15.667 16.397 19.240 22.561 23.226
2024 26.476 35.348 39.946 54.474 49.118 33.220 23.866 18.810 19.843 22.952 25.515 16.992
2025 17.269 22.944 34.417 47.942 46.472 27.590 18.615 14.020 15.002 15.902 12.079 13.341
