1951 2025
1951 85.000 72.500 77.500 80.000 82.500 80.000 67.500 80.000 87.500 85.000 77.500 70.000
1952 70.000 72.500 85.000 82.500 77.500 55.000 87.500 82.500 77.500 80.000 60.000 60.000
1953 67.500 90.000 82.500 85.000 55.000 77.500 85.000 85.000 87.500 75.000 75.000 70.000
1954 67.500 77.500 80.000 85.000 55.000 72.500 87.500 85.000 82.500 77.500 72.500 80.000
1955 80.000 72.500 75.000 80.000 80.000 80.000 85.000 77.500 80.000 80.000 77.500 72.500
1956 80.000 75.000 80.000 72.500 75.000 90.000 82.500 85.000 82.500 82.500 75.000 67.500
1957 67.500 70.000 72.500 77.500 72.500 67.500 80.000 82.500 80.000 75.000 75.000 75.000
1958 57.500 72.500 72.500 75.000 85.000 80.000 75.000 77.500 87.500 85.000 72.500 70.000
1959 55.000 87.500 87.500 77.500 75.000 82.500 75.000 80.000 80.000 70.000 75.000 85.000
1960 72.500 72.500 75.000 75.000 87.500 80.000 85.000 72.500 77.500 77.500 75.000 85.000
1961 72.500 87.500 72.500 72.500 85.000 85.000 82.500 72.500 77.500 75.000 85.000 85.000
1962 80.000 70.000 75.000 85.000 80.000 80.000 82.500 77.500 85.000 80.000 72.500 75.000
1963 65.000 77.500 72.500 77.500 65.000 82.500 82.500 80.000 80.000 77.500 82.500 80.000
1964 80.000 67.500 72.500 82.500 82.500 67.500 85.000 72.500 82.500 80.000 72.500 82.500
1965 85.000 67.500 80.000 80.000 77.500 72.500 82.500 65.000 72.500 77.500 60.000 82.500
1966 82.500 60.000 82.500 80.000 82.500 87.500 85.000 75.000 80.000 80.000 72.500 82.500
1967 77.500 65.000 77.500 85.000 77.500 70.000 82.500 82.500 75.000 87.500 75.000 75.000
1968 80.000 80.000 77.500 75.000 80.000 75.000 67.500 82.500 80.000 80.000 67.500 80.000
1969 55.000 60.000 75.000 70.000 70.000 62.500 82.500 77.500 85.000 77.500 77.500 55.000
1970 72.500 62.500 57.500 77.500 72.500 87.500 87.500 82.500 85.000 82.500 72.500 87.500
1971 77.500 80.000 77.500 72.500 75.000 75.000 75.000 85.000 82.500 75.000 80.000 75.000
1972 67.500 70.000 72.500 80.000 82.500 70.000 87.500 82.500 67.500 70.000 77.500 77.500
1973 75.000 85.000 77.500 67.500 80.000 77.500 87.500 85.000 85.000 82.500 75.000 80.000
1974 70.000 82.500 75.000 75.000 80.000 85.000 85.000 87.500 67.500 70.000 82.500 82.500
1975 70.000 87.500 75.000 80.000 87.500 77.500 80.000 85.000 80.000 77.500 75.000 82.500
1976 70.000 65.000 72.500 77.500 80.000 75.000 87.500 85.000 80.000 82.500 85.000 60.000
1977 47.500 82.500 75.000 82.500 85.000 75.000 77.500 70.000 85.000 75.000 80.000 77.500
1978 80.000 77.500 67.500 75.000 75.000 67.500 67.500 80.000 85.000 75.000 72.500 62.500
1979 65.000 77.500 72.500 85.000 80.000 82.500 85.000 67.500 75.000 85.000 65.000 75.000
1980 70.000 85.000 75.000 75.000 72.500 77.500 75.000 85.000 85.000 82.500 75.000 80.000
1981 85.000 75.000 72.500 75.000 77.500 77.500 82.500 82.500 85.000 77.500 87.500 67.500
1982 67.500 65.000 77.500 80.000 75.000 75.000 85.000 85.000 87.500 75.000 75.000 72.500
1983 70.000 75.000 77.500 80.000 75.000 90.000 67.500 70.000 82.500 87.500 75.000 67.500
1984 67.500 70.000 82.500 72.500 82.500 85.000 82.500 72.500 72.500 85.000 70.000 70.000
1985 52.500 77.500 72.500 75.000 75.000 85.000 75.000 82.500 80.000 85.000 82.500 57.500
1986 72.500 77.500 75.000 80.000 75.000 82.500 85.000 82.500 82.500 82.500 65.000 72.500
1987 72.500 80.000 80.000 75.000 70.000 75.000 85.000 67.500 87.500 87.500 87.500 65.000
1988 80.000 62.500 85.000 72.500 67.500 82.500 80.000 82.500 85.000 85.000 77.500 82.500
1989 82.500 67.500 67.500 75.000 72.500 85.000 87.500 85.000 82.500 82.500 82.500 77.500
1990 70.000 77.500 82.500 85.000 80.000 80.000 85.000 77.500 80.000 82.500 72.500 72.500
1991 62.500 62.500 72.500 82.500 80.000 82.500 85.000 85.000 82.500 80.000 85.000 82.500
1992 70.000 67.500 77.500 67.500 82.500 82.500 87.500 82.500 80.000 77.500 70.000 80.000
1993 80.000 82.500 85.000 77.500 67.500 72.500 80.000 82.500 70.000 77.500 75.000 70.000
1994 60.000 67.500 85.000 85.000 85.000 70.000 87.500 85.000 82.500 82.500 82.500 82.500
1995 77.500 72.500 77.500 65.000 70.000 87.500 67.500 85.000 75.000 75.000 75.000 77.500
1996 70.000 82.500 75.000 70.000 82.500 85.000 90.000 80.000 85.000 77.500 77.500 70.000
1997 80.000 67.500 62.500 82.500 75.000 75.000 75.000 82.500 77.500 82.500 70.000 75.000
1998 67.500 80.000 72.500 70.000 82.500 82.500 85.000 77.500 72.500 82.500 57.500 85.000
1999 80.000 72.500 55.000 72.500 75.000 87.500 80.000 72.500 80.000 87.500 72.500 75.000
2000 72.500 65.000 77.500 75.000 77.500 82.500 85.000 85.000 87.500 85.000 82.500 77.500
2001 72.500 77.500 82.500 75.000 85.000 87.500 85.000 82.500 77.500 85.000 85.000 85.000
2002 62.500 72.500 72.500 82.500 75.000 85.000 82.500 80.000 80.000 77.500 75.000 55.000
2003 75.000 65.000 80.000 75.000 85.000 85.000 80.000 85.000 87.500 77.500 77.500 80.000
2004 75.000 80.000 77.500 70.000 75.000 72.500 85.000 87.500 82.500 75.000 80.000 75.000
2005 65.000 72.500 77.500 72.500 75.000 65.000 85.000 85.000 82.500 82.500 82.500 70.000
2006 75.000 60.000 62.500 72.500 80.000 87.500 87.500 90.000 82.500 72.500 82.500 85.000
2007 85.000 67.500 75.000 82.500 72.500 65.000 80.000 82.500 85.000 77.500 75.000 70.000
2008 85.000 70.000 72.500 70.000 77.500 80.000 80.000 82.500 72.500 90.000 82.500 65.000
2009 87.500 57.500 77.500 82.500 65.000 77.500 75.000 80.000 77.500 80.000 85.000 67.500
2010 87.500 55.000 60.000 62.500 72.500 72.500 87.500 85.000 85.000 70.000 87.500 80.000
2011 77.500 70.000 85.000 75.000 70.000 60.000 72.500 70.000 85.000 82.500 85.000 67.500
2012 70.000 77.500 75.000 80.000 77.500 80.000 85.000 77.500 80.000 85.000 72.500 82.500
2013 70.000 77.500 55.000 82.500 82.500 87.500 82.500 85.000 75.000 80.000 82.500 70.000
2014 57.500 62.500 72.500 82.500 87.500 87.500 87.500 80.000 85.000 75.000 72.500 75.000
2015 67.500 85.000 77.500 75.000 87.500 75.000 70.000 77.500 87.500 77.500 85.000 75.000
2016 55.000 67.500 75.000 87.500 70.000 85.000 80.000 87.500 82.500 75.000 72.500 70.000
2017 85.000 82.500 85.000 72.500 77.500 82.500 82.500 87.500 80.000 75.000 62.500 67.500
2018 67.500 65.000 72.500 77.500 70.000 80.000 82.500 75.000 72.500 72.500 77.500 87.500
2019 67.500 82.500 80.000 75.000 75.000 75.000 75.000 77.500 75.000 82.500 72.500 75.000
2020 70.000 82.500 85.000 85.000 72.500 85.000 70.000 77.500 80.000 77.500 80.000 60.000
2021 62.500 72.500 77.500 82.500 85.000 85.000 77.500 80.000 75.000 77.500 80.000 62.500
2022 62.500 67.500 75.000 72.500 87.500 82.500 87.500 85.000 75.000 82.500 75.000 65.000
2023 70.000 65.000 80.000 85.000 82.500 72.500 80.000 87.500 82.500 72.500 82.500 65.000
2024 75.000 70.000 75.000 80.000 70.000 67.500 80.000 82.500 77.500 70.000 75.000 80.000
2025 77.500 65.000 82.500 77.500 85.000 77.500 85.000 80.000 77.500 70.000 70.000 70.000
