1951 2025
1951 -0.211 -0.539 -0.432 -0.258 0.024 -0.204 -0.245 -0.650 -0.494 -0.400 -0.302 -0.254
1952 -0.230 -0.331 -0.510 -0.413 -0.392 -0.449 -0.556 -0.855 -0.425 -0.433 -0.327 -0.630
1953 -0.331 -0.248 -0.405 -0.454 -0.442 -0.334 -0.317 -0.323 -0.644 -0.369 -0.421 -0.356
1954 -0.403 -0.270 -0.468 -0.468 -0.611 -0.528 -0.360 -0.260 -0.433 -0.566 -0.676 -0.760
1955 -0.479 -0.557 -0.686 -0.822 -1.000 -0.794 -0.495 -0.628 -0.645 -0.903 -0.700 -0.482
1956 -0.394 -0.417 -0.514 -0.530 -0.531 -0.373 -0.402 -0.681 -0.643 -0.305 -0.163 -0.046
1957 -0.129 -0.169 -0.356 -0.221 -0.259 -0.603 -0.822 -0.406 -0.479 -0.327 -0.623 -0.425
1958 -0.346 -0.016 -0.064 -0.306 -0.427 -0.448 -0.431 -0.376 -0.176 -0.182 -0.301 -0.279
1959 -0.564 -0.754 -0.702 -0.475 -0.313 -0.244 -0.207 -0.119 -0.166 -0.234 -0.326 -0.335
1960 -0.492 -0.389 -0.386 -0.467 -0.325 -0.419 -0.324 -0.358 -0.412 -0.367 -0.071 -0.094
1961 -0.308 -0.218 -0.305 -0.375 -0.459 -0.437 -0.427 -0.524 -0.438 -0.472 -0.393 -0.209
1962 -0.055 -0.162 -0.199 -0.209 -0.453 -0.313 -0.315 -0.228 -0.179 -0.169 -0.295 -0.296
1963 -0.232 -0.119 -0.011 0.083 -0.063 -0.192 -0.202 -0.058 0.001 -0.155 -0.291 -0.372
1964 -0.304 -0.271 -0.321 -0.147 -0.321 -0.458 -0.351 -0.555 -0.626 -0.539 -0.552 -0.755
1965 -0.568 -0.519 -0.450 -0.560 -0.458 -0.453 -0.573 -0.582 -0.636 -0.450 -0.442 -0.460
1966 -0.401 -0.234 -0.179 -0.322 -0.366 -0.269 -0.157 -0.175 -0.188 -0.097 -0.055 -0.248
1967 -0.296 -0.346 -0.222 0.054 -0.053 -0.166 -0.330 -0.246 -0.098 -0.222 -0.396 -0.386
1968 -0.256 -0.210 -0.194 -0.318 -0.336 0.016 -0.094 -0.137 -0.137 0.048 -0.086 -0.019
1969 0.088 -0.022 -0.031 0.065 0.022 0.000 -0.046 0.124 0.272 0.193 0.156 0.051
1970 0.049 0.124 -0.011 -0.322 -0.304 -0.402 -0.219 -0.336 -0.353 -0.462 -0.367 -0.582
1971 -0.550 -0.427 -0.485 -0.440 -0.524 -0.727 -0.656 -0.643 -0.719 -0.647 -0.409 -0.291
1972 -0.351 -0.305 -0.112 -0.185 -0.417 -0.413 -0.469 -0.668 -0.679 -0.537 -0.497 -0.541
1973 -0.445 -0.510 -0.337 -0.415 -0.314 -0.277 -0.341 -0.414 -0.478 -0.554 -0.589 -0.493
1974 -0.552 -0.446 -0.202 -0.407 -0.483 -0.440 -0.361 -0.319 -0.570 -0.666 -0.558 -0.655
1975 -0.610 -0.598 -0.497 -0.506 -0.534 -0.613 -0.606 -0.683 -1.007 -1.092 -0.948 -0.922
1976 -0.512 -0.685 -0.491 -0.392 -0.426 -0.411 -0.425 -0.510 -0.623 -0.356 -0.234 -0.257
1977 -0.316 -0.121 -0.248 -0.224 -0.274 -0.170 -0.262 -0.227 -0.186 -0.250 -0.233 -0.244
1978 -0.237 -0.285 -0.183 -0.351 -0.274 -0.094 -0.249 -0.082 -0.001 -0.276 -0.226 -0.264
1979 -0.041 -0.136 0.028 -0.119 -0.223 -0.147 -0.168 -0.279 -0.402 -0.263 -0.021 -0.033
1980 0.009 0.064 0.011 -0.102 -0.062 -0.208 -0.109 -0.254 -0.320 -0.128 0.028 0.063
1981 0.150 0.124 -0.050 -0.264 -0.080 -0.066 -0.269 -0.358 -0.125 -0.049 0.215 0.244
1982 0.117 0.094 0.050 0.170 0.112 0.088 -0.234 -0.409 -0.403 -0.232 -0.323 -0.331
1983 -0.384 -0.568 -0.504 -0.352 -0.285 -0.168 -0.311 -0.221 -0.348 -0.293 -0.417 -0.122
1984 -0.026 -0.082 -0.180 -0.294 -0.268 -0.356 -0.292 -0.318 -0.104 -0.257 -0.246 -0.353
1985 -0.293 -0.273 -0.351 -0.346 -0.223 -0.319 -0.196 -0.144 -0.002 -0.080 0.029 0.053
1986 0.106 0.198 0.178 -0.021 0.180 0.019 0.050 0.012 -0.265 -0.082 -0.214 -0.461
1987 -0.342 -0.178 -0.171 -0.268 -0.155 -0.206 -0.389 -0.213 -0.112 0.003 0.177 0.203
1988 0.155 0.184 0.106 0.076 -0.073 -0.059 0.056 0.074 -0.139 -0.282 -0.341 -0.483
1989 -0.436 -0.385 -0.153 -0.110 -0.147 -0.320 -0.107 -0.165 -0.029 0.027 -0.209 -0.074
1990 0.106 0.100 0.116 0.088 0.065 0.182 0.142 0.119 0.077 0.211 0.160 0.038
1991 0.127 0.138 0.048 0.191 0.161 0.142 0.194 0.163 -0.043 -0.114 -0.160 -0.297
1992 -0.553 -0.245 -0.462 -0.360 -0.346 -0.196 -0.133 0.003 0.083 0.080 -0.200 -0.215
1993 -0.371 -0.373 -0.339 -0.314 -0.498 -0.387 -0.279 -0.298 -0.170 -0.343 -0.059 -0.057
1994 -0.055 -0.024 0.119 0.115 0.117 0.196 0.222 0.201 -0.081 -0.045 -0.070 -0.121
1995 -0.030 0.220 0.240 0.242 0.240 0.199 0.251 0.397 0.193 0.169 0.165 0.352
1996 0.287 0.280 0.130 0.002 0.004 0.014 0.113 0.211 0.267 0.260 0.160 0.284
1997 0.232 0.326 0.188 0.216 0.088 -0.141 -0.087 -0.358 -0.348 -0.313 -0.113 -0.163
1998 -0.359 -0.342 -0.320 -0.290 -0.335 -0.366 -0.143 -0.192 -0.160 -0.304 -0.315 -0.258
1999 -0.398 -0.471 -0.407 -0.376 -0.244 -0.258 -0.292 -0.275 -0.169 -0.241 -0.335 -0.262
2000 -0.187 -0.152 -0.296 -0.434 -0.459 -0.310 -0.258 -0.011 0.096 -0.012 0.008 -0.107
2001 0.035 -0.063 0.088 0.123 0.086 0.188 0.115 0.136 0.269 0.345 0.336 0.246
2002 0.244 0.315 0.220 0.440 0.529 0.436 0.278 0.164 0.033 -0.027 0.199 0.089
2003 0.184 0.254 0.438 0.407 0.340 0.370 0.340 0.314 0.208 0.444 0.512 0.559
2004 0.496 0.595 0.520 0.366 0.220 0.111 0.223 0.143 0.340 0.329 0.453 0.491
2005 0.487 0.321 0.414 0.258 0.178 0.211 0.332 0.322 0.240 0.392 0.326 0.367
2006 0.311 -0.019 0.068 0.171 0.212 0.351 0.203 0.203 0.360 0.158 0.273 0.339
2007 0.427 0.287 0.372 0.351 0.310 0.349 0.263 0.318 0.206 0.175 -0.050 -0.104
2008 -0.296 -0.296 -0.306 -0.269 -0.353 -0.406 -0.224 -0.137 -0.114 -0.041 -0.065 0.084
2009 0.084 -0.021 0.089 0.175 0.320 0.358 0.305 0.428 0.398 0.342 0.347 0.199
2010 0.182 0.055 0.157 0.305 0.305 0.343 0.126 -0.107 -0.160 -0.221 -0.243 -0.141
2011 0.023 0.094 0.173 0.276 0.165 0.123 0.081 0.014 -0.079 -0.081 -0.013 -0.054
2012 -0.049 -0.118 -0.049 0.046 0.122 0.040 0.059 0.180 0.229 0.286 0.311 0.306
2013 0.309 0.200 0.069 0.123 0.201 0.245 0.243 0.323 0.347 0.314 0.360 0.457
2014 0.388 0.466 0.461 0.422 0.553 0.630 0.417 0.490 0.584 0.553 0.597 0.659
2015 0.666 0.601 0.444 0.545 0.432 0.392 0.209 0.202 0.192 0.084 0.308 0.233
2016 0.143 0.187 0.371 0.307 0.262 0.515 0.575 0.610 0.584 0.496 0.410 0.437
2017 0.581 0.480 0.469 0.438 0.412 0.535 0.508 0.608 0.535 0.451 0.459 0.402
2018 0.427 0.336 0.397 0.445 0.456 0.583 0.468 0.560 0.537 0.714 0.637 0.568
2019 0.407 0.166 0.188 0.261 0.452 0.576 0.753 0.729 0.635 0.710 0.590 0.597
2020 0.576 0.609 0.655 0.618 0.516 0.539 0.608 0.590 0.437 0.267 0.176 0.160
2021 0.107 0.099 0.172 0.297 0.234 0.233 0.324 0.487 0.370 0.372 0.327 0.248
2022 0.375 0.325 0.260 -0.000 0.043 0.127 0.060 0.031 0.019 0.038 0.221 0.221
2023 0.266 0.234 0.380 0.573 0.580 0.611 0.526 0.559 0.580 0.562 0.553 0.605
2024 0.902 0.631 0.615 0.741 0.821 0.826 0.712 0.749 0.650 0.591 0.606 0.530
2025 0.587 0.475 0.330 0.417 0.371 0.481 0.558 0.563 0.476 0.388 0.373 0.476
