1951 2025
1951 2.187 5.268 2.961 4.504 2.971 2.716 2.544 5.035 2.555 3.916 2.817 1.573
1952 3.279 7.556 3.407 2.324 1.862 3.155 3.123 1.685 2.999 2.943 5.585 2.756
1953 2.524 3.661 4.137 4.761 1.891 2.903 2.449 3.670 2.407 4.360 3.124 4.473
1954 3.274 4.194 2.850 2.997 2.642 2.060 5.086 3.316 2.235 1.819 3.966 5.368
1955 4.215 2.685 2.931 4.537 2.411 1.593 2.047 3.245 3.017 1.842 3.919 2.611
1956 2.834 3.872 3.391 1.107 2.911 3.985 2.571 1.905 4.662 1.812 5.368 3.437
1957 2.931 1.529 3.368 3.179 3.499 1.854 1.930 2.263 4.252 1.875 4.464 1.819
1958 2.536 3.155 2.941 3.846 1.946 2.562 1.035 3.006 5.000 2.496 4.379 2.844
1959 2.974 3.873 3.793 3.218 4.925 3.559 3.104 3.099 4.359 3.681 5.857 4.900
1960 2.530 3.339 5.885 4.244 1.937 1.749 4.279 2.597 2.639 3.346 4.581 3.333
1961 3.758 3.376 6.022 3.567 2.564 4.954 3.541 1.944 2.909 4.745 2.525 2.771
1962 1.813 2.604 3.767 4.265 3.751 1.938 1.932 2.048 1.332 2.682 4.396 4.043
1963 3.992 3.091 4.663 3.241 5.680 2.344 2.204 2.399 3.523 2.531 2.092 3.767
1964 6.566 4.666 6.367 2.998 3.289 3.641 3.401 3.135 3.125 3.792 3.096 3.082
1965 4.079 6.654 2.767 2.844 2.628 3.155 2.154 2.308 4.429 4.241 3.056 5.290
1966 3.368 2.625 1.936 4.465 2.771 3.508 2.386 1.141 3.287 3.952 5.774 7.243
1967 4.215 2.844 3.879 3.489 4.711 1.936 3.287 3.696 2.513 2.915 5.699 6.175
1968 4.134 2.772 1.893 4.094 2.812 4.093 3.357 1.817 2.695 2.944 7.075 3.987
1969 3.911 5.442 3.203 3.776 2.639 3.243 2.703 4.640 3.041 1.947 3.580 4.605
1970 3.927 2.139 4.192 2.582 3.536 4.628 4.443 3.180 2.135 1.844 2.430 3.640
1971 3.234 2.877 2.436 2.874 3.003 1.936 2.172 3.085 1.512 2.577 2.443 3.596
1972 5.945 5.851 2.991 1.904 3.080 4.343 3.399 4.055 3.523 2.316 2.140 5.080
1973 4.944 2.505 1.983 5.516 2.745 4.014 3.964 1.731 3.303 2.688 3.265 2.485
1974 5.580 3.262 4.180 4.817 3.436 3.951 6.208 2.362 3.490 5.341 3.666 4.818
1975 1.878 5.062 2.745 1.973 3.487 2.186 1.649 2.299 3.147 5.096 3.904 3.619
1976 4.678 5.065 4.496 2.498 3.351 2.767 1.159 2.641 2.142 5.694 3.490 5.907
1977 2.068 2.318 2.915 3.646 2.328 2.952 3.049 1.756 1.884 3.661 3.738 4.419
1978 3.346 2.381 3.825 2.706 3.138 1.843 2.457 1.876 1.516 3.387 3.602 4.555
1979 4.749 6.189 4.178 2.253 5.189 5.527 2.743 2.431 2.142 4.731 4.950 2.763
1980 3.796 3.028 3.572 2.497 3.135 2.346 3.184 3.568 1.942 3.270 3.201 2.766
1981 3.740 3.554 2.204 3.841 4.049 2.830 2.967 2.793 2.496 4.839 4.349 4.752
1982 3.680 5.299 3.092 2.230 1.808 3.915 1.384 2.715 3.456 5.265 3.099 2.950
1983 2.871 4.239 1.091 4.881 4.259 3.116 2.236 2.368 3.177 2.115 3.662 2.398
1984 3.380 6.439 3.457 7.173 4.302 1.847 2.775 2.595 3.156 3.351 5.781 5.955
1985 4.053 2.504 4.498 1.730 3.385 2.094 1.919 3.051 2.296 3.297 1.904 2.751
1986 2.719 5.000 5.421 3.524 3.263 3.694 4.947 2.036 1.923 2.873 4.612 3.870
1987 4.745 2.257 4.977 2.476 3.764 5.263 2.188 1.836 1.587 7.753 4.310 5.541
1988 4.380 3.718 6.012 3.039 2.984 3.435 4.026 2.393 1.219 2.917 4.144 3.029
1989 3.469 2.475 3.982 5.219 2.380 6.153 2.118 1.505 2.526 1.759 3.426 4.124
1990 3.201 3.924 2.629 3.575 4.965 2.249 2.966 2.397 3.075 4.028 4.296 4.362
1991 4.709 4.395 3.125 2.805 4.422 4.384 1.961 2.343 4.430 3.839 2.957 3.036
1992 4.986 3.035 3.309 3.432 1.853 5.294 1.824 3.456 4.020 3.047 2.744 3.301
1993 2.864 3.540 2.798 2.725 4.439 3.524 2.706 1.639 3.433 2.804 5.697 4.665
1994 3.241 6.180 2.737 4.125 1.828 3.371 2.764 1.833 2.201 1.448 3.493 3.060
1995 4.726 2.594 4.584 4.943 3.410 5.186 1.608 1.665 2.624 3.478 4.773 4.549
1996 7.610 3.295 4.537 3.475 2.393 1.600 3.292 4.942 4.036 2.961 5.695 3.947
1997 6.142 3.296 4.012 5.086 1.289 3.705 4.757 4.010 2.975 4.047 4.858 5.313
1998 2.412 3.521 3.567 3.266 2.294 4.286 3.070 3.618 4.135 2.370 2.147 2.740
1999 2.089 4.999 4.363 2.491 3.444 5.494 2.198 1.808 3.068 3.150 4.236 2.171
2000 2.883 1.595 3.187 3.994 2.554 2.060 3.345 1.928 2.455 5.720 4.651 2.443
2001 3.551 2.441 1.515 5.970 2.553 2.915 4.856 3.422 2.929 2.507 2.814 3.107
2002 3.787 2.167 2.763 4.562 3.443 2.317 3.385 5.600 3.219 1.448 2.781 4.129
2003 3.381 5.298 3.840 3.939 2.880 4.267 4.197 2.176 1.894 3.409 4.484 2.622
2004 4.364 4.097 4.088 3.662 3.251 2.773 3.128 2.352 1.031 3.187 2.786 2.265
2005 3.145 2.556 5.054 3.250 2.676 1.750 0.948 3.167 2.435 4.159 3.650 3.019
2006 5.252 3.770 2.912 4.115 2.377 1.366 3.267 2.835 2.530 3.345 3.994 3.588
2007 3.819 4.108 3.721 3.357 3.901 2.504 2.655 3.445 1.828 3.850 3.004 3.296
2008 4.437 2.710 1.788 3.219 3.236 2.875 3.059 1.707 3.073 1.834 2.481 5.719
2009 2.689 3.179 4.556 4.197 4.094 2.193 1.164 2.240 1.213 2.588 5.011 3.801
2010 2.984 3.258 4.357 2.246 5.580 2.171 6.014 2.458 2.349 1.994 2.292 4.010
2011 3.433 3.310 1.927 3.384 2.906 2.410 4.864 4.205 4.159 3.035 5.387 3.968
2012 3.656 6.193 5.158 3.347 2.949 4.277 2.441 1.707 2.492 2.865 3.354 3.621
2013 3.798 4.289 2.843 2.135 4.712 2.574 1.835 2.427 2.932 2.961 1.971 3.183
2014 5.386 6.475 2.314 3.504 2.645 1.797 4.188 2.785 3.541 4.071 6.083 1.883
2015 3.444 2.680 3.826 2.322 3.872 2.568 2.946 4.762 2.311 4.337 1.910 3.049
2016 7.226 5.141 2.426 2.736 5.542 2.098 2.990 3.092 4.706 3.909 3.094 4.761
2017 3.022 4.267 1.806 2.281 3.577 3.487 2.538 2.672 4.380 2.420 3.888 3.990
2018 4.822 3.673 3.099 2.863 6.658 3.988 3.320 3.661 2.013 3.316 6.389 3.548
2019 3.125 3.178 3.139 5.677 2.940 3.842 3.193 2.885 1.223 1.405 4.286 2.236
2020 3.401 2.458 2.580 6.063 2.975 3.844 4.388 3.351 1.706 2.995 3.304 5.421
2021 3.897 4.889 3.092 3.279 1.747 4.581 2.872 2.019 3.668 3.089 2.985 3.459
2022 3.664 2.621 5.078 2.742 2.687 2.403 4.535 4.952 2.699 2.528 5.248 3.876
2023 3.871 4.598 2.429 4.789 2.797 3.647 1.723 3.145 3.893 2.693 2.812 2.701
2024 3.192 2.273 4.825 1.981 5.609 3.578 2.725 3.818 4.393 3.858 2.535 2.799
2025 2.184 3.766 2.743 4.452 2.949 2.043 2.379 1.281 4.628 2.806 2.946 4.671
