1951 2025
1951 -999.000 -999.000 -999.000 -999.000 -999.000 -999.000 -999.000 0.020 -0.155 -999.000 -999.000 -999.000
1952 -999.000 -999.000 -999.000 -999.000 -999.000 -999.000 -999.000 0.085 -0.136 -999.000 -999.000 -999.000
1953 -999.000 -999.000 -999.000 -999.000 -999.000 -999.000 -999.000 0.137 -0.084 -999.000 -999.000 -999.000
1954 -999.000 -999.000 -999.000 -999.000 -999.000 -999.000 -999.000 0.011 -0.530 -999.000 -999.000 -999.000
1955 -999.000 -999.000 -999.000 -999.000 -999.000 -999.000 -999.000 0.429 -0.237 -999.000 -999.000 -999.000
1956 -999.000 -999.000 -999.000 -999.000 -999.000 -999.000 -999.000 0.539 -0.767 -999.000 -999.000 -999.000
1957 -999.000 -999.000 -999.000 -999.000 -999.000 -999.000 -999.000 0.166 -0.386 -999.000 -999.000 -999.000
1958 -999.000 -999.000 -999.000 -999.000 -999.000 -999.000 -999.000 0.357 -0.415 -999.000 -999.000 -999.000
1959 -999.000 -999.000 -999.000 -999.000 -999.000 -999.000 -999.000 0.155 -0.612 -999.000 -999.000 -999.000
1960 -999.000 -999.000 -999.000 -999.000 -999.000 -999.000 -999.000 0.160 -0.335 -999.000 -999.000 -999.000
1961 -999.000 -999.000 -999.000 -999.000 -999.000 -999.000 -999.000 0.683 -0.951 -999.000 -999.000 -999.000
1962 -999.000 -999.000 -999.000 -999.000 -999.000 -999.000 -999.000 0.220 -0.226 -999.000 -999.000 -999.000
1963 -999.000 -999.000 -999.000 -999.000 -999.000 -999.000 -999.000 0.543 -0.137 -999.000 -999.000 -999.000
1964 -999.000 -999.000 -999.000 -999.000 -999.000 -999.000 -999.000 0.349 -0.572 -999.000 -999.000 -999.000
1965 -999.000 -999.000 -999.000 -999.000 -999.000 -999.000 -999.000 0.565 -1.042 -999.000 -999.000 -999.000
1966 -999.000 -999.000 -999.000 -999.000 -999.000 -999.000 -999.000 0.366 -0.213 -999.000 -999.000 -999.000
1967 -999.000 -999.000 -999.000 -999.000 -999.000 -999.000 -999.000 0.756 -0.023 -999.000 -999.000 -999.000
1968 -999.000 -999.000 -999.000 -999.000 -999.000 -999.000 -999.000 -0.126 -0.225 -999.000 -999.000 -999.000
1969 -999.000 -999.000 -999.000 -999.000 -999.000 -999.000 -999.000 0.204 -0.115 -999.000 -999.000 -999.000
1970 -999.000 -999.000 -999.000 -999.000 -999.000 -999.000 -999.000 0.457 -0.544 -999.000 -999.000 -999.000
1971 -999.000 -999.000 -999.000 -999.000 -999.000 -999.000 -999.000 0.746 -0.674 -999.000 -999.000 -999.000
1972 -999.000 -999.000 -999.000 -999.000 -999.000 -999.000 -999.000 0.543 -0.933 -999.000 -999.000 -999.000
1973 -999.000 -999.000 -999.000 -999.000 -999.000 -999.000 -999.000 -0.020 0.014 -999.000 -999.000 -999.000
1974 -999.000 -999.000 -999.000 -999.000 -999.000 -999.000 -999.000 0.127 -0.701 -999.000 -999.000 -999.000
1975 -999.000 -999.000 -999.000 -999.000 -999.000 -999.000 -999.000 0.081 -0.326 -999.000 -999.000 -999.000
1976 -999.000 -999.000 -999.000 -999.000 -999.000 -999.000 -999.000 0.193 -0.144 -999.000 -999.000 -999.000
1977 -999.000 -999.000 -999.000 -999.000 -999.000 -999.000 -999.000 -0.004 -0.190 -999.000 -999.000 -999.000
1978 -999.000 -999.000 -999.000 -999.000 -999.000 -999.000 -999.000 0.049 -0.161 -999.000 -999.000 -999.000
1979 -999.000 -999.000 -999.000 -999.000 -999.000 -999.000 -999.000 0.258 0.053 -999.000 -999.000 -999.000
1980 -999.000 -999.000 -999.000 -999.000 -999.000 -999.000 -999.000 -0.530 -0.074 -999.000 -999.000 -999.000
1981 -999.000 -999.000 -999.000 -999.000 -999.000 -999.000 -999.000 0.549 0.322 -999.000 -999.000 -999.000
1982 -999.000 -999.000 -999.000 -999.000 -999.000 -999.000 -999.000 -0.044 -0.030 -999.000 -999.000 -999.000
1983 -999.000 -999.000 -999.000 -999.000 -999.000 -999.000 -999.000 -0.134 -0.144 -999.000 -999.000 -999.000
1984 -999.000 -999.000 -999.000 -999.000 -999.000 -999.000 -999.000 0.252 -0.357 -999.000 -999.000 -999.000
1985 -999.000 -999.000 -999.000 -999.000 -999.000 -999.000 -999.000 0.011 -0.561 -999.000 -999.000 -999.000
1986 -999.000 -999.000 -999.000 -999.000 -999.000 -999.000 -999.000 0.452 -0.502 -999.000 -999.000 -999.000
1987 -999.000 -999.000 -999.000 -999.000 -999.000 -999.000 -999.000 -0.423 0.379 -999.000 -999.000 -999.000
1988 -999.000 -999.000 -999.000 -999.000 -999.000 -999.000 -999.000 0.210 0.100 -999.000 -999.000 -999.000
1989 -999.000 -999.000 -999.000 -999.000 -999.000 -999.000 -999.000 0.150 -0.245 -999.000 -999.000 -999.000
1990 -999.000 -999.000 -999.000 -999.000 -999.000 -999.000 -999.000 -0.062 0.038 -999.000 -999.000 -999.000
1991 -999.000 -999.000 -999.000 -999.000 -999.000 -999.000 -999.000 0.064 0.126 -999.000 -999.000 -999.000
1992 -999.000 -999.000 -999.000 -999.000 -999.000 -999.000 -999.000 0.151 -0.482 -999.000 -999.000 -999.000
1993 -999.000 -999.000 -999.000 -999.000 -999.000 -999.000 -999.000 0.128 -0.476 -999.000 -999.000 -999.000
1994 -999.000 -999.000 -999.000 -999.000 -999.000 -999.000 -999.000 -0.101 -0.063 -999.000 -999.000 -999.000
1995 -999.000 -999.000 -999.000 -999.000 -999.000 -999.000 -999.000 -0.258 0.259 -999.000 -999.000 -999.000
1996 -999.000 -999.000 -999.000 -999.000 -999.000 -999.000 -999.000 0.407 -0.235 -999.000 -999.000 -999.000
1997 -999.000 -999.000 -999.000 -999.000 -999.000 -999.000 -999.000 -0.096 0.306 -999.000 -999.000 -999.000
1998 -999.000 -999.000 -999.000 -999.000 -999.000 -999.000 -999.000 0.089 0.191 -999.000 -999.000 -999.000
1999 -999.000 -999.000 -999.000 -999.000 -999.000 -999.000 -999.000 0.292 0.013 -999.000 -999.000 -999.000
2000 -999.000 -999.000 -999.000 -999.000 -999.000 -999.000 -999.000 -0.021 -0.386 -999.000 -999.000 -999.000
2001 -999.000 -999.000 -999.000 -999.000 -999.000 -999.000 -999.000 0.042 0.380 -999.000 -999.000 -999.000
2002 -999.000 -999.000 -999.000 -999.000 -999.000 -999.000 -999.000 -0.137 -0.144 -999.000 -999.000 -999.000
2003 -999.000 -999.000 -999.000 -999.000 -999.000 -999.000 -999.000 -0.052 0.202 -999.000 -999.000 -999.000
2004 -999.000 -999.000 -999.000 -999.000 -999.000 -999.000 -999.000 -0.187 -0.010 -999.000 -999.000 -999.000
2005 -999.000 -999.000 -999.000 -999.000 -999.000 -999.000 -999.000 -0.212 0.212 -999.000 -999.000 -999.000
2006 -999.000 -999.000 -999.000 -999.000 -999.000 -999.000 -999.000 -0.236 0.227 -999.000 -999.000 -999.000
2007 -999.000 -999.000 -999.000 -999.000 -999.000 -999.000 -999.000 -0.400 -0.050 -999.000 -999.000 -999.000
2008 -999.000 -999.000 -999.000 -999.000 -999.000 -999.000 -999.000 0.318 0.109 -999.000 -999.000 -999.000
2009 -999.000 -999.000 -999.000 -999.000 -999.000 -999.000 -999.000 -0.146 0.609 -999.000 -999.000 -999.000
2010 -999.000 -999.000 -999.000 -999.000 -999.000 -999.000 -999.000 -0.607 0.212 -999.000 -999.000 -999.000
2011 -999.000 -999.000 -999.000 -999.000 -999.000 -999.000 -999.000 0.104 0.627 -999.000 -999.000 -999.000
2012 -999.000 -999.000 -999.000 -999.000 -999.000 -999.000 -999.000 0.129 0.311 -999.000 -999.000 -999.000
2013 -999.000 -999.000 -999.000 -999.000 -999.000 -999.000 -999.000 0.064 0.272 -999.000 -999.000 -999.000
2014 -999.000 -999.000 -999.000 -999.000 -999.000 -999.000 -999.000 -0.192 0.171 -999.000 -999.000 -999.000
2015 -999.000 -999.000 -999.000 -999.000 -999.000 -999.000 -999.000 -0.250 0.200 -999.000 -999.000 -999.000
2016 -999.000 -999.000 -999.000 -999.000 -999.000 -999.000 -999.000 -0.522 0.561 -999.000 -999.000 -999.000
2017 -999.000 -999.000 -999.000 -999.000 -999.000 -999.000 -999.000 -0.110 0.573 -999.000 -999.000 -999.000
2018 -999.000 -999.000 -999.000 -999.000 -999.000 -999.000 -999.000 -0.166 -0.147 -999.000 -999.000 -999.000
2019 -999.000 -999.000 -999.000 -999.000 -999.000 -999.000 -999.000 -0.496 0.454 -999.000 -999.000 -999.000
2020 -999.000 -999.000 -999.000 -999.000 -999.000 -999.000 -999.000 -0.133 0.452 -999.000 -999.000 -999.000
2021 -999.000 -999.000 -999.000 -999.000 -999.000 -999.000 -999.000 -0.395 0.633 -999.000 -999.000 -999.000
2022 -999.000 -999.000 -999.000 -999.000 -999.000 -999.000 -999.000 0.171 0.526 -999.000 -999.000 -999.000
2023 -999.000 -999.000 -999.000 -999.000 -999.000 -999.000 -999.000 -0.389 0.784 -999.000 -999.000 -999.000
2024 -999.000 -999.000 -999.000 -999.000 -999.000 -999.000 -999.000 -0.317 0.883 -999.000 -999.000 -999.000
2025 -999.000 -999.000 -999.000 -999.000 -999.000 -999.000 -999.000 -0.221 0.920 -999.000 -999.000 -999.000
