1951 2025
1951 0.000 0.000 0.000 0.000 0.000 7.514 20.989 22.715 8.708 0.000 0.000 0.000
1952 0.000 0.000 0.000 0.000 0.074 14.040 21.976 19.531 2.895 3.136 0.000 0.000
1953 0.000 0.000 0.000 0.000 0.821 16.377 25.049 23.530 8.616 0.000 0.000 0.000
1954 0.000 0.000 0.000 0.000 0.000 2.960 18.498 18.362 6.695 0.000 0.000 0.000
1955 0.000 0.000 0.000 0.000 1.762 1.567 16.967 12.664 6.940 0.000 0.000 0.000
1956 0.000 0.000 0.000 0.000 0.000 3.022 17.463 16.704 2.866 0.000 0.000 0.000
1957 0.000 0.000 0.000 0.000 0.446 7.719 18.893 21.217 5.788 0.000 0.000 0.000
1958 0.000 0.676 0.000 3.346 0.000 14.782 22.625 21.696 12.770 0.000 0.497 0.000
1959 0.000 3.052 2.941 0.000 0.000 7.348 21.574 16.609 6.090 1.967 0.000 0.000
1960 0.000 0.000 0.000 0.000 0.000 8.573 21.579 21.257 6.969 0.000 0.000 0.000
1961 0.000 0.000 0.000 0.000 3.281 7.645 18.696 21.306 2.482 0.000 0.000 0.000
1962 0.000 0.000 0.000 0.000 0.290 4.131 19.437 19.636 10.846 0.143 0.000 0.000
1963 0.000 0.000 0.000 0.000 0.433 6.192 16.398 20.386 6.213 0.000 0.000 0.000
1964 0.588 0.000 0.733 0.513 0.366 1.885 17.696 16.129 6.459 0.000 0.000 0.000
1965 0.000 0.000 0.000 0.000 0.000 5.626 18.485 14.109 3.539 0.000 0.000 0.000
1966 0.000 0.000 0.000 0.000 0.000 8.070 18.051 19.403 6.347 0.000 0.000 0.000
1967 0.000 0.000 0.000 0.000 1.019 1.659 21.325 20.072 0.355 0.000 0.000 0.000
1968 0.000 0.000 0.000 0.000 0.000 5.605 21.529 21.165 8.088 0.000 0.000 0.000
1969 0.000 0.000 2.318 0.526 7.420 12.406 24.950 17.597 4.292 0.000 0.000 0.000
1970 0.000 0.000 0.000 6.536 3.368 14.988 21.639 19.187 11.317 0.000 0.000 0.000
1971 0.000 0.000 0.000 0.000 0.000 2.818 12.712 12.513 0.000 0.000 0.000 0.000
1972 0.000 0.000 0.000 0.000 0.000 2.640 20.440 18.404 6.628 1.623 1.383 0.000
1973 2.362 1.504 1.942 2.302 10.834 9.893 23.379 21.553 15.975 0.000 0.000 0.000
1974 0.000 0.000 0.000 0.000 0.000 1.001 17.540 16.656 6.443 0.000 0.000 0.000
1975 0.000 0.000 0.000 2.546 0.000 5.924 15.400 17.753 5.922 0.137 0.000 0.000
1976 0.000 0.000 0.000 0.000 0.000 1.223 18.998 18.451 2.200 0.000 0.793 0.000
1977 0.000 1.094 1.457 0.000 0.150 13.048 23.330 23.229 14.590 2.703 0.000 0.659
1978 0.000 0.676 0.075 0.000 1.627 16.868 19.145 21.936 3.393 0.000 0.215 0.000
1979 0.000 0.000 0.000 0.000 2.406 19.452 28.237 22.765 8.292 2.353 0.000 0.000
1980 0.000 0.000 0.515 0.000 11.592 25.657 27.929 23.828 20.412 6.174 2.167 0.000
1981 0.000 0.000 1.046 2.031 2.537 15.475 24.876 20.342 14.853 2.414 0.000 0.000
1982 0.000 0.000 0.000 2.497 7.578 20.906 24.341 27.278 15.919 0.425 0.000 0.000
1983 0.000 0.000 2.346 2.799 9.030 17.384 27.493 31.562 18.951 2.015 0.302 0.730
1984 0.000 0.000 0.000 1.114 0.000 8.772 17.451 19.449 0.650 1.936 0.000 0.000
1985 0.000 0.000 0.000 0.000 0.434 13.863 22.302 21.641 7.136 0.069 0.000 2.456
1986 0.000 0.000 0.000 0.000 1.336 14.987 26.457 19.817 13.479 0.777 2.266 1.022
1987 0.000 0.000 0.000 0.603 1.956 22.613 24.468 23.440 20.154 8.169 0.000 5.968
1988 3.079 0.000 2.316 0.745 10.542 14.120 26.968 22.502 13.292 0.291 0.000 0.000
1989 0.000 0.000 0.000 0.000 1.599 14.390 24.307 19.439 9.170 0.072 0.146 3.076
1990 0.000 0.656 0.000 0.000 4.723 22.544 23.749 25.743 16.498 0.442 0.286 0.865
1991 3.856 0.000 2.289 0.742 4.321 23.047 26.816 26.871 19.064 0.000 0.000 0.000
1992 0.000 0.000 1.415 0.000 0.075 12.477 22.863 24.439 8.841 0.000 0.000 0.650
1993 0.000 0.000 0.000 0.000 1.126 18.018 23.306 22.706 15.388 3.341 1.602 0.000
1994 0.000 0.000 0.000 0.000 2.647 19.388 24.622 23.980 13.354 0.000 1.580 0.000
1995 0.000 0.598 0.000 0.000 7.451 15.559 21.568 20.127 17.158 0.829 0.000 0.000
1996 0.000 0.000 0.000 0.000 6.887 17.200 26.078 21.587 4.755 0.359 0.000 0.000
1997 0.000 0.000 0.365 0.000 1.905 11.833 28.475 28.451 15.346 2.004 1.452 5.005
1998 0.000 5.811 2.585 9.918 14.911 24.014 28.744 28.216 17.048 10.941 0.215 0.000
1999 0.000 0.000 0.000 1.610 1.773 12.128 23.453 21.707 6.644 3.691 0.000 0.000
2000 0.000 0.000 0.000 0.000 0.751 17.896 19.763 22.750 10.952 3.172 0.146 0.577
2001 0.000 0.000 0.000 0.800 5.412 14.155 24.841 29.870 11.185 10.553 0.000 0.000
2002 2.187 1.480 1.037 1.528 5.230 20.107 31.096 25.785 12.520 1.828 3.662 3.593
2003 4.716 2.771 1.327 3.960 11.713 15.711 27.709 26.291 18.172 0.000 0.939 0.000
2004 0.000 2.518 0.371 0.224 5.680 21.406 21.886 26.348 13.075 3.307 1.601 0.000
2005 0.000 0.669 10.933 9.316 7.256 17.302 30.641 28.539 26.165 4.838 0.000 0.000
2006 0.000 1.924 0.000 1.164 9.642 20.500 31.075 26.663 20.456 12.078 0.000 3.340
2007 2.853 6.898 0.000 5.788 9.856 19.658 27.295 25.630 18.888 0.960 0.146 0.506
2008 0.000 0.000 0.000 0.219 1.568 18.012 24.788 20.080 13.682 8.340 0.000 0.578
2009 0.988 0.000 0.000 3.435 3.289 15.256 27.438 28.281 22.870 9.431 0.000 2.570
2010 1.850 5.580 10.637 8.608 16.940 28.793 31.660 28.722 16.895 3.988 0.000 0.000
2011 0.000 0.000 0.000 1.319 7.007 19.858 26.302 25.646 20.507 0.425 0.000 0.000
2012 0.000 0.000 0.000 0.000 3.869 17.616 28.071 26.442 20.666 1.668 0.886 0.000
2013 5.955 0.000 1.896 4.953 10.691 25.550 27.211 25.745 14.914 11.908 0.000 1.781
2014 2.003 0.000 0.595 1.720 8.009 21.259 30.919 27.272 21.733 8.207 6.383 0.000
2015 1.108 0.000 2.709 5.510 13.404 25.168 30.673 30.428 23.901 18.739 5.348 8.761
2016 6.941 5.492 10.637 10.962 18.180 27.970 32.243 32.658 29.875 8.564 0.882 5.009
2017 1.481 0.000 0.228 2.880 14.945 25.285 33.429 30.453 25.140 11.886 2.082 3.589
2018 0.000 3.591 1.328 2.370 12.653 24.827 33.990 32.507 19.404 6.697 5.519 5.945
2019 2.833 7.259 6.519 9.301 10.481 23.450 32.228 31.650 28.858 7.275 3.956 2.137
2020 6.033 8.260 9.578 13.436 14.644 22.699 29.766 30.981 23.962 10.573 5.545 0.976
2021 2.289 0.000 3.080 3.268 15.366 24.991 32.241 30.932 25.313 10.755 2.343 2.925
2022 0.000 0.000 1.114 2.520 13.035 16.202 31.597 29.496 21.552 5.423 3.575 0.000
2023 0.000 3.695 1.919 1.492 13.797 20.868 31.787 31.916 27.230 20.342 15.295 8.424
2024 13.463 10.652 11.749 14.953 17.134 27.551 33.166 33.148 24.879 23.130 9.910 6.238
2025 11.070 6.488 9.525 8.481 16.149 28.039 33.270 31.671 27.654 14.760 8.157 1.173
