1951 2025
1951 10.414 9.495 11.143 10.210 11.971 9.291 8.090 6.955 7.836 9.851 17.013 16.191
1952 13.228 5.441 10.243 12.384 11.033 9.093 7.472 10.206 10.404 15.464 11.157 12.838
1953 10.397 8.434 12.538 6.941 8.781 4.672 7.364 8.489 12.767 12.779 10.953 11.186
1954 8.972 9.825 12.588 9.603 6.509 7.734 5.330 8.934 12.963 13.515 12.682 7.939
1955 12.547 9.718 12.232 10.393 11.698 8.785 6.217 8.410 10.784 16.126 15.544 16.367
1956 9.722 1.381 8.903 12.073 11.114 6.145 6.024 10.328 12.030 16.137 8.997 7.131
1957 13.242 7.962 11.252 12.048 8.868 8.333 3.909 6.645 10.575 17.635 15.205 16.442
1958 11.129 13.173 10.735 10.655 13.026 7.710 7.668 7.691 11.150 13.882 14.213 15.493
1959 11.805 10.508 10.858 12.946 10.160 5.894 5.688 5.977 11.153 12.528 7.538 10.541
1960 9.414 15.463 9.095 9.658 7.055 7.293 5.097 8.023 9.179 15.840 14.765 8.695
1961 10.255 11.363 13.579 15.328 11.154 8.758 6.282 9.487 11.666 11.043 13.732 12.509
1962 14.092 9.977 11.947 11.011 9.600 10.009 5.533 11.325 10.903 14.180 10.695 14.770
1963 8.027 11.685 13.021 10.939 9.964 8.073 6.783 7.099 10.548 13.675 14.464 14.537
1964 13.167 5.495 10.873 13.919 12.081 8.909 5.901 8.538 11.891 11.746 16.708 13.200
1965 11.677 7.833 11.161 9.868 12.496 9.835 7.303 9.913 10.085 15.180 15.024 13.696
1966 11.192 16.681 12.078 10.426 10.933 7.253 7.567 10.038 14.662 15.932 13.906 4.843
1967 13.610 10.054 12.908 11.169 11.019 7.213 5.851 7.243 10.475 14.887 10.007 12.690
1968 7.915 7.795 15.404 14.217 12.387 9.933 7.828 7.510 10.501 15.972 17.011 12.348
1969 7.396 7.042 12.421 14.910 11.656 9.324 5.918 5.442 11.996 13.844 14.807 6.738
1970 10.294 10.385 6.121 15.163 11.030 7.850 6.846 10.145 9.151 14.726 16.851 11.334
1971 15.870 6.327 10.035 13.075 10.653 8.815 6.468 9.584 11.047 17.293 16.378 11.888
1972 9.350 9.935 11.517 12.438 12.024 7.172 4.522 7.891 10.337 12.721 16.879 14.004
1973 13.687 11.020 10.009 11.903 9.295 8.402 5.734 8.284 13.570 15.942 17.846 15.435
1974 8.304 9.621 6.796 10.418 10.351 7.706 7.542 9.054 10.321 12.593 15.243 10.590
1975 13.863 9.464 11.391 11.734 10.096 9.354 8.062 10.793 12.982 14.131 16.044 14.503
1976 12.640 11.842 7.568 11.261 10.412 8.158 7.056 7.242 10.968 13.203 13.148 8.787
1977 5.727 11.278 15.760 10.920 8.756 7.471 7.435 9.227 15.409 17.837 14.810 13.496
1978 12.777 10.899 11.987 12.082 10.050 9.213 9.292 10.200 14.634 15.862 18.161 16.425
1979 14.077 14.919 12.041 10.579 12.302 10.064 7.599 9.723 12.811 15.306 16.724 15.339
1980 8.227 7.645 8.639 9.183 11.222 8.622 7.780 8.235 10.626 12.391 18.743 13.038
1981 9.588 7.784 14.461 14.171 9.657 7.151 8.404 6.087 11.332 11.099 10.231 15.359
1982 14.938 9.556 12.034 13.321 11.454 9.698 5.734 10.966 13.627 15.967 17.311 15.896
1983 15.204 8.040 11.462 11.481 10.346 5.814 6.777 10.086 10.751 16.464 18.555 14.560
1984 8.824 5.145 7.251 12.193 7.759 7.798 7.294 10.084 10.527 15.320 14.389 10.433
1985 10.812 6.094 11.026 14.547 11.682 7.362 8.223 10.472 10.911 14.662 11.921 13.437
1986 10.777 8.825 12.703 11.736 12.858 6.871 8.116 9.921 16.678 14.217 12.943 16.423
1987 13.646 14.145 7.715 12.715 11.064 10.632 7.126 8.686 13.739 11.020 13.656 18.229
1988 11.410 8.232 8.333 16.091 8.275 7.678 5.766 10.297 11.643 15.258 15.893 12.997
1989 16.520 15.552 12.109 10.683 10.282 6.525 7.660 11.833 11.248 16.751 13.777 15.554
1990 13.708 15.645 16.486 9.944 13.167 7.315 6.535 8.660 13.010 16.865 18.735 14.506
1991 11.185 9.873 10.952 9.590 9.221 8.149 5.302 9.526 12.377 13.748 14.463 13.471
1992 14.416 11.704 11.539 12.525 9.877 8.312 7.959 10.548 8.203 16.804 17.678 13.859
1993 15.887 12.150 11.936 9.544 10.222 8.390 6.634 9.735 12.103 16.795 10.623 15.343
1994 15.070 10.393 13.520 11.475 12.321 10.424 6.065 9.927 12.356 15.783 18.800 12.314
1995 11.488 13.515 12.438 10.083 9.572 8.485 8.720 8.437 10.479 17.485 14.859 13.615
1996 7.725 11.162 5.534 10.801 11.993 8.701 8.137 10.162 10.591 13.779 12.804 14.788
1997 13.392 16.567 13.493 12.006 11.579 8.910 7.668 8.530 11.176 13.698 17.029 14.941
1998 9.096 18.788 12.667 16.869 13.000 8.593 6.839 9.822 14.702 18.927 12.801 15.743
1999 12.524 11.469 9.847 14.474 11.232 8.345 8.525 12.959 10.952 13.029 13.582 14.989
2000 11.940 12.181 12.201 11.085 11.658 9.694 7.041 10.943 12.661 11.476 11.179 11.874
2001 9.632 12.112 13.100 13.211 11.716 8.063 6.820 10.266 10.781 15.137 15.462 9.428
2002 16.407 17.524 14.801 9.086 10.076 8.339 7.723 8.368 13.938 12.711 12.169 10.976
2003 15.546 9.111 12.132 11.678 12.362 9.334 3.956 7.440 11.001 14.011 12.998 16.000
2004 9.677 11.915 11.220 12.469 10.407 10.988 6.884 9.550 14.200 16.637 17.014 13.036
2005 9.502 5.410 12.224 12.817 9.670 9.160 6.740 9.125 11.988 14.005 10.810 6.417
2006 8.312 10.368 13.638 12.328 11.769 7.019 6.852 9.420 12.843 17.990 12.619 16.091
2007 16.152 16.107 9.120 10.613 13.979 10.405 7.771 10.129 13.377 12.523 13.899 11.532
2008 9.942 13.438 14.414 14.459 8.619 9.210 7.693 11.359 10.170 15.908 15.900 11.405
2009 11.311 10.970 11.510 12.011 13.260 6.885 6.938 8.543 11.499 14.077 14.300 11.033
2010 7.368 9.698 13.437 10.133 8.465 12.367 6.744 11.034 13.453 14.789 16.378 11.127
2011 7.227 13.327 12.370 11.599 9.053 7.342 6.871 10.389 11.698 15.256 13.707 12.348
2012 5.802 5.581 11.299 13.093 10.817 7.569 7.077 12.185 13.159 13.406 13.244 8.273
2013 10.985 9.269 14.547 11.856 9.626 6.494 5.847 8.096 11.996 17.197 16.667 13.777
2014 12.317 10.324 12.934 13.594 9.947 8.637 5.541 9.182 11.417 15.443 13.538 13.206
2015 15.361 12.511 13.085 14.006 10.632 9.314 11.095 9.489 10.346 13.508 15.108 16.369
2016 7.182 12.843 11.316 10.102 10.152 6.730 7.580 10.208 9.097 8.027 13.185 17.342
2017 11.725 11.739 11.234 15.403 14.628 9.986 9.441 9.280 9.782 14.808 14.599 11.673
2018 9.441 6.788 16.838 14.434 11.096 8.147 5.109 9.971 11.750 14.233 12.855 9.715
2019 14.009 12.431 14.463 10.546 10.772 8.306 7.268 8.908 14.496 17.063 13.188 14.311
2020 16.897 14.884 16.008 12.018 9.984 5.591 8.772 8.362 10.296 13.381 13.307 10.433
2021 10.557 13.866 16.864 12.302 9.626 7.209 7.776 7.045 10.310 15.550 16.789 15.086
2022 11.100 11.051 10.828 12.909 11.975 8.306 7.175 8.007 13.837 15.632 12.517 11.660
2023 13.528 12.278 19.033 10.127 8.721 8.640 8.966 7.768 11.141 17.634 13.014 14.635
2024 14.461 13.321 12.362 14.239 11.120 9.049 6.535 11.072 10.868 15.777 15.533 11.964
2025 14.298 7.664 13.871 13.768 10.839 11.453 8.083 8.802 11.070 11.154 18.065 13.516
