1951 2025
1951 0.000 0.000 0.000 0.000 0.788 3.003 11.607 13.562 9.726 5.490 6.224 1.174
1952 0.000 2.005 0.000 0.000 0.000 12.840 10.717 10.563 6.162 2.403 1.789 0.000
1953 0.000 2.740 0.000 0.875 2.169 12.289 13.794 12.086 5.123 4.156 5.873 0.437
1954 0.000 0.000 0.000 0.000 0.140 7.100 4.553 5.664 2.830 1.254 1.372 0.000
1955 0.000 0.000 0.000 0.000 0.424 1.895 2.817 4.001 3.604 1.000 0.000 0.000
1956 0.000 0.000 0.000 0.000 0.000 1.423 1.616 1.556 1.090 0.000 1.428 0.000
1957 0.000 0.000 0.000 0.000 0.075 8.800 7.435 7.135 6.288 2.023 2.581 1.027
1958 3.936 0.000 1.713 1.772 3.013 9.786 9.446 8.659 7.465 0.664 2.134 1.391
1959 0.000 0.000 0.956 0.000 0.000 7.044 3.560 2.555 4.244 4.689 2.074 0.940
1960 0.000 0.000 0.000 0.000 0.000 5.954 7.106 11.953 4.745 1.843 0.000 2.682
1961 0.000 0.000 0.000 0.000 0.933 0.752 1.822 6.470 2.513 0.000 0.000 0.000
1962 0.000 0.000 0.000 0.000 0.792 0.346 4.506 14.322 5.263 3.151 0.567 0.000
1963 0.000 0.000 0.000 0.000 0.000 1.170 1.745 0.803 8.134 0.741 0.000 1.894
1964 0.000 0.890 0.000 0.000 0.000 0.767 7.950 4.515 6.371 1.890 0.000 0.000
1965 0.000 0.000 0.000 0.000 1.263 5.726 2.385 0.935 3.018 1.275 3.319 0.733
1966 1.853 0.000 0.000 0.000 0.000 9.862 6.435 7.790 4.102 0.000 0.506 0.000
1967 0.000 0.000 0.000 0.000 0.000 0.351 2.488 4.515 2.869 3.117 0.281 0.000
1968 0.000 0.000 0.000 0.000 0.000 6.815 6.342 1.875 0.000 0.406 0.437 0.000
1969 0.000 0.000 2.615 1.045 1.780 10.859 11.335 5.615 3.938 1.545 2.877 2.624
1970 0.000 0.000 0.739 0.964 0.000 10.767 6.987 5.016 1.884 0.000 0.000 0.000
1971 0.000 0.000 0.000 0.000 0.000 1.799 2.045 2.025 0.201 2.917 0.286 0.000
1972 0.000 0.000 0.000 0.000 0.000 0.000 1.244 2.268 0.206 3.605 5.048 2.938
1973 0.000 6.575 5.680 2.099 0.514 9.031 6.125 7.597 12.380 0.211 1.449 1.083
1974 0.000 0.000 0.000 0.000 0.000 0.000 2.073 1.476 0.000 5.951 1.568 0.437
1975 0.000 0.000 0.000 0.000 0.000 2.389 4.546 2.600 1.602 0.953 0.000 0.000
1976 0.000 0.000 0.000 0.000 0.000 0.000 5.034 8.870 2.076 3.102 3.689 0.000
1977 0.000 2.370 3.112 0.000 0.000 6.883 3.048 5.233 3.880 5.225 2.648 1.261
1978 0.000 5.242 0.000 1.849 0.000 9.253 4.248 9.531 5.875 5.977 3.245 3.374
1979 0.000 0.000 0.000 0.732 4.664 10.906 20.949 4.422 9.189 7.912 3.746 0.000
1980 0.000 0.000 0.000 3.489 7.307 17.686 14.903 12.003 8.314 11.589 7.538 0.000
1981 1.190 0.000 2.449 4.737 1.013 14.770 11.215 2.804 8.996 4.271 7.314 2.131
1982 0.000 0.000 0.000 0.370 5.059 11.768 10.326 5.217 5.687 0.425 3.386 7.213
1983 12.189 10.503 13.485 5.157 9.349 18.790 23.576 22.729 9.433 11.863 7.721 2.213
1984 0.000 0.000 2.751 0.000 0.992 4.891 0.434 2.956 0.978 2.934 1.940 0.000
1985 0.000 0.000 0.000 0.000 0.000 6.451 5.582 6.453 7.052 2.970 0.291 2.340
1986 0.000 0.000 0.000 2.739 0.000 6.903 12.945 1.843 4.411 10.645 4.761 5.787
1987 5.039 1.572 3.443 5.213 3.553 14.740 14.170 13.949 6.440 10.015 11.336 7.836
1988 6.260 0.521 5.130 5.149 7.871 14.780 20.714 13.920 5.675 5.178 4.710 2.110
1989 0.000 0.000 0.000 0.000 3.243 7.239 13.805 3.682 5.130 2.547 0.364 0.663
1990 0.000 0.000 0.825 2.322 2.181 6.635 6.419 15.614 8.641 4.171 1.227 1.099
1991 0.150 0.000 2.072 1.170 9.899 7.004 14.410 10.272 9.673 2.190 3.730 2.780
1992 2.146 0.000 4.658 0.299 0.000 6.247 10.316 10.711 0.682 0.069 2.828 0.074
1993 0.000 0.000 0.954 4.368 4.181 8.560 11.530 8.640 5.591 5.470 4.545 3.496
1994 0.000 0.000 0.000 0.000 2.240 10.008 5.968 7.773 0.906 1.298 2.331 8.052
1995 1.859 0.000 0.000 3.895 1.461 17.115 10.843 12.768 18.007 6.377 2.705 4.530
1996 0.000 0.000 0.000 0.293 5.704 10.775 11.903 3.753 1.401 4.271 2.218 0.000
1997 0.000 0.000 0.000 0.886 0.810 8.936 11.296 14.890 7.557 11.211 8.812 8.765
1998 12.695 16.167 13.156 14.817 17.071 24.737 24.705 31.189 7.183 10.307 7.552 4.832
1999 0.000 1.842 0.000 1.614 1.423 9.426 7.513 13.156 9.700 6.759 0.655 2.728
2000 0.000 0.000 1.038 1.187 0.000 6.064 1.984 3.132 1.143 5.614 5.443 4.181
2001 2.224 0.000 0.224 5.567 4.504 5.841 6.160 16.630 6.219 6.952 3.476 4.210
2002 2.088 6.264 5.286 1.039 3.263 14.123 20.684 11.838 5.884 4.413 10.561 10.009
2003 7.706 0.598 1.725 2.448 0.948 7.325 18.205 25.247 15.672 8.605 5.435 6.346
2004 1.805 2.015 4.558 4.149 4.784 3.424 10.970 17.621 7.938 3.951 6.969 2.511
2005 1.194 6.465 9.036 9.044 4.319 12.431 22.748 19.460 22.065 10.163 6.831 5.857
2006 0.000 2.816 0.000 3.793 4.737 16.055 24.399 8.922 4.872 6.919 5.596 11.268
2007 9.893 0.000 0.224 8.852 8.065 13.543 20.433 19.523 12.064 10.136 4.363 3.820
2008 0.964 0.000 0.000 0.000 3.444 9.033 12.898 11.855 11.808 13.116 7.967 2.496
2009 1.640 1.188 1.042 6.116 0.651 13.305 19.323 21.117 18.297 7.257 6.068 3.494
2010 5.312 7.820 8.633 12.384 17.810 34.440 35.190 31.422 18.220 9.426 4.733 0.000
2011 0.000 0.000 0.000 0.817 6.378 14.117 11.461 19.215 16.651 6.614 3.996 5.931
2012 0.000 1.114 0.000 3.214 1.362 11.757 11.866 15.008 9.570 2.699 6.086 3.866
2013 3.747 7.295 6.062 6.371 10.511 15.593 13.678 23.762 11.484 4.356 4.103 4.092
2014 0.967 0.000 4.640 8.334 11.323 12.326 25.706 25.426 16.918 9.301 11.015 8.220
2015 4.033 0.000 4.931 4.734 17.314 23.063 25.927 20.558 14.895 23.650 11.953 14.048
2016 17.620 14.178 16.214 19.240 21.217 33.564 30.542 23.577 27.064 18.602 13.152 6.651
2017 1.562 2.016 2.918 8.975 16.561 28.169 34.089 31.634 26.113 13.303 5.455 7.495
2018 0.000 1.481 0.000 0.370 16.687 22.011 22.076 24.153 13.064 9.607 10.571 9.144
2019 7.891 8.469 8.695 14.971 21.282 31.557 27.970 27.280 28.705 8.843 7.342 8.746
2020 8.357 9.478 9.430 15.660 29.029 32.125 31.519 35.124 29.846 15.156 17.444 9.944
2021 3.510 1.771 0.521 0.888 18.554 26.004 27.091 36.814 30.770 18.708 10.165 4.583
2022 0.000 1.633 1.544 3.213 20.497 19.728 31.171 31.704 18.290 13.996 11.194 2.706
2023 0.812 1.987 0.752 0.372 10.891 31.325 40.205 32.158 35.791 27.958 17.071 18.779
2024 16.007 15.355 16.312 16.435 23.471 37.800 44.078 45.699 35.489 27.413 16.623 16.222
2025 6.443 7.976 6.950 10.768 15.739 34.024 28.932 38.025 32.700 21.040 13.642 0.891
