1951 2025
1951 -0.192 -0.314 -0.876 -0.049 -0.436 -0.230 -0.439 -0.076 -0.283 -0.210 -0.108 -0.129
1952 -0.363 -0.561 -0.027 0.157 -0.287 -0.188 -0.121 -0.502 -0.692 -0.211 -0.304 -0.343
1953 -0.591 -0.564 0.372 0.044 -0.596 -0.404 0.096 -0.216 0.010 -0.117 0.049 -0.201
1954 -0.484 -0.433 0.184 -0.563 -0.612 -0.497 -0.581 -0.543 -0.274 -0.413 -0.314 -0.866
1955 -0.153 -0.120 -0.575 -0.493 0.055 -0.596 -0.981 -0.771 -0.323 -0.890 -0.569 -0.194
1956 -1.020 -0.890 0.157 -0.259 -0.013 -0.455 -0.522 -0.925 -0.646 -0.838 -0.688 -0.385
1957 -0.052 0.160 -0.313 -0.357 -0.820 -0.316 -0.736 -0.710 -0.668 -0.377 -0.441 -0.401
1958 -0.484 0.253 -0.463 -0.147 0.099 0.023 -0.644 -0.391 0.005 -0.532 -0.476 0.177
1959 -0.552 -0.311 0.752 0.114 -0.541 -0.255 -0.705 -1.123 -0.745 -0.101 -0.196 -0.183
1960 -0.316 0.514 -0.100 -0.416 -0.375 -0.335 -0.644 -0.601 -0.462 -0.657 0.137 -0.649
1961 -0.160 -0.053 -0.115 0.121 -0.220 -0.095 -0.906 -0.821 -0.572 -0.598 -0.525 -0.272
1962 -0.013 -0.361 -0.822 -0.373 -0.202 -0.516 -0.884 -0.652 -0.087 -0.628 -0.488 -0.454
1963 -0.801 0.056 0.374 -0.407 -0.251 -0.559 -0.926 -0.879 -0.393 -0.620 -0.051 -0.041
1964 0.118 -0.394 0.490 -0.211 0.453 -0.435 -0.913 -0.893 -0.521 -0.600 -0.339 -0.920
1965 -0.454 -0.466 0.101 -0.734 -0.148 -0.286 -1.029 -1.095 -0.954 -0.752 0.082 -0.342
1966 -0.134 0.537 -0.489 0.006 0.405 -0.243 -0.970 -0.498 -0.630 -0.695 -0.279 -0.806
1967 -0.160 -0.258 -0.315 -0.903 0.208 -0.471 -0.325 -0.631 -0.431 -0.342 -0.419 -0.793
1968 -0.885 -0.167 -0.109 -0.046 -0.009 -0.172 -0.579 -0.760 -0.170 -0.453 -0.116 -0.300
1969 -0.892 -0.272 0.140 -0.322 0.034 0.048 -0.127 -0.562 -0.314 -0.116 -0.250 -0.634
1970 -0.245 0.072 -0.655 0.132 -0.075 -0.089 -0.536 -0.479 -0.205 -0.467 -0.022 -0.445
1971 0.005 -0.421 -0.436 -0.369 -0.041 -0.334 -0.938 -1.155 -0.692 -0.550 -0.709 -0.580
1972 -0.143 0.018 -0.361 -0.541 -0.183 -0.260 -0.852 -0.921 -1.054 -0.689 0.062 -0.093
1973 0.333 -0.308 0.192 -0.067 0.243 -0.179 -0.534 -0.424 0.109 -0.612 -0.082 -0.646
1974 -0.334 -0.142 -0.095 -0.651 -0.235 -0.487 -0.860 -0.791 -0.685 -0.701 -0.149 -0.691
1975 0.034 -0.133 -0.092 -0.089 -0.352 -0.580 -0.838 -0.892 -0.083 -0.450 -0.432 -0.954
1976 -0.616 -0.245 -0.537 -0.586 -0.039 -0.617 -0.958 -1.005 -0.686 -0.171 -0.317 -0.259
1977 -0.722 0.293 0.506 -0.213 -0.398 -0.142 -0.497 -0.206 0.014 0.099 -0.049 0.077
1978 -0.210 0.265 0.114 -0.148 -0.211 0.291 -0.362 -0.627 -0.482 -0.376 -0.252 0.556
1979 -0.301 0.251 -0.568 0.056 0.147 0.252 0.069 -0.500 -0.349 0.072 0.098 -0.014
1980 -0.597 -0.092 -0.247 -0.253 -0.632 0.387 0.068 -0.052 0.250 0.093 -0.060 -0.494
1981 -0.481 -0.335 0.009 -0.195 0.112 0.039 0.113 -0.519 -0.003 0.202 -0.021 0.116
1982 -0.104 0.073 -0.110 -0.439 0.102 0.353 -0.477 -0.064 0.204 0.010 0.117 -0.304
1983 0.078 -0.381 -0.263 0.187 0.141 -0.170 -0.283 -0.024 0.424 0.044 -0.111 -0.047
1984 -0.227 -0.316 -0.168 0.014 0.025 -0.222 -0.482 -0.736 -0.629 0.415 0.146 -0.379
1985 -0.394 -0.180 0.116 -0.147 -0.266 0.016 -0.304 -0.076 -0.181 -0.159 -0.002 0.247
1986 -0.199 -0.075 0.402 -0.028 0.306 0.072 -0.029 -0.309 -0.269 0.145 0.141 0.295
1987 0.169 0.224 -0.362 0.126 -0.216 0.208 -0.487 -0.187 0.719 0.193 -0.001 0.451
1988 0.405 -0.226 0.025 0.066 -0.337 -0.367 0.454 -0.004 0.500 -0.340 -0.303 -0.302
1989 0.524 0.143 -0.028 0.135 0.081 -0.183 0.056 -0.302 -0.085 -0.155 -0.450 0.275
1990 0.128 0.228 0.632 -0.457 -0.056 0.056 -0.185 0.060 -0.255 -0.115 -0.077 -0.225
1991 0.188 -0.055 0.057 -0.254 -0.498 -0.193 -0.053 -0.040 -0.104 -0.602 -0.017 -0.370
1992 0.140 -0.022 0.001 -0.125 0.618 -0.200 -0.517 0.113 -0.203 -0.786 0.160 -0.166
1993 0.332 -0.273 0.381 -0.272 -0.448 -0.102 -0.261 -0.205 -0.296 -0.347 -0.136 0.077
1994 -0.083 0.221 0.290 0.013 0.187 0.150 -0.119 0.096 0.072 -0.498 0.101 0.028
1995 -0.107 0.246 -0.407 -0.151 -0.244 -0.396 -0.505 -0.467 -0.275 0.044 -0.268 0.053
1996 -0.196 -0.324 -0.206 0.021 0.086 -0.174 -0.022 -0.263 -0.475 -0.006 0.222 -0.204
1997 -0.054 0.287 -0.083 -0.649 -0.080 -0.308 -0.063 -0.007 -0.056 -0.297 0.165 0.309
1998 -0.222 0.396 -0.006 0.659 -0.126 0.009 0.498 0.681 -0.076 0.374 0.273 0.244
1999 -0.037 -0.407 -0.769 0.262 0.087 0.032 -0.104 -0.122 0.090 -0.003 -0.183 -0.046
2000 -0.348 0.094 -0.353 0.160 0.344 0.378 -0.293 -0.146 -0.005 0.206 0.157 0.400
2001 0.242 -0.040 0.008 0.054 0.228 -0.008 0.185 0.554 -0.218 0.325 -0.254 -0.136
2002 0.362 0.319 0.043 -0.186 0.050 0.254 0.354 -0.093 -0.246 0.242 0.247 0.307
2003 0.171 -0.072 0.425 -0.016 0.446 0.275 0.472 0.234 0.373 -0.076 0.364 -0.080
2004 -0.404 0.143 0.310 0.131 -0.435 0.411 -0.197 0.087 0.179 -0.044 -0.394 -0.317
2005 -0.455 -0.567 0.278 0.377 -0.044 -0.266 0.438 0.203 0.524 0.222 -0.013 -0.276
2006 -0.059 -0.120 -0.446 0.291 0.161 0.063 0.441 0.064 0.352 0.359 0.327 0.261
2007 0.476 0.658 0.182 -0.201 0.330 0.105 0.052 0.151 -0.127 0.034 -0.404 0.046
2008 -0.047 0.111 0.145 0.401 -0.345 0.189 0.153 -0.059 -0.172 0.107 -0.173 -0.247
2009 0.248 -0.147 -0.215 -0.042 0.326 -0.399 0.243 0.625 0.276 0.438 0.400 0.288
2010 -0.045 0.398 0.112 0.265 -0.535 0.377 0.923 0.754 -0.038 0.070 -0.014 -0.300
2011 -0.570 0.113 0.162 -0.431 -0.183 0.005 0.118 0.344 0.490 -0.055 0.039 -0.171
2012 -0.598 -0.556 -0.103 0.019 0.086 -0.103 0.319 0.436 0.131 0.096 0.234 -0.064
2013 0.075 -0.126 -0.379 0.184 0.196 0.151 0.173 0.133 -0.189 0.301 -0.218 0.163
2014 0.164 0.519 0.225 0.022 0.205 -0.041 0.475 0.540 0.190 0.508 0.151 -0.113
2015 0.272 -0.049 0.478 0.159 0.188 0.321 0.367 0.612 0.324 0.495 0.369 0.584
2016 -0.092 0.495 0.226 0.415 -0.198 0.315 0.920 0.843 0.857 0.650 0.173 0.476
2017 -0.014 0.087 0.424 0.008 0.036 0.522 0.711 0.845 0.378 0.556 0.282 0.138
2018 -0.066 -0.301 0.043 0.243 0.081 0.037 0.788 0.451 0.114 0.184 0.184 0.141
2019 -0.143 -0.036 0.386 0.043 -0.612 0.194 0.410 0.790 0.408 0.384 0.040 0.232
2020 0.474 0.165 0.548 0.015 -0.105 0.003 0.531 0.590 0.540 0.388 0.102 -0.021
2021 -0.130 0.457 0.429 0.184 0.026 0.346 0.889 0.664 0.497 0.417 -0.201 0.100
2022 -0.327 -0.019 0.325 0.108 0.388 0.007 0.786 0.526 -0.070 0.311 0.379 0.054
2023 -0.041 -0.178 0.260 0.129 0.269 -0.085 1.004 0.995 0.794 0.698 0.419 0.482
2024 0.412 0.341 0.359 0.670 0.085 0.474 1.053 1.336 0.543 0.647 0.325 0.113
2025 0.563 0.293 0.187 0.380 0.060 0.672 0.724 0.892 0.855 0.534 0.327 0.164
