1951 2025
1951 -999.000 -999.000 -999.000 -999.000 -999.000 27.494 38.775 37.504 31.427 -999.000 -999.000 -999.000
1952 -999.000 -999.000 -999.000 -999.000 -999.000 33.942 41.221 38.270 34.757 29.286 -999.000 -999.000
1953 -999.000 -999.000 -999.000 -999.000 -999.000 33.749 39.944 38.355 33.939 -999.000 -999.000 -999.000
1954 -999.000 -999.000 -999.000 -999.000 -999.000 31.184 39.305 37.869 34.234 -999.000 -999.000 -999.000
1955 -999.000 -999.000 -999.000 -999.000 -999.000 26.271 40.051 41.022 31.838 -999.000 -999.000 -999.000
1956 -999.000 -999.000 -999.000 -999.000 -999.000 37.434 37.138 35.798 34.326 -999.000 -999.000 -999.000
1957 -999.000 -999.000 -999.000 -999.000 17.595 25.171 37.557 37.383 32.623 -999.000 -999.000 -999.000
1958 -999.000 15.361 -999.000 19.368 -999.000 32.682 38.055 37.483 33.715 -999.000 24.759 -999.000
1959 -999.000 23.764 21.312 -999.000 -999.000 27.014 39.448 39.207 31.943 28.131 -999.000 -999.000
1960 -999.000 -999.000 -999.000 -999.000 -999.000 31.958 37.402 38.602 32.063 -999.000 -999.000 -999.000
1961 -999.000 -999.000 -999.000 -999.000 23.221 30.617 36.674 38.379 34.094 -999.000 -999.000 -999.000
1962 -999.000 -999.000 -999.000 -999.000 21.879 27.066 36.349 37.514 32.052 22.829 -999.000 -999.000
1963 -999.000 -999.000 -999.000 -999.000 23.783 27.263 36.802 37.405 32.585 -999.000 -999.000 -999.000
1964 19.880 -999.000 20.822 20.655 -999.000 28.519 37.690 35.696 32.098 -999.000 -999.000 -999.000
1965 -999.000 -999.000 -999.000 -999.000 -999.000 28.861 37.479 35.092 33.896 -999.000 -999.000 -999.000
1966 -999.000 -999.000 -999.000 -999.000 -999.000 28.462 38.170 36.267 29.115 -999.000 -999.000 -999.000
1967 -999.000 -999.000 -999.000 -999.000 21.986 28.328 37.077 37.108 -999.000 -999.000 -999.000 -999.000
1968 -999.000 -999.000 -999.000 -999.000 -999.000 30.488 39.335 38.213 27.787 -999.000 -999.000 -999.000
1969 -999.000 -999.000 18.246 15.174 16.457 26.942 38.901 36.594 30.449 -999.000 -999.000 -999.000
1970 -999.000 -999.000 -999.000 22.830 13.722 27.375 38.154 37.843 35.329 -999.000 -999.000 -999.000
1971 -999.000 -999.000 -999.000 -999.000 -999.000 24.423 36.520 35.862 -999.000 -999.000 -999.000 -999.000
1972 -999.000 -999.000 -999.000 -999.000 -999.000 20.048 37.231 36.628 32.994 26.988 22.236 -999.000
1973 20.612 16.001 18.750 18.809 21.480 27.098 37.668 37.880 31.504 -999.000 -999.000 -999.000
1974 -999.000 -999.000 -999.000 -999.000 -999.000 31.582 36.768 34.042 32.701 -999.000 -999.000 -999.000
1975 -999.000 -999.000 -999.000 23.293 -999.000 25.139 35.978 38.067 34.931 29.433 -999.000 -999.000
1976 -999.000 -999.000 -999.000 -999.000 -999.000 33.335 36.289 37.656 26.695 -999.000 23.137 -999.000
1977 -999.000 21.307 22.303 -999.000 -999.000 31.593 39.869 38.768 32.098 24.157 -999.000 20.994
1978 -999.000 16.580 15.277 -999.000 20.775 32.830 38.163 38.576 31.266 -999.000 22.724 -999.000
1979 -999.000 -999.000 -999.000 -999.000 18.224 30.876 37.982 37.442 35.033 26.007 -999.000 -999.000
1980 -999.000 -999.000 19.461 -999.000 20.523 33.509 39.892 37.664 35.216 25.391 24.918 -999.000
1981 -999.000 -999.000 16.882 23.082 18.768 33.129 39.065 36.477 30.549 27.244 -999.000 -999.000
1982 -999.000 -999.000 -999.000 22.177 18.901 30.225 38.543 39.035 31.905 -999.000 -999.000 -999.000
1983 -999.000 -999.000 14.804 16.017 21.563 25.181 39.448 41.989 32.883 25.516 -999.000 21.257
1984 -999.000 -999.000 -999.000 18.225 -999.000 26.194 37.294 36.770 -999.000 25.290 -999.000 -999.000
1985 -999.000 -999.000 -999.000 -999.000 21.799 30.473 38.436 37.583 32.825 27.500 -999.000 23.726
1986 -999.000 -999.000 -999.000 -999.000 -999.000 30.791 38.790 37.484 32.804 24.195 27.077 21.466
1987 -999.000 -999.000 -999.000 14.136 14.920 31.605 37.885 38.078 30.313 28.082 -999.000 22.233
1988 23.358 -999.000 17.987 16.738 19.944 26.343 39.450 39.438 32.619 21.746 -999.000 -999.000
1989 -999.000 -999.000 -999.000 -999.000 24.567 30.019 39.153 35.757 33.834 22.550 20.603 20.757
1990 -999.000 22.155 -999.000 -999.000 21.734 33.868 38.072 38.180 33.698 -999.000 22.901 24.668
1991 24.404 -999.000 20.077 19.013 20.752 29.284 38.804 39.342 34.307 -999.000 -999.000 -999.000
1992 -999.000 -999.000 18.050 -999.000 -999.000 27.191 36.952 37.097 34.631 -999.000 -999.000 23.235
1993 -999.000 -999.000 -999.000 -999.000 -999.000 30.631 37.680 37.989 33.734 28.353 26.604 -999.000
1994 -999.000 -999.000 -999.000 -999.000 23.395 33.027 38.383 38.876 30.403 -999.000 25.078 -999.000
1995 -999.000 15.552 -999.000 -999.000 22.808 28.285 38.107 40.471 32.587 28.792 -999.000 -999.000
1996 -999.000 -999.000 -999.000 -999.000 21.166 30.334 37.747 37.729 27.610 22.612 -999.000 -999.000
1997 -999.000 -999.000 20.534 -999.000 22.376 26.758 38.228 37.390 32.454 20.376 23.642 21.484
1998 -999.000 15.843 12.778 18.936 24.314 32.150 39.679 40.458 32.470 26.812 22.594 -999.000
1999 -999.000 -999.000 -999.000 21.970 22.044 29.479 40.197 38.308 29.436 30.021 -999.000 -999.000
2000 -999.000 -999.000 -999.000 -999.000 -999.000 34.257 36.893 38.997 32.154 25.206 20.978 21.933
2001 -999.000 -999.000 -999.000 22.138 18.138 29.943 38.852 40.165 29.084 25.735 -999.000 -999.000
2002 23.492 18.504 19.400 23.078 23.986 30.945 41.243 39.823 33.625 27.169 23.998 22.130
2003 18.647 22.558 20.337 19.703 25.145 28.663 39.634 41.344 32.278 -999.000 23.209 -999.000
2004 -999.000 21.043 17.841 15.595 18.825 31.984 36.667 35.873 32.627 26.345 22.474 -999.000
2005 -999.000 18.290 19.722 19.278 18.770 30.462 40.064 39.508 37.379 25.168 -999.000 -999.000
2006 -999.000 19.440 -999.000 23.196 19.966 31.535 41.166 39.423 31.205 25.912 -999.000 23.885
2007 23.092 20.176 -999.000 18.209 18.799 28.353 38.639 40.136 36.777 29.448 20.663 22.292
2008 -999.000 -999.000 -999.000 20.328 -999.000 32.280 38.339 34.179 30.971 25.605 -999.000 22.292
2009 -999.000 -999.000 -999.000 19.524 22.247 28.292 36.109 38.407 31.199 28.047 -999.000 22.379
2010 19.656 16.728 17.632 16.544 24.558 36.289 40.038 39.355 34.375 22.990 -999.000 -999.000
2011 -999.000 -999.000 -999.000 21.847 21.299 31.465 40.110 37.205 31.474 25.802 -999.000 -999.000
2012 -999.000 -999.000 -999.000 -999.000 21.424 28.866 41.023 37.686 31.288 24.880 18.984 -999.000
2013 25.316 -999.000 12.352 18.589 19.278 33.792 39.729 39.029 30.465 25.569 -999.000 24.607
2014 25.095 -999.000 17.467 18.299 18.403 30.505 38.531 36.870 35.299 25.877 22.002 -999.000
2015 19.387 -999.000 22.767 21.939 21.698 35.058 37.814 37.920 33.424 24.869 25.465 26.394
2016 17.904 17.355 20.201 18.910 24.610 35.594 39.682 40.643 36.330 28.458 20.100 25.158
2017 19.160 -999.000 -999.000 12.175 22.624 31.762 40.659 37.741 32.374 28.117 26.202 22.674
2018 -999.000 26.188 20.516 20.692 24.015 33.826 41.836 39.839 38.389 28.679 22.076 23.103
2019 20.155 22.197 18.936 20.343 21.013 31.946 39.991 38.600 37.466 28.563 23.465 20.022
2020 21.288 22.118 21.862 24.528 24.065 32.378 39.974 38.199 35.324 30.606 25.633 17.603
2021 20.361 -999.000 22.427 20.963 23.978 35.019 40.556 40.751 34.465 25.933 21.777 22.911
2022 -999.000 -999.000 18.721 21.958 21.344 32.193 40.590 40.121 34.342 25.057 23.242 -999.000
2023 -999.000 24.657 20.186 18.189 20.874 28.582 38.869 39.307 33.171 26.804 24.686 19.111
2024 22.306 19.836 21.432 23.044 25.742 34.993 40.392 40.149 33.455 29.246 23.968 22.082
2025 22.972 22.813 20.813 17.484 25.446 35.936 41.753 39.117 33.362 26.163 24.399 20.358
