1951 2025
1951 18.382 15.036 16.292 19.219 19.737 20.611 23.128 22.856 25.375 24.705 22.084 20.152
1952 18.175 17.652 16.121 18.836 20.048 21.385 21.300 22.945 26.083 25.075 23.483 18.590
1953 18.224 17.581 17.459 18.307 19.908 22.410 23.771 23.921 25.124 23.865 24.438 19.675
1954 18.966 18.557 18.006 17.982 19.529 20.431 22.463 24.631 23.465 22.829 22.625 16.596
1955 15.885 15.067 13.768 15.308 15.797 19.887 22.472 22.401 22.341 21.116 20.372 19.697
1956 17.287 16.250 16.494 17.999 19.970 21.818 23.744 21.385 22.653 24.113 23.653 21.021
1957 18.461 18.016 17.441 19.327 20.371 21.455 21.494 25.204 23.142 22.557 19.092 18.616
1958 16.635 18.250 18.645 17.770 19.310 20.308 21.240 23.931 24.924 24.365 21.703 18.705
1959 16.072 13.390 14.007 17.625 19.071 21.086 23.765 24.698 24.659 23.874 23.813 20.671
1960 17.637 17.449 17.782 18.987 21.136 22.341 23.799 23.138 24.001 23.490 23.919 21.349
1961 17.116 17.267 17.824 19.794 21.351 21.399 23.038 24.519 24.808 23.264 22.256 20.588
1962 19.382 16.523 17.722 19.997 20.412 21.839 24.597 25.478 25.473 23.569 22.124 20.396
1963 17.343 16.816 18.001 19.901 21.014 21.495 22.880 25.047 25.235 21.263 23.164 20.594
1964 18.485 16.633 17.072 19.507 20.562 21.074 22.905 21.485 23.128 24.034 21.322 16.915
1965 15.955 15.070 15.578 16.775 17.658 17.898 19.123 23.370 22.643 19.596 21.215 17.785
1966 16.037 16.590 17.200 18.205 18.843 21.512 23.952 25.125 24.339 22.864 22.286 19.872
1967 17.411 13.735 16.331 17.676 19.077 21.241 22.731 23.945 23.874 22.040 21.182 19.181
1968 17.072 13.790 16.787 19.031 19.702 23.876 24.999 25.011 23.864 23.258 23.180 19.863
1969 17.403 16.308 17.785 20.392 22.041 22.070 23.516 25.921 26.102 24.594 24.330 22.075
1970 20.248 18.783 19.509 20.277 21.596 22.359 23.096 24.619 23.975 25.806 23.253 19.697
1971 17.785 16.906 16.816 18.123 20.504 21.628 23.304 24.284 20.658 24.473 23.013 20.577
1972 18.076 16.909 17.734 18.059 16.736 18.280 19.208 20.207 22.468 21.843 20.721 18.505
1973 17.372 17.374 17.203 18.825 21.311 21.748 22.235 24.254 25.549 24.919 23.873 20.843
1974 16.796 15.218 16.985 18.384 19.600 22.098 23.136 24.207 23.121 24.931 24.431 20.199
1975 16.370 15.713 17.443 19.528 21.454 20.002 21.892 22.268 21.914 21.820 19.802 17.890
1976 18.267 14.891 16.975 19.209 18.674 19.785 20.243 23.077 21.667 23.706 24.047 21.384
1977 19.286 18.109 17.578 18.636 21.592 20.376 21.240 23.680 23.668 22.022 21.240 18.805
1978 17.750 16.591 18.179 19.660 21.123 22.541 22.640 25.899 26.392 24.636 21.909 19.998
1979 18.732 18.605 19.421 20.185 20.023 20.167 23.020 25.689 24.880 24.385 22.265 20.149
1980 18.849 18.663 18.782 19.076 20.510 21.385 24.303 24.942 25.370 24.540 24.376 22.364
1981 19.542 19.011 18.835 21.526 22.887 24.164 24.436 24.410 24.322 24.684 24.306 22.839
1982 20.404 19.336 19.300 19.716 19.735 19.711 20.581 22.023 22.208 21.279 20.310 19.771
1983 17.950 15.584 16.274 19.596 20.274 20.550 21.024 22.279 24.218 26.313 23.883 21.482
1984 19.478 18.285 19.364 20.628 22.346 21.505 24.391 24.323 25.843 24.540 24.583 21.916
1985 19.447 19.142 18.685 19.441 21.482 21.634 23.078 23.804 26.246 25.235 24.217 21.973
1986 20.446 19.647 19.433 20.827 22.054 21.103 23.504 23.611 23.751 24.643 22.723 19.869
1987 17.951 16.772 17.452 19.269 20.970 19.489 21.232 25.032 23.433 23.367 24.964 22.222
1988 21.278 20.999 21.039 22.110 23.225 24.183 25.203 25.274 26.403 27.297 25.017 21.317
1989 19.616 18.265 18.939 21.276 22.087 24.192 25.852 25.707 25.796 25.647 23.840 21.355
1990 19.885 18.913 19.277 20.776 22.014 22.545 23.781 25.087 24.433 25.254 23.688 19.998
1991 17.818 17.619 17.690 19.858 20.844 22.864 25.309 25.737 25.707 23.287 21.828 18.756
1992 16.816 17.785 16.552 19.462 19.826 21.049 22.899 23.582 24.384 23.499 20.870 18.940
1993 15.847 15.301 16.672 18.309 19.373 21.039 22.381 23.149 24.131 22.227 22.441 19.818
1994 18.526 18.909 19.407 20.724 21.400 21.743 24.042 24.009 23.781 22.878 22.271 19.632
1995 18.338 19.133 19.131 20.958 21.478 22.044 25.210 26.953 27.373 27.014 26.465 24.457
1996 20.835 19.983 20.148 22.252 23.723 25.207 25.866 26.141 26.316 25.629 24.597 22.172
1997 19.839 19.808 18.695 18.931 20.312 21.767 23.220 24.819 23.512 23.666 22.424 21.916
1998 17.890 18.377 18.920 19.961 23.159 23.831 25.093 24.840 25.609 25.994 25.349 23.167
1999 19.957 18.789 20.418 22.115 23.056 22.814 23.664 24.786 26.948 26.457 24.389 21.940
2000 19.079 18.667 19.436 20.682 21.821 22.744 24.355 27.371 26.502 27.780 26.017 22.485
2001 20.922 19.544 21.007 22.863 24.398 25.520 27.038 25.983 24.953 26.122 26.344 23.399
2002 20.766 19.429 20.061 22.832 23.242 25.217 24.873 26.890 26.107 26.641 25.101 22.651
2003 20.456 19.570 20.780 22.259 23.194 23.217 24.660 26.754 27.697 27.404 24.775 22.649
2004 20.834 21.904 22.090 22.794 23.956 22.982 25.385 25.686 25.540 24.908 24.491 22.370
2005 20.266 19.145 20.541 21.397 23.221 24.570 25.858 27.177 27.139 26.716 26.051 25.076
2006 22.527 20.605 20.725 23.206 23.605 23.410 24.982 25.448 25.256 23.446 23.571 22.705
2007 20.332 19.344 19.884 22.072 23.719 25.093 25.721 27.346 26.726 27.369 25.537 22.641
2008 19.540 18.887 18.934 21.805 22.594 23.131 24.662 25.921 26.912 27.417 27.570 24.621
2009 20.995 20.199 21.828 22.640 24.196 25.527 26.668 27.466 26.532 26.632 24.234 21.833
2010 19.359 19.081 20.400 22.016 23.529 24.363 25.860 26.828 28.888 27.728 23.957 22.111
2011 21.179 20.303 20.903 22.296 23.078 24.671 25.242 25.882 24.181 25.937 25.108 23.131
2012 20.527 20.063 20.760 22.299 23.567 23.907 24.627 24.884 24.700 25.212 25.196 23.758
2013 21.288 20.596 21.279 23.062 23.848 24.571 26.260 27.987 27.003 25.574 26.008 24.132
2014 22.387 21.129 20.609 22.886 23.623 24.847 25.645 27.325 27.727 26.178 25.930 24.469
2015 22.145 20.407 20.154 21.648 23.101 24.350 25.462 26.470 25.152 24.554 25.611 23.037
2016 20.988 20.754 21.155 22.673 24.653 26.975 28.404 26.365 29.004 29.250 27.494 24.740
2017 22.725 21.735 22.368 24.261 24.378 25.189 27.369 27.600 28.513 28.952 26.943 24.924
2018 23.441 22.222 22.907 23.408 24.790 24.148 25.645 26.682 27.358 27.492 26.872 24.888
2019 20.815 17.866 19.188 23.395 23.357 23.631 26.239 27.342 27.187 26.876 25.441 24.321
2020 21.326 21.096 22.028 23.316 25.165 27.319 27.743 28.464 29.046 28.606 27.287 25.183
2021 22.282 21.034 21.834 23.778 24.971 24.840 26.562 27.618 28.583 28.648 27.959 25.485
2022 22.863 22.591 23.217 23.372 26.064 28.910 28.469 28.519 28.924 27.912 27.428 24.855
2023 22.855 21.545 21.746 24.017 24.542 25.079 27.222 27.364 27.417 27.814 26.664 25.358
2024 24.338 21.538 21.590 23.772 24.802 25.334 27.828 27.716 29.670 29.346 29.020 26.587
2025 25.088 22.740 22.410 25.254 26.829 27.680 28.399 28.559 30.041 30.567 29.486 26.105
