1951 2025
1951 -0.758 -0.779 -0.535 -0.955 -0.599 -0.761 -0.770 -0.611 -0.358 -0.359 -0.364 -0.257
1952 -0.614 -0.501 -0.357 -0.336 -0.458 -0.628 -0.903 -0.893 -0.802 -0.989 -0.820 -0.624
1953 -0.442 -0.414 -0.200 -0.511 -0.354 -0.488 -0.652 -0.540 -0.696 -0.707 -0.516 -0.356
1954 -0.519 -0.409 -0.465 -0.486 -0.581 -0.677 -0.915 -0.863 -1.022 -1.192 -0.905 -0.830
1955 -0.453 -0.841 -0.704 -0.856 -1.251 -1.246 -0.947 -0.714 -0.776 -1.002 -0.794 -0.698
1956 -0.682 -0.712 -0.523 -0.652 -1.116 -1.065 -1.131 -0.965 -1.076 -1.054 -0.873 -0.804
1957 -0.741 -0.680 -0.597 -0.410 -0.155 -0.475 -0.627 -0.621 -0.641 -0.551 -0.487 -0.471
1958 -0.230 -0.297 -0.396 -0.294 -0.524 -0.560 -0.594 -0.481 -0.641 -0.646 -0.632 -0.323
1959 -0.100 -0.148 -0.285 -0.435 -0.383 -0.567 -0.691 -0.579 -0.572 -0.640 -0.494 -0.416
1960 -0.389 -0.437 -0.331 -0.420 -0.651 -0.728 -0.653 -0.676 -0.821 -0.770 -0.846 -0.439
1961 -0.317 -0.439 -0.392 -0.536 -0.728 -0.611 -0.385 -0.315 -0.332 -0.313 -0.404 -0.302
1962 -0.362 -0.452 -0.484 -0.431 -0.521 -0.588 -0.453 -0.304 -0.364 -0.451 -0.476 -0.337
1963 -0.340 -0.488 -0.531 -0.460 -0.422 -0.436 -0.277 -0.131 -0.293 -0.191 -0.109 -0.198
1964 -0.036 -0.140 -0.171 0.067 -0.562 -0.483 -0.627 -0.609 -0.725 -0.694 -0.908 -0.699
1965 -0.705 -0.671 -0.704 -0.493 -0.770 -0.797 -0.588 -0.500 -0.468 -0.246 -0.207 -0.328
1966 -0.210 -0.028 -0.215 -0.409 -0.615 -0.384 -0.341 -0.359 -0.368 -0.376 -0.488 -0.480
1967 -0.732 -0.769 -0.477 -0.478 -0.401 -0.247 -0.390 -0.444 -0.345 -0.244 -0.341 -0.320
1968 -0.557 -0.377 -0.672 -0.618 -0.621 -0.439 -0.479 -0.401 -0.462 -0.230 -0.256 -0.244
1969 -0.028 -0.050 0.025 0.052 -0.044 -0.456 -0.491 -0.327 -0.366 -0.034 -0.108 -0.103
1970 0.185 0.039 0.118 0.081 -0.022 -0.272 -0.226 -0.050 -0.328 -0.440 -0.457 -0.555
1971 -0.388 -0.607 -0.520 -0.293 -0.472 -0.551 -0.545 -0.498 -0.555 -0.794 -0.510 -0.466
1972 -0.270 -0.326 -0.581 -0.512 -0.256 0.109 -0.113 -0.038 0.149 0.139 0.354 0.415
1973 0.310 0.132 0.059 0.047 -0.203 -0.313 -0.245 -0.329 -0.165 -0.183 -0.340 -0.574
1974 -0.744 -0.746 -0.654 -0.639 -0.585 -0.427 -0.420 -0.425 -0.589 -0.523 -0.577 -0.439
1975 -0.715 -0.501 -0.694 -0.743 -0.555 -0.528 -0.148 -0.488 -0.724 -0.936 -0.898 -0.789
1976 -0.872 -0.582 -0.695 -0.620 -0.643 -0.263 -0.184 -0.266 -0.435 -0.360 -0.392 -0.272
1977 -0.175 -0.418 -0.286 -0.237 -0.356 -0.082 -0.248 -0.088 -0.204 -0.090 -0.065 -0.005
1978 -0.144 -0.137 -0.175 -0.117 -0.521 -0.584 -0.497 -0.541 -0.589 -0.441 -0.338 -0.178
1979 0.160 0.054 -0.063 -0.063 -0.210 0.047 -0.324 -0.424 -0.386 -0.336 -0.438 -0.076
1980 0.008 -0.269 -0.248 -0.111 0.279 -0.193 -0.099 -0.032 -0.242 -0.086 -0.037 -0.067
1981 -0.144 -0.115 0.016 -0.035 -0.208 -0.272 -0.206 -0.176 -0.283 0.001 -0.240 -0.325
1982 -0.164 -0.082 -0.090 -0.122 -0.008 -0.042 -0.016 0.071 0.038 0.408 0.243 0.224
1983 0.001 0.062 -0.039 -0.048 0.166 0.448 0.549 0.452 0.226 -0.050 -0.132 -0.210
1984 -0.320 -0.618 -0.375 -0.193 -0.616 -0.589 -0.548 -0.552 -0.506 -0.411 -0.264 -0.409
1985 -0.191 -0.312 -0.311 -0.221 -0.408 -0.808 -0.440 -0.468 -0.363 -0.594 -0.344 -0.226
1986 -0.433 -0.279 -0.470 -0.248 -0.098 -0.092 -0.320 -0.416 -0.397 -0.293 0.133 -0.010
1987 -0.102 -0.222 0.035 -0.128 0.325 0.198 0.196 0.374 0.515 0.412 0.355 0.278
1988 0.340 0.418 0.377 0.322 -0.200 0.056 0.059 0.317 0.190 0.037 -0.121 -0.000
1989 -0.345 -0.339 -0.308 -0.445 -0.480 -0.574 -0.308 -0.385 -0.149 -0.278 -0.023 0.021
1990 0.096 0.244 0.124 0.051 -0.075 -0.211 -0.007 -0.115 -0.144 -0.191 -0.091 0.038
1991 0.284 0.148 0.140 0.380 0.429 0.197 0.177 0.005 0.070 0.039 -0.059 -0.183
1992 -0.268 -0.373 -0.330 -0.222 0.061 -0.100 0.014 -0.447 -0.392 -0.191 -0.137 -0.322
1993 -0.242 -0.301 -0.311 -0.220 0.037 0.008 -0.128 -0.276 -0.248 -0.293 -0.102 -0.249
1994 -0.060 -0.093 -0.376 -0.129 0.037 -0.243 -0.192 -0.171 -0.304 0.188 -0.091 0.019
1995 0.011 0.120 -0.151 0.014 -0.127 -0.015 -0.099 -0.244 -0.164 -0.037 -0.284 -0.242
1996 -0.020 -0.057 -0.100 -0.463 -0.227 -0.229 -0.264 -0.441 -0.335 -0.557 -0.301 -0.242
1997 -0.169 -0.368 -0.071 -0.036 -0.193 0.225 0.078 0.155 0.192 0.302 0.477 0.600
1998 0.755 0.794 0.603 0.701 0.702 0.474 0.132 0.198 0.040 0.115 -0.105 -0.039
1999 -0.268 -0.057 0.125 -0.241 -0.453 -0.245 -0.017 -0.057 -0.022 -0.287 -0.109 -0.082
2000 -0.008 -0.071 -0.055 -0.158 -0.151 -0.364 -0.079 0.066 0.189 0.097 0.137 0.032
2001 -0.144 -0.018 0.145 0.133 0.205 0.193 -0.115 0.057 -0.026 -0.083 0.022 0.252
2002 0.017 0.043 0.091 0.129 0.067 0.162 0.239 0.013 0.446 0.400 0.256 0.404
2003 0.300 0.507 0.417 0.408 0.385 0.422 0.319 0.253 0.244 0.090 0.061 0.046
2004 0.208 0.185 0.039 0.137 -0.439 -0.305 -0.175 0.129 0.084 0.133 0.201 0.132
2005 0.080 0.105 0.107 0.125 0.314 0.237 -0.087 0.129 -0.051 -0.071 -0.151 -0.216
2006 -0.143 -0.121 -0.003 -0.044 0.166 0.163 0.127 0.316 0.201 0.316 0.486 0.492
2007 0.321 0.233 0.211 0.179 0.332 0.478 0.322 0.370 0.221 0.078 -0.025 -0.074
2008 0.198 -0.165 -0.395 -0.379 -0.262 -0.009 0.143 0.200 0.347 0.324 0.097 -0.058
2009 -0.113 0.096 0.303 0.078 0.186 0.331 0.234 0.396 0.329 0.452 0.291 0.542
2010 0.520 0.638 0.652 0.675 0.534 0.508 0.413 0.248 0.050 -0.058 -0.179 -0.192
2011 -0.291 -0.184 -0.102 -0.227 -0.046 0.143 0.107 0.263 0.186 0.399 0.441 0.315
2012 0.107 -0.090 -0.310 -0.099 0.100 0.192 0.237 0.565 0.434 0.464 0.387 0.537
2013 0.357 0.188 0.340 0.225 -0.006 -0.162 -0.117 -0.029 0.012 0.233 0.493 0.067
2014 -0.007 -0.074 -0.057 0.079 0.419 0.406 0.159 0.131 0.202 0.487 0.415 0.258
2015 -0.054 0.054 0.255 0.407 0.505 0.591 0.651 0.854 0.908 0.975 0.905 0.986
2016 0.939 0.631 0.890 0.908 0.690 0.307 -0.002 0.316 0.018 0.109 0.268 0.312
2017 0.152 -0.011 0.164 0.145 0.357 0.304 0.513 0.544 0.434 0.493 0.465 0.153
2018 0.031 0.130 0.221 0.154 0.216 0.123 0.161 0.183 0.294 0.312 0.531 0.471
2019 0.404 0.296 0.275 0.530 0.711 0.760 0.715 0.788 0.576 0.698 0.748 0.553
2020 0.790 0.434 0.513 0.638 0.658 0.727 0.766 0.560 0.358 0.431 0.343 0.247
2021 -0.050 -0.010 0.154 0.128 0.132 0.165 0.251 0.316 0.361 0.223 0.204 0.334
2022 0.434 0.201 0.222 0.292 0.126 0.182 -0.136 -0.083 -0.011 -0.085 -0.020 0.131
2023 -0.068 -0.067 0.152 0.527 0.301 0.392 0.461 0.812 0.734 0.699 0.933 1.067
2024 1.004 1.169 0.900 0.951 0.820 0.716 0.765 0.860 0.786 0.685 0.742 0.312
2025 0.133 0.231 0.351 0.503 0.629 0.447 0.475 0.362 0.266 0.189 0.037 0.222
