1951 2025
1951 -17.694 -23.157 -18.292 -35.590 -38.145 -26.735 -17.714 -27.587 -36.042 -35.370 -31.854 -46.698
1952 -50.086 -18.260 -33.992 -37.769 -35.454 -30.718 -16.981 -14.927 -22.440 -20.403 -28.116 -42.370
1953 -41.518 -40.581 -27.971 -44.703 -27.310 -14.034 -36.617 -12.011 -15.024 -31.802 -21.703 -33.415
1954 -20.541 -16.999 -37.394 -29.164 -8.096 -18.892 -21.251 -52.497 -6.347 -11.113 7.802 -27.197
1955 -20.862 -13.750 -5.894 -5.409 -21.809 -23.377 -2.544 -33.411 -15.940 -33.471 -33.640 -24.658
1956 -23.650 -24.252 -11.958 -10.535 -6.638 14.166 -17.060 -29.317 -22.999 -15.860 -16.785 -36.813
1957 -24.762 -12.447 -5.962 -21.097 -27.677 -40.807 -13.660 -14.881 4.632 -43.353 -28.319 -34.427
1958 -6.470 -9.804 -15.693 -31.706 -30.072 -6.965 -27.162 -8.593 14.878 4.148 4.838 5.649
1959 5.315 -16.214 -6.094 -33.873 -38.518 -16.248 -29.029 -21.255 9.433 -18.213 3.185 -4.405
1960 -16.630 -6.896 6.254 -23.478 -20.384 -1.646 -10.327 -16.281 -1.745 -0.792 -4.276 -17.102
1961 -10.537 -16.430 -13.350 -8.168 -18.647 -23.875 -20.028 -1.484 -15.373 -0.961 0.035 13.799
1962 11.910 -12.164 -9.916 7.749 2.864 -20.329 9.397 -10.035 1.697 -8.901 -19.564 -0.623
1963 2.536 7.453 -11.865 -19.339 -16.179 -16.986 -18.607 -47.431 -13.767 -7.247 -10.706 -12.182
1964 -27.242 -14.149 -12.989 -9.999 -11.668 -30.013 -39.270 -41.251 0.215 -4.966 -23.509 -19.475
1965 -9.068 -43.500 -10.804 -22.891 -39.850 -8.784 -26.483 -10.131 -17.157 -27.758 -9.165 -35.989
1966 -9.410 -18.976 -37.637 -26.366 -27.646 2.824 -9.179 5.802 -2.809 3.353 -16.951 -12.110
1967 -30.661 -13.996 -1.430 -7.492 -13.223 -3.695 -2.757 5.426 -7.716 -4.725 -17.279 -15.601
1968 -16.748 -18.553 -2.979 -8.298 -21.620 2.973 11.951 -7.151 -32.829 -27.905 -26.238 -14.407
1969 -33.364 -18.912 -12.368 -17.650 -10.744 -13.063 5.222 11.652 15.653 -13.688 10.439 -4.292
1970 -2.676 0.766 -12.280 -16.185 -1.916 9.953 -13.065 20.855 9.875 -11.939 5.540 -18.026
1971 -14.505 -0.634 2.165 0.759 -18.695 4.326 -6.797 9.295 -0.171 -10.888 -2.930 -23.305
1972 -37.121 -18.308 -11.176 -30.519 -16.830 -29.041 -16.710 -20.357 -7.517 -2.860 1.709 -22.795
1973 -19.845 -0.946 12.001 -18.564 -33.622 0.419 14.454 18.958 -5.590 12.291 -9.744 7.234
1974 -8.140 16.084 10.914 7.520 -3.209 2.568 -5.121 -29.301 10.775 -3.006 -21.391 -20.393
1975 -20.162 -6.693 2.678 1.124 -22.670 -10.053 -20.152 9.392 19.421 16.476 -12.557 -13.589
1976 -18.239 2.668 -0.747 12.796 -6.748 -5.280 -10.644 -3.052 -2.244 -13.177 -23.286 -52.491
1977 -35.329 -10.240 -7.040 -11.825 -14.509 -9.573 -10.684 -8.906 -8.550 -8.079 -6.375 -13.679
1978 3.516 -1.600 -6.115 3.861 -5.712 -1.856 -25.500 17.940 20.486 0.536 -9.489 0.180
1979 1.366 5.202 13.184 5.106 5.161 25.544 27.705 4.790 6.129 -2.453 -6.454 -17.447
1980 -8.072 -10.543 -28.652 -30.410 -3.613 0.986 -30.133 -12.235 -27.584 8.904 -30.310 -10.686
1981 4.982 3.441 -7.034 -21.485 -3.430 8.146 -10.719 -29.331 -31.235 -6.225 13.057 13.740
1982 -9.098 6.266 20.988 19.133 -1.757 14.334 -8.617 5.937 17.916 -19.175 -10.561 -30.193
1983 -26.745 -20.290 0.728 4.131 -3.029 -4.320 17.177 10.883 -12.937 18.402 17.679 1.611
1984 -20.045 -8.372 4.425 -5.734 -17.595 6.652 13.319 -6.920 3.929 -6.602 2.500 -18.818
1985 -11.670 0.569 -4.496 6.431 3.119 -6.160 17.985 10.786 22.319 3.360 12.102 11.701
1986 1.805 -19.148 -8.164 -2.365 -28.284 -9.222 -7.035 -5.611 0.804 -1.000 -10.769 9.568
1987 -10.379 -14.991 -10.544 -2.333 5.168 -11.327 -24.697 20.509 -19.440 5.202 16.938 1.821
1988 -10.577 5.713 -5.033 -0.249 -7.448 -7.077 4.473 -14.181 -7.244 -30.697 12.050 14.955
1989 10.693 10.789 11.659 -4.868 34.606 30.776 21.941 3.805 0.683 1.256 13.494 -7.329
1990 -7.059 16.989 7.043 -29.130 -20.804 2.125 -12.625 2.466 16.297 2.821 -4.254 -10.453
1991 7.699 -10.232 2.368 -11.035 -14.666 -20.458 -18.603 -1.683 -11.671 -19.734 -14.935 -34.286
1992 1.597 -26.809 -22.924 -7.872 -32.807 -31.632 -11.382 -10.213 -0.874 -0.821 3.447 -2.894
1993 -34.861 1.750 -13.512 -4.218 16.143 14.778 28.578 7.536 6.655 3.285 2.804 5.814
1994 6.276 14.953 -1.632 -4.062 -12.241 -22.108 -10.838 26.009 -25.719 -18.843 -7.149 2.668
1995 16.327 4.944 -5.911 12.216 19.132 -15.056 -48.924 -13.415 14.924 -0.128 2.039 17.733
1996 4.322 -5.948 7.416 4.400 13.818 -7.380 -2.944 -20.622 -10.820 13.561 -26.425 -0.718
1997 10.002 -2.101 3.883 -11.201 10.873 -2.243 3.935 5.319 -3.178 -13.308 -23.135 -13.202
1998 2.546 6.161 9.414 26.521 -4.736 21.572 30.205 18.098 2.664 10.213 13.574 18.600
1999 18.723 9.238 3.982 10.022 26.382 -11.041 5.926 -1.526 4.040 24.265 19.654 17.834
2000 9.965 11.203 9.608 9.334 23.247 7.087 7.831 -12.056 -27.733 1.739 -20.906 -21.280
2001 -1.351 -3.885 -0.823 8.155 0.392 9.261 -13.892 7.718 20.813 19.389 22.157 18.330
2002 11.455 15.196 -29.424 4.320 -43.920 -16.390 -7.117 -5.451 -5.712 -38.262 -15.566 12.764
2003 -12.819 0.470 -0.822 2.376 8.535 0.291 14.172 9.581 -5.407 1.480 -12.638 -14.287
2004 13.508 -15.777 1.259 4.602 7.557 17.753 17.085 -10.254 0.608 0.039 -3.047 -17.887
2005 -0.655 14.818 0.800 1.469 -2.897 -17.018 -4.094 0.579 6.808 -0.122 -9.114 -28.523
2006 5.825 -5.442 7.435 2.895 20.652 6.661 7.354 -18.742 -2.623 12.566 2.357 3.912
2007 -1.078 -2.577 -5.413 -14.271 -0.722 -15.047 -31.233 1.609 3.205 -6.170 -12.470 25.556
2008 16.270 13.437 13.755 -11.906 -9.687 23.988 5.248 -2.850 28.337 17.098 18.485 11.095
2009 9.143 7.116 8.616 7.015 -7.887 -1.355 -16.442 -3.933 4.957 -2.145 -29.794 4.459
2010 -4.801 -7.478 2.355 7.707 22.289 34.411 33.933 25.951 9.635 28.557 28.424 7.708
2011 8.030 23.667 4.930 -5.539 24.097 8.296 -12.820 -8.204 -16.766 13.273 -5.537 36.055
2012 11.565 -8.509 6.455 17.819 4.294 -0.190 22.349 12.343 11.224 -9.117 -22.597 -13.791
2013 0.894 7.116 21.428 9.125 8.242 8.765 20.744 -15.733 -18.452 -4.708 6.336 -2.986
2014 -13.945 3.109 4.912 14.080 0.464 18.978 0.687 0.250 -9.001 -4.348 -7.713 14.295
2015 5.937 15.968 6.304 12.048 6.771 11.405 21.532 11.822 -1.876 -1.440 10.083 -9.198
2016 15.418 13.111 29.429 -1.273 -3.304 43.380 5.184 -4.222 34.985 -3.743 -17.078 -16.146
2017 -17.329 5.917 7.533 14.042 19.407 9.945 10.945 14.263 14.194 -4.775 14.865 9.912
2018 19.136 14.767 7.903 -15.658 -2.175 9.399 7.342 3.447 22.361 9.393 17.212 9.827
2019 5.781 -8.345 17.195 8.041 12.446 21.012 3.601 -19.208 3.656 -13.465 -18.541 -15.920
2020 -2.397 8.130 18.147 -8.800 13.188 23.053 -6.621 -2.939 8.569 21.444 14.773 16.341
2021 11.591 17.405 4.242 8.378 9.945 29.188 6.006 -0.835 24.419 14.753 26.423 27.239
2022 9.663 10.966 11.296 13.774 9.592 -3.163 11.420 25.267 30.892 11.762 26.584 20.842
2023 32.279 9.354 -6.345 -4.010 29.248 6.824 -15.026 0.592 -9.635 10.370 9.591 17.356
2024 12.335 14.404 -5.551 13.187 -5.844 6.350 -0.775 -21.529 2.335 -1.617 18.151 -10.438
2025 -6.690 -8.944 10.886 23.112 16.881 13.131 16.510 11.287 -6.887 -12.379 -9.449 -17.473
