1951 2025
1951 0.000 -0.049 -0.243 -1.992 -0.485 -1.289 0.639 1.030 0.260 1.505 1.957 0.286
1952 0.048 -0.049 0.534 0.098 0.049 -0.489 0.310 0.042 -0.093 0.244 0.758 -0.096
1953 0.000 0.000 -0.001 0.292 -0.001 0.676 0.725 -0.153 0.749 0.460 1.183 -0.048
1954 0.000 -0.049 -0.194 -0.686 -0.539 -1.359 -0.251 -1.726 -1.534 -4.081 -1.009 -0.240
1955 0.000 -0.049 -0.243 -1.465 -0.733 -2.250 -1.944 -0.891 -2.003 -1.421 -1.009 -0.240
1956 0.000 -0.049 -0.145 -0.880 -0.295 -2.154 -0.869 -2.293 -3.004 -1.324 -0.769 -0.001
1957 0.144 0.047 0.289 -0.146 -0.001 0.838 1.554 1.569 1.391 2.059 1.783 0.332
1958 0.049 0.049 1.751 0.487 1.008 3.925 2.356 1.749 0.876 1.250 1.711 0.286
1959 0.097 0.241 0.483 0.533 0.143 0.326 0.512 -1.781 -0.491 -0.003 -0.152 -0.145
1960 0.000 0.048 -0.048 0.052 0.674 -0.029 -0.300 -0.906 -0.466 0.651 1.277 -0.049
1961 0.000 0.049 -0.049 0.244 0.141 -0.406 -0.356 -1.606 -1.187 -1.364 -0.576 -0.240
1962 0.000 0.000 -0.194 -0.681 -0.977 -1.878 -0.636 -0.337 -0.864 -0.346 0.809 -0.144
1963 0.000 -0.049 -0.049 0.194 -0.003 0.207 -0.125 0.539 0.151 0.956 1.923 -0.145
1964 0.000 0.000 -0.000 -0.537 -0.342 -2.040 -1.146 -3.058 -1.823 -1.779 -0.625 -0.288
1965 0.000 -0.049 -0.145 -0.588 -0.241 -1.175 -0.870 -3.180 -2.961 -0.618 1.152 0.286
1966 0.000 0.049 -0.145 0.098 -0.245 -1.728 -0.076 -2.007 -0.847 -0.634 -1.103 -0.288
1967 0.000 -0.049 -0.243 -0.686 -0.586 -1.812 -1.369 -3.448 -2.212 -1.343 -0.765 -0.096
1968 0.000 -0.049 -0.243 -1.604 -1.025 -2.352 -1.476 -2.492 -0.313 -0.183 0.334 -0.048
1969 0.000 0.000 1.074 0.438 1.390 2.843 3.243 0.037 0.061 -0.624 1.590 -0.096
1970 0.000 0.000 -0.145 0.100 -0.437 -1.714 -0.765 -2.701 -2.711 -1.923 -0.717 -0.288
1971 0.000 -0.049 -0.243 -2.236 -1.609 -2.653 -1.676 -4.419 -5.654 -4.552 -1.199 -0.240
1972 0.000 -0.049 -0.097 0.097 0.046 -1.129 -0.834 -3.139 -4.033 -1.313 0.194 0.384
1973 0.098 0.049 0.339 0.053 -0.193 -1.497 -0.531 -3.239 -2.673 -2.816 -0.814 -0.288
1974 0.000 -0.049 -0.243 -0.732 -1.023 -2.153 -2.122 -3.502 -6.142 -4.122 -1.102 -0.288
1975 0.000 -0.049 -0.194 -0.829 -0.877 -1.705 -2.332 -3.683 -5.335 -4.217 -1.485 -0.288
1976 0.000 -0.049 -0.243 -1.800 -0.729 -1.324 -2.534 -3.134 -3.263 -0.896 -0.193 -0.192
1977 0.000 -0.049 -0.145 -1.655 -0.242 -2.104 -0.531 -2.945 -1.455 -2.227 -0.437 0.191
1978 0.000 -0.049 -0.145 -0.290 -0.146 -0.285 -0.392 -2.947 -2.971 -0.901 -0.627 -0.096
1979 0.000 -0.049 -0.145 -0.245 -0.144 -1.222 -0.128 -1.589 -2.192 0.045 0.577 -0.048
1980 0.000 -0.049 -0.145 -0.387 0.144 1.275 0.644 -0.173 0.143 0.517 0.175 -0.097
1981 0.000 -0.049 -0.194 -0.438 -0.244 -1.186 0.279 -1.005 -0.205 -0.489 0.672 0.142
1982 0.000 -0.001 0.725 0.387 -0.098 -0.609 -0.185 -2.031 -2.578 -1.826 -0.384 0.146
1983 0.098 0.245 1.365 -0.045 0.197 1.150 2.130 0.677 -0.340 -0.675 1.668 0.624
1984 0.000 -0.049 0.582 -0.096 -0.340 -2.397 -2.699 -4.858 -6.586 -4.150 -1.198 -0.288
1985 0.000 -0.049 -0.243 -1.412 -0.731 -0.601 -1.426 -2.591 -2.422 -3.084 -1.006 -0.240
1986 0.000 -0.049 -0.243 -1.655 -0.487 -1.636 -0.848 -2.984 -4.098 -4.264 -0.672 0.143
1987 0.000 0.049 0.292 0.102 0.438 1.159 2.276 2.039 2.461 2.130 2.920 1.402
1988 0.435 0.000 0.291 -0.048 0.197 -0.194 1.121 -1.413 -3.063 -2.623 -0.572 -0.240
1989 0.048 -0.049 -0.243 -1.560 -0.684 -1.565 -1.001 -1.897 -2.237 -3.392 -0.430 0.191
1990 0.048 -0.049 0.047 -0.001 0.094 0.692 -0.466 -0.677 0.526 1.120 0.243 -0.048
1991 0.096 0.000 0.241 0.047 0.044 0.337 0.150 -1.269 -0.359 -2.789 -0.813 -0.048
1992 0.000 0.049 0.724 0.438 0.000 0.350 -0.382 -2.855 -3.890 -2.593 0.435 0.480
1993 0.481 0.144 0.434 0.389 0.341 -0.109 -1.123 -2.861 -2.483 -2.181 -0.100 0.481
1994 0.240 0.095 0.337 0.097 -0.147 -0.029 -0.190 -3.395 -2.268 -1.695 0.617 0.432
1995 0.385 0.192 0.676 0.389 -0.145 0.693 1.208 -0.186 -0.815 -0.527 -0.244 0.191
1996 0.000 -0.049 -0.194 -0.388 -0.490 -1.020 -1.615 -3.673 -2.031 -2.517 -0.718 -0.240
1997 0.000 -0.049 -0.049 -0.292 0.000 0.480 2.101 -0.071 1.934 2.134 1.177 1.945
1998 0.774 1.802 1.756 0.295 0.440 4.022 4.666 2.498 0.416 0.972 1.642 -0.240
1999 0.000 -0.049 -0.049 -0.683 -0.147 -0.462 -1.280 1.034 -0.743 -1.237 -0.424 -0.288
2000 0.000 -0.049 -0.243 -0.682 -0.147 -2.218 -1.159 -0.781 -0.741 -0.201 1.154 0.047
2001 0.000 -0.049 -0.146 -0.536 -0.780 -1.489 0.043 0.851 0.863 -0.273 -0.719 0.096
2002 0.000 -0.049 -0.145 -0.440 0.095 0.432 0.196 0.861 0.223 1.751 0.894 0.334
2003 0.049 0.049 1.602 0.438 0.518 1.196 0.073 1.316 0.818 2.239 3.412 -0.097
2004 0.049 0.049 0.288 0.097 -0.050 0.255 0.367 1.226 0.131 1.972 1.797 0.142
2005 0.048 -0.049 1.409 0.389 1.359 4.103 5.090 2.760 1.500 0.639 1.917 -0.096
2006 0.000 -0.049 -0.001 0.145 0.000 1.992 2.067 2.349 1.998 3.096 3.883 0.240
2007 0.049 0.049 0.436 0.341 0.438 1.332 2.393 -0.013 0.452 0.964 1.061 -0.192
2008 0.000 0.048 0.531 -0.050 -0.049 -0.719 -0.610 2.307 0.442 0.807 1.935 -0.048
2009 0.096 -0.049 0.046 -0.245 0.045 0.620 3.664 2.322 1.949 3.968 3.594 0.577
2010 0.145 0.534 1.561 0.682 1.746 3.513 4.051 2.222 0.238 0.187 1.745 -0.288
2011 0.000 -0.049 -0.001 0.145 -0.048 2.236 3.235 1.907 0.574 0.088 2.021 -0.144
2012 0.000 0.000 0.048 0.098 0.241 1.659 2.578 1.850 1.932 2.855 3.467 0.672
2013 0.287 0.432 -0.001 0.097 -0.098 -0.481 0.134 1.394 1.221 2.973 3.155 0.383
2014 0.288 0.577 1.794 0.678 0.482 1.136 2.476 1.905 2.208 3.513 3.207 0.431
2015 0.479 0.289 0.578 0.678 0.807 1.721 2.697 2.722 3.699 5.137 6.290 3.627
2016 2.962 1.355 2.236 0.631 1.711 3.566 5.032 2.816 2.131 3.683 4.545 0.768
2017 0.385 0.386 1.549 0.582 0.532 1.571 4.030 2.834 1.947 2.513 4.264 0.717
2018 0.287 0.144 0.967 0.630 0.532 1.610 2.035 1.969 1.851 2.083 2.108 0.915
2019 0.576 0.337 1.016 0.437 0.147 1.898 3.823 3.182 2.643 3.531 3.880 1.201
2020 0.722 0.725 1.353 0.582 1.477 3.132 5.425 3.003 1.592 2.561 3.263 0.336
2021 0.000 0.000 0.048 0.097 0.192 0.983 2.318 1.915 1.305 3.538 4.381 0.527
2022 0.478 0.190 0.385 0.192 0.290 -0.384 1.351 1.779 0.932 1.872 3.042 0.287
2023 0.287 0.145 1.063 0.389 1.420 5.480 7.266 4.715 3.699 6.080 7.370 4.493
2024 1.695 1.651 2.479 1.751 4.534 6.278 6.851 4.039 3.061 4.785 5.116 3.464
2025 0.773 0.821 1.942 0.534 1.426 2.078 4.718 3.667 2.596 4.290 5.094 1.812
