1951 2025
1951 -0.885 -0.867 -0.407 -0.171 0.165 0.352 0.711 0.286 0.269 0.342 0.528 0.350
1952 0.058 -0.047 -0.178 -0.202 -0.364 -0.622 -0.795 -0.700 -0.574 -0.590 -0.720 -0.562
1953 -0.126 0.084 0.190 0.298 0.300 0.374 0.076 -0.021 0.025 0.061 0.046 0.095
1954 -0.231 -0.159 -0.516 -1.435 -1.263 -1.206 -1.319 -1.336 -1.500 -1.558 -1.245 -1.363
1955 -0.844 -0.861 -1.010 -1.075 -1.424 -1.265 -1.052 -1.303 -1.479 -2.095 -2.073 -1.735
1956 -1.145 -0.904 -0.711 -0.764 -0.740 -0.690 -0.803 -1.078 -1.148 -1.037 -0.996 -0.940
1957 -0.749 -0.242 0.106 0.357 0.654 0.546 0.627 0.611 0.399 0.433 0.609 0.854
1958 0.970 0.954 0.661 0.433 0.194 0.127 -0.007 -0.134 -0.315 -0.195 -0.067 -0.167
1959 -0.076 -0.114 -0.077 0.009 -0.209 -0.374 -0.605 -0.681 -0.617 -0.364 -0.428 -0.419
1960 -0.456 -0.527 -0.341 -0.456 -0.445 -0.630 -0.601 -0.491 -0.442 -0.693 -0.585 -0.358
1961 -0.382 -0.165 -0.400 -0.377 -0.355 -0.324 -0.788 -0.896 -1.041 -1.048 -0.629 -0.579
1962 -0.590 -0.508 -0.731 -0.899 -0.881 -0.701 -0.690 -0.567 -0.771 -0.802 -0.870 -0.949
1963 -0.797 -0.623 -0.281 -0.211 -0.275 -0.228 0.186 0.358 0.355 0.351 0.332 0.378
1964 0.175 -0.194 -0.556 -0.928 -1.324 -1.258 -1.049 -1.420 -1.345 -1.332 -1.290 -1.465
1965 -0.945 -0.556 -0.359 -0.157 0.275 0.470 0.580 0.751 0.635 0.834 0.907 0.808
1966 0.722 0.399 0.216 -0.107 -0.585 -0.392 -0.240 -0.512 -0.576 -0.399 -0.514 -0.682
1967 -0.726 -0.571 -0.675 -0.622 -0.341 -0.319 -0.476 -0.758 -1.059 -0.954 -0.832 -0.904
1968 -1.001 -1.049 -1.013 -0.776 -0.919 -0.277 -0.067 -0.032 -0.058 -0.001 0.254 0.501
1969 0.598 0.556 0.476 0.473 0.628 0.343 0.042 0.215 0.407 0.605 0.589 0.568
1970 0.359 0.127 -0.236 -0.254 -0.570 -0.913 -1.253 -1.336 -1.181 -1.143 -1.206 -1.321
1971 -1.559 -1.447 -1.233 -0.921 -0.977 -1.083 -1.012 -1.210 -1.194 -1.256 -1.026 -1.047
1972 -0.643 -0.283 -0.066 0.238 0.349 0.657 0.973 1.083 0.890 1.203 1.400 1.609
1973 1.297 0.610 0.067 -0.538 -0.829 -1.041 -1.228 -1.432 -1.448 -1.541 -1.692 -1.795
1974 -1.794 -1.341 -0.945 -0.795 -0.789 -0.782 -0.689 -0.509 -0.770 -1.064 -1.018 -1.069
1975 -0.644 -0.712 -0.727 -0.555 -0.961 -1.260 -1.168 -1.272 -1.649 -1.828 -1.709 -1.901
1976 -1.707 -1.083 -0.704 -0.510 -0.278 0.135 0.215 0.310 0.303 0.534 0.546 0.302
1977 0.440 0.210 0.037 -0.343 -0.297 -0.088 -0.066 -0.249 -0.033 0.246 0.251 0.274
1978 0.218 0.080 -0.326 -0.646 -0.719 -0.679 -0.638 -0.810 -0.610 -0.468 -0.228 -0.013
1979 -0.091 -0.197 -0.020 0.163 0.016 -0.011 -0.134 -0.065 0.231 0.242 0.330 0.356
1980 0.336 0.160 0.069 0.082 0.118 0.207 -0.070 -0.268 -0.204 -0.211 -0.021 -0.014
1981 -0.525 -0.574 -0.336 -0.413 -0.441 -0.374 -0.553 -0.694 -0.331 -0.245 -0.287 -0.038
1982 0.084 -0.113 -0.080 0.166 0.441 0.593 0.428 0.641 1.208 1.625 1.790 1.962
1983 1.916 1.508 1.223 1.248 1.443 1.334 0.822 0.532 -0.077 -0.487 -0.775 -0.664
1984 -0.619 -0.406 -0.464 -0.487 -0.750 -0.834 -0.554 -0.442 -0.361 -0.619 -0.776 -0.995
1985 -0.922 -0.827 -0.812 -0.997 -0.987 -0.867 -0.842 -0.724 -0.688 -0.587 -0.480 -0.438
1986 -0.456 -0.315 -0.252 -0.291 -0.427 -0.276 -0.030 0.159 0.273 0.427 0.645 0.683
1987 0.750 0.904 0.908 0.696 0.793 0.827 0.969 1.088 1.258 1.100 1.013 0.903
1988 0.626 0.191 -0.024 -0.420 -1.008 -1.438 -1.388 -1.110 -1.007 -1.481 -1.516 -1.526
1989 -1.390 -1.049 -0.901 -0.714 -0.723 -0.504 -0.521 -0.468 -0.391 -0.365 -0.444 -0.228
1990 -0.099 0.185 0.017 0.068 0.152 0.067 0.064 0.123 0.118 0.068 0.116 0.214
1991 0.269 0.221 0.114 0.209 0.392 0.642 0.769 0.542 0.383 0.705 0.893 1.062
1992 0.989 1.081 0.978 1.113 1.067 0.607 0.215 0.066 0.034 -0.106 -0.149 -0.106
1993 0.066 0.309 0.350 0.672 0.791 0.479 0.346 0.287 0.334 0.180 0.144 0.159
1994 0.158 -0.051 -0.176 -0.142 0.059 0.123 0.097 0.120 0.205 0.669 0.872 0.903
1995 0.774 0.563 0.296 -0.020 -0.207 -0.138 -0.140 -0.468 -0.638 -0.658 -0.695 -0.717
1996 -0.618 -0.538 -0.374 -0.659 -0.564 -0.623 -0.500 -0.363 -0.429 -0.429 -0.443 -0.640
1997 -0.487 -0.224 0.066 0.410 0.887 1.295 1.715 1.935 2.092 2.170 2.410 2.316
1998 2.154 1.773 1.418 1.176 0.987 0.277 -0.218 -0.560 -0.811 -0.919 -0.933 -1.100
1999 -1.329 -1.099 -0.722 -0.881 -0.752 -0.784 -0.727 -0.793 -1.009 -1.088 -1.286 -1.322
2000 -1.390 -1.164 -0.800 -0.543 -0.615 -0.555 -0.502 -0.481 -0.349 -0.472 -0.693 -0.758
2001 -0.596 -0.479 -0.199 -0.152 -0.178 -0.158 -0.033 -0.113 -0.295 -0.199 -0.313 -0.317
2002 -0.131 0.108 0.329 0.376 0.567 0.717 0.538 0.541 0.712 0.839 1.159 1.085
2003 0.548 0.524 0.407 -0.008 -0.525 -0.241 0.149 0.268 0.123 0.422 0.571 0.611
2004 0.384 0.338 0.101 0.071 -0.212 -0.008 0.200 0.325 0.493 0.619 0.770 0.768
2005 0.542 0.175 0.144 0.231 0.283 0.153 0.091 0.086 -0.081 -0.210 -0.672 -0.746
2006 -0.596 -0.368 -0.454 -0.370 0.009 0.143 0.236 0.501 0.787 0.873 1.018 1.040
2007 0.787 0.286 -0.044 -0.260 -0.515 -0.405 -0.524 -0.750 -0.946 -1.135 -1.319 -1.378
2008 -1.312 -1.159 -0.787 -0.522 -0.385 -0.287 0.028 0.157 0.008 -0.099 -0.295 -0.602
2009 -0.612 -0.648 -0.591 -0.016 0.299 0.553 0.656 0.723 0.690 0.839 1.096 1.224
2010 1.035 0.850 0.664 0.461 0.119 -0.316 -0.787 -1.128 -1.306 -1.437 -1.422 -1.353
2011 -1.189 -0.761 -0.689 -0.352 -0.226 -0.081 -0.150 -0.400 -0.649 -0.903 -0.881 -0.875
2012 -0.670 -0.376 -0.311 -0.030 0.056 0.306 0.332 0.355 0.284 0.155 0.151 -0.229
2013 -0.390 -0.378 -0.213 -0.293 -0.528 -0.574 -0.484 -0.446 -0.261 -0.139 -0.061 -0.103
2014 -0.253 -0.368 -0.001 0.282 0.634 0.714 0.431 0.347 0.445 0.597 0.824 0.713
2015 0.485 0.370 0.485 0.926 1.122 1.440 1.632 1.630 1.891 1.973 2.268 2.199
2016 1.960 1.639 1.400 0.789 0.394 0.299 -0.083 -0.179 -0.127 -0.355 -0.374 -0.214
2017 0.032 0.357 0.408 0.476 0.367 0.288 0.222 -0.056 -0.411 -0.455 -0.727 -0.916
2018 -0.835 -0.634 -0.607 -0.273 -0.044 0.170 0.248 0.197 0.432 0.821 0.974 0.959
2019 0.715 0.670 0.655 0.633 0.612 0.453 0.318 0.100 0.062 0.356 0.534 0.508
2020 0.444 0.414 0.472 0.503 0.000 -0.209 -0.292 -0.464 -0.794 -0.853 -0.919 -0.819
2021 -0.788 -0.778 -0.591 -0.524 -0.310 -0.105 -0.137 -0.295 -0.470 -0.699 -0.801 -1.046
2022 -0.870 -0.828 -0.642 -0.797 -0.871 -0.690 -0.649 -0.755 -1.007 -1.111 -0.880 -0.733
2023 -0.562 -0.170 0.285 0.697 0.904 1.261 1.509 1.767 1.760 1.845 1.935 1.803
2024 1.698 1.416 0.915 0.728 0.245 0.205 0.187 0.051 -0.084 0.002 0.065 -0.256
2025 -0.363 -0.089 0.265 0.128 0.084 0.192 0.161 -0.099 -0.359 -0.332 -0.477 -0.533
