1951 2025
1951 146.500 150.000 137.500 167.000 162.000 146.000 165.000 169.000 127.000 166.000 147.000 142.500
1952 135.500 140.500 142.500 147.000 151.500 162.000 144.500 163.500 133.500 131.500 156.000 138.000
1953 156.000 151.500 148.000 162.000 162.000 159.000 130.500 152.500 128.000 148.000 144.500 138.500
1954 141.500 160.500 140.500 138.500 153.000 162.000 157.000 164.000 123.500 127.500 155.000 137.500
1955 144.000 137.000 136.000 137.500 162.000 166.500 168.000 150.000 122.000 132.500 135.000 141.000
1956 137.500 138.500 141.500 136.000 125.500 162.000 108.500 148.000 170.000 125.000 130.000 146.000
1957 148.000 138.500 154.000 149.000 163.000 166.000 116.000 112.500 124.000 136.500 167.000 138.500
1958 144.000 167.000 142.500 151.500 157.500 166.000 108.000 113.000 116.500 131.000 138.000 158.000
1959 137.000 149.000 164.000 128.000 163.000 162.500 111.500 108.500 168.500 167.000 170.000 141.500
1960 147.500 143.500 147.500 140.000 135.000 166.000 107.000 107.000 117.000 137.000 133.000 139.000
1961 144.000 145.000 146.000 134.000 141.000 112.500 108.000 107.500 114.000 132.000 145.500 138.500
1962 144.500 147.500 141.500 128.000 123.000 136.500 111.000 166.000 122.000 138.500 134.500 137.500
1963 140.500 153.000 147.500 125.000 139.500 170.000 106.500 111.500 151.000 128.500 134.500 138.000
1964 150.500 155.000 156.000 153.000 140.000 170.000 160.000 113.000 131.500 135.500 137.500 132.500
1965 138.000 152.500 149.000 144.500 135.000 166.000 157.500 170.000 127.000 138.000 135.500 134.000
1966 153.000 140.500 137.500 164.500 149.500 166.000 122.500 115.000 135.000 131.500 133.000 140.000
1967 146.000 147.000 146.500 156.500 136.500 141.000 109.000 156.000 127.000 141.500 153.500 131.000
1968 144.000 165.500 138.000 150.500 133.000 169.500 147.000 168.500 117.000 146.500 166.000 136.500
1969 141.500 135.000 141.000 145.500 135.000 139.000 118.500 158.500 154.500 135.500 130.000 134.500
1970 137.000 170.000 147.000 155.500 127.000 164.000 123.000 107.000 122.000 137.000 138.000 143.500
1971 139.500 143.500 150.500 137.500 137.500 158.000 125.000 164.500 127.000 139.500 144.000 137.000
1972 147.500 136.500 147.000 129.500 134.500 133.500 161.000 124.000 129.500 128.500 143.500 135.500
1973 147.500 150.000 154.000 132.500 141.500 162.000 161.500 108.500 166.000 135.000 139.000 139.500
1974 149.000 142.000 149.500 139.500 155.000 169.000 165.500 170.000 127.500 128.500 145.500 152.500
1975 144.000 145.500 145.000 151.000 152.500 166.000 170.000 167.000 131.500 137.000 132.000 143.000
1976 150.000 142.500 145.000 141.500 124.500 169.500 162.000 160.500 135.000 137.500 136.000 159.500
1977 162.500 154.000 149.000 141.500 160.000 170.000 160.000 132.500 130.500 138.500 128.500 149.000
1978 142.500 151.000 145.500 152.500 133.000 148.000 116.000 162.500 153.000 134.500 152.000 142.500
1979 144.500 133.500 158.500 155.000 162.000 165.500 148.000 127.500 126.500 137.500 127.000 138.500
1980 133.000 152.000 152.000 132.000 134.000 156.000 121.000 166.000 132.000 132.500 144.000 129.500
1981 157.500 156.500 159.000 149.500 135.000 162.000 162.000 126.500 136.000 132.500 138.500 140.500
1982 138.000 148.500 145.500 142.000 132.000 152.000 163.000 168.500 131.000 132.000 145.000 136.000
1983 156.500 142.500 170.000 121.000 145.000 163.000 157.500 165.500 168.000 140.000 162.000 142.500
1984 140.000 148.000 163.000 162.000 162.000 129.000 114.000 162.500 136.000 134.000 146.500 141.000
1985 146.500 146.000 138.500 125.500 157.000 160.500 157.000 113.500 169.000 137.500 135.500 136.000
1986 138.500 143.000 148.000 131.500 137.500 157.500 161.500 126.500 170.000 143.000 138.000 169.500
1987 147.000 148.500 146.000 149.500 135.000 149.000 170.000 166.500 126.500 131.000 131.000 136.500
1988 140.500 152.000 144.500 131.500 153.000 164.000 154.000 111.000 135.500 144.500 140.000 141.500
1989 150.500 153.000 132.500 144.500 139.500 156.000 116.000 116.000 128.000 135.500 134.500 157.000
1990 143.500 143.000 156.000 131.500 162.500 168.500 117.000 163.000 170.000 135.500 136.500 139.500
1991 155.500 144.500 146.500 145.500 157.000 132.500 161.500 165.000 170.000 129.000 132.500 143.500
1992 168.500 143.000 169.500 140.000 145.500 166.000 159.500 123.000 124.000 148.000 136.500 150.000
1993 147.000 160.500 149.000 157.000 162.000 164.000 162.000 129.000 170.000 144.000 147.500 137.000
1994 138.500 148.000 142.500 151.000 132.500 146.000 158.000 107.000 120.000 134.000 137.500 151.000
1995 139.500 150.500 137.000 142.500 126.000 164.000 164.000 161.500 143.500 142.500 138.500 161.500
1996 143.500 144.500 152.500 151.000 162.000 153.000 152.500 142.500 162.000 135.000 135.000 135.000
1997 155.500 158.000 144.500 148.500 154.500 170.000 167.000 164.000 132.000 132.000 135.000 140.500
1998 137.500 167.000 151.500 154.500 168.000 169.500 122.000 127.500 132.500 129.500 134.500 144.500
1999 144.000 145.000 143.000 138.000 136.000 159.000 170.000 123.000 170.000 127.000 138.000 141.000
2000 138.000 160.500 151.000 134.000 166.000 139.000 127.000 164.000 137.000 134.000 169.500 170.000
2001 152.500 153.500 137.500 144.500 130.500 152.500 160.000 128.000 139.000 153.000 138.000 146.500
2002 145.000 142.500 145.000 134.500 160.500 154.500 165.000 170.000 141.000 128.000 133.000 149.500
2003 143.000 151.500 151.000 153.500 149.000 155.000 153.500 127.000 163.000 133.000 132.000 149.000
2004 147.000 167.000 142.000 149.000 126.000 137.500 160.500 170.000 123.500 136.000 153.000 140.000
2005 143.000 147.500 142.000 159.000 137.500 161.000 144.000 169.000 135.500 133.500 134.000 147.000
2006 145.000 138.000 138.500 128.500 141.500 122.500 153.000 111.500 129.500 140.000 130.000 147.500
2007 155.500 146.500 141.500 152.500 144.500 157.000 148.000 166.000 170.000 142.000 141.000 143.500
2008 149.000 150.500 133.000 141.500 170.000 153.000 155.500 154.000 133.500 136.000 134.500 131.000
2009 133.000 147.000 133.500 148.000 145.500 127.500 139.000 136.000 134.000 137.000 130.500 142.000
2010 145.000 138.000 142.000 140.000 165.000 166.000 131.000 120.000 141.000 134.000 129.500 128.500
2011 153.500 142.000 147.500 135.500 158.500 166.500 159.000 137.000 128.500 143.000 142.500 150.500
2012 142.000 142.000 139.500 131.500 128.500 167.500 151.500 114.000 122.000 126.500 130.500 138.000
2013 156.500 147.000 140.000 137.000 148.500 162.000 118.500 134.500 125.000 137.500 135.500 140.500
2014 143.000 135.500 149.000 162.500 141.500 162.000 149.500 119.000 152.500 140.000 138.500 139.000
2015 145.500 143.500 136.000 140.000 162.000 149.000 162.000 166.000 133.000 140.000 138.500 154.500
2016 142.500 138.500 142.500 166.000 166.000 157.500 141.500 133.500 170.000 147.500 136.000 145.500
2017 147.500 155.000 150.000 152.000 166.000 160.500 139.000 119.500 130.000 143.500 135.500 139.000
2018 139.500 134.500 140.500 145.500 152.000 166.000 154.500 150.500 130.500 137.000 133.500 143.000
2019 158.500 154.000 151.500 154.000 130.000 144.500 159.000 168.500 169.000 127.500 141.500 136.000
2020 151.000 160.500 140.000 146.000 160.500 139.500 160.500 167.000 120.500 131.000 139.500 145.500
2021 135.000 148.000 140.500 141.500 132.500 162.000 115.500 117.500 153.500 140.500 134.000 137.500
2022 152.000 164.000 144.000 136.500 130.000 166.000 165.000 131.500 127.500 138.000 137.000 137.500
2023 145.500 150.000 133.500 143.000 144.500 153.000 144.500 124.000 127.500 140.000 134.000 137.500
2024 149.500 157.000 145.500 128.500 142.000 136.000 147.500 123.500 142.000 125.000 139.000 140.500
2025 135.500 162.500 140.000 127.500 130.500 130.500 114.500 131.500 130.000 153.000 142.500 135.000
