1951 2025
1951 -0.671 -0.705 -0.352 -0.195 0.418 0.185 0.080 -0.122 -0.015 -0.094 -0.249 -0.123
1952 -0.012 -0.051 -0.188 0.011 0.120 0.020 -0.261 -0.384 0.001 -0.336 -0.016 -0.381
1953 -0.258 -0.114 -0.164 -0.066 0.077 0.195 0.084 -0.063 -0.346 -0.043 -0.022 0.036
1954 0.119 0.070 -0.002 0.204 0.076 -0.030 -0.369 -0.396 -0.461 -0.694 -0.465 -0.534
1955 -0.480 -0.701 -0.763 -0.406 -0.249 -0.163 -0.180 -0.533 -0.557 -0.923 -0.928 -0.529
1956 -0.767 -0.801 -0.780 -0.694 -0.471 -0.316 -0.503 -0.887 -0.878 -0.568 -0.162 -0.066
1957 -0.224 -0.289 -0.324 -0.032 -0.076 -0.191 -0.376 -0.250 -0.003 -0.116 -0.190 -0.081
1958 0.288 0.603 0.557 0.306 0.178 0.161 0.090 0.072 0.166 0.115 0.107 0.194
1959 0.126 -0.097 -0.182 -0.001 0.035 -0.094 -0.169 -0.062 -0.158 -0.161 -0.340 -0.235
1960 -0.474 -0.457 -0.334 -0.308 -0.144 -0.203 -0.381 -0.442 -0.449 -0.140 0.114 0.213
1961 -0.053 -0.230 -0.279 -0.470 -0.391 -0.241 -0.191 -0.315 -0.031 -0.308 -0.172 -0.196
1962 -0.343 -0.377 -0.160 0.000 -0.240 -0.076 -0.339 -0.466 -0.409 -0.361 -0.237 -0.255
1963 -0.445 -0.363 -0.118 -0.123 -0.258 -0.451 -0.100 -0.078 0.173 0.160 -0.104 -0.205
1964 0.033 -0.004 -0.335 0.088 0.152 -0.249 -0.534 -0.603 -1.111 -0.999 -1.139 -0.895
1965 -0.618 -0.443 -0.527 -0.735 -0.242 -0.153 -0.159 -0.155 -0.195 0.174 0.004 -0.066
1966 0.044 0.336 0.851 0.337 0.095 0.135 0.237 0.222 0.275 0.027 0.073 0.189
1967 -0.342 -0.480 -0.044 0.421 0.008 -0.098 0.018 0.061 0.118 0.216 0.225 0.188
1968 0.181 0.248 0.111 0.111 0.017 0.092 -0.169 -0.059 -0.046 0.040 0.478 0.543
1969 0.816 1.033 0.631 0.454 0.266 -0.003 -0.006 0.171 0.334 0.448 0.392 0.216
1970 0.119 0.385 0.123 0.120 0.069 0.361 0.426 -0.070 -0.472 -0.540 -0.419 -0.868
1971 -0.943 -0.651 -0.680 -0.614 -0.487 -0.507 -0.628 -0.579 -0.912 -0.672 -0.344 -0.004
1972 -0.314 -0.013 0.054 0.235 0.145 -0.026 -0.236 -0.558 -0.341 -0.185 -0.148 -0.142
1973 0.042 0.177 0.079 0.097 0.217 -0.127 -0.266 -0.557 -0.755 -0.856 -1.076 -1.192
1974 -1.193 -0.832 -0.658 -0.734 -0.653 -0.602 -0.788 -0.510 -0.669 -0.702 -0.578 -0.609
1975 -0.409 -0.119 -0.422 -0.624 -0.571 -0.724 -0.912 -1.171 -1.355 -1.440 -1.403 -1.317
1976 -0.884 -0.759 -0.605 -0.424 -0.501 -0.570 -0.540 -0.468 -0.390 -0.279 -0.106 -0.139
1977 -0.010 -0.046 -0.105 0.158 -0.065 0.007 0.105 0.065 0.289 0.275 0.344 0.387
1978 0.422 0.280 0.143 -0.082 0.190 -0.030 -0.153 -0.045 -0.070 -0.281 -0.152 -0.077
1979 0.114 0.104 0.103 0.080 -0.018 -0.054 0.042 -0.306 -0.185 -0.061 0.072 0.205
1980 0.296 0.443 0.308 0.305 0.421 0.255 0.183 -0.026 -0.081 0.091 0.115 0.058
1981 0.240 0.277 0.158 -0.174 -0.208 -0.281 -0.363 -0.270 -0.176 -0.194 -0.028 0.014
1982 -0.019 -0.073 0.191 0.463 0.362 0.357 0.080 -0.158 -0.297 -0.128 -0.278 -0.530
1983 -0.701 -0.482 -0.343 -0.439 -0.400 -0.486 -0.104 -0.262 -0.668 -0.542 -0.493 -0.400
1984 -0.498 -0.535 -0.639 -0.537 -0.277 -0.174 -0.159 -0.313 -0.278 -0.353 -0.401 -0.362
1985 -0.057 -0.242 -0.589 -0.578 -0.416 -0.398 -0.152 -0.085 -0.020 0.034 0.045 0.145
1986 0.150 0.072 0.085 -0.054 0.042 0.115 0.081 0.125 0.209 0.130 0.174 0.036
1987 -0.027 0.141 0.165 -0.097 -0.043 0.183 0.151 0.145 0.223 0.446 0.526 0.440
1988 0.450 0.539 0.258 0.041 0.135 0.116 0.002 -0.044 -0.362 -0.898 -0.939 -1.028
1989 -1.054 -1.036 -0.642 -0.527 -0.323 -0.644 -0.529 -0.461 -0.253 -0.175 -0.190 0.118
1990 0.232 0.464 0.420 0.288 0.007 0.099 0.145 0.220 0.288 0.503 0.624 0.729
1991 0.602 0.620 0.445 0.495 0.483 0.243 0.232 0.399 0.294 0.552 0.412 0.392
1992 0.158 0.473 0.312 0.119 -0.040 0.179 0.438 0.277 0.197 0.111 0.119 0.159
1993 0.291 0.039 -0.016 -0.166 -0.237 -0.015 0.082 0.152 0.271 0.057 0.199 0.229
1994 0.113 0.042 0.175 0.290 0.391 0.417 0.652 0.841 0.634 0.574 0.487 0.658
1995 0.481 0.622 0.804 0.683 0.550 0.379 0.194 0.351 0.177 0.055 -0.052 -0.015
1996 -0.058 -0.148 -0.088 0.016 -0.021 -0.041 -0.073 -0.006 -0.042 0.037 0.151 0.306
1997 0.088 0.278 0.346 0.753 0.380 -0.210 -0.249 -0.404 -0.347 -0.536 -0.494 -0.648
1998 -0.506 -0.300 -0.369 -0.582 -0.086 -0.525 -0.516 -0.616 -0.521 -0.832 -0.984 -0.938
1999 -1.076 -1.172 -1.021 -0.716 -0.572 -0.514 -0.710 -0.621 -0.397 -0.303 -0.556 -0.647
2000 -0.581 -0.898 -1.110 -1.203 -0.994 -0.532 -0.359 -0.288 -0.239 -0.332 -0.361 -0.583
2001 -0.620 -0.598 -0.578 -0.394 -0.198 0.008 0.248 0.191 0.312 0.298 0.210 0.209
2002 0.462 0.543 0.285 0.528 0.622 0.543 0.587 0.559 0.383 0.360 0.437 0.437
2003 0.415 0.599 0.618 0.505 0.114 0.276 0.265 0.226 0.236 0.312 0.225 0.210
2004 0.340 0.357 0.156 0.253 0.277 0.401 0.544 0.588 0.615 0.585 0.605 0.672
2005 0.821 0.760 0.722 0.569 0.355 0.272 -0.031 0.012 0.135 0.209 0.422 0.317
2006 -0.088 -0.432 -0.261 -0.022 0.106 0.204 0.307 0.391 0.414 0.429 0.616 0.540
2007 0.386 0.516 0.451 0.273 0.086 0.109 0.279 0.301 -0.018 -0.165 -0.324 -0.359
2008 -0.778 -0.976 -0.943 -0.834 -0.865 -0.804 -0.649 -0.586 -0.563 -0.461 -0.544 -0.481
2009 -0.644 -0.508 -0.192 -0.060 0.008 0.087 0.134 0.260 0.370 0.702 0.794 0.729
2010 0.762 0.622 0.616 0.522 0.263 0.104 -0.262 -0.646 -0.794 -0.895 -0.856 -0.749
2011 -0.799 -0.632 -0.404 -0.459 -0.312 -0.317 -0.273 -0.335 -0.387 -0.362 -0.330 -0.543
2012 -0.704 -0.737 -0.594 -0.420 -0.346 -0.203 -0.094 0.009 0.190 0.408 0.414 0.146
2013 0.252 0.119 -0.230 -0.000 0.221 0.280 0.151 0.206 0.120 0.057 0.160 0.017
2014 0.043 0.134 0.362 0.428 0.468 0.276 0.103 0.279 0.337 0.322 0.497 0.538
2015 0.673 0.918 0.922 0.831 0.660 0.435 0.226 0.261 0.152 0.120 0.389 0.308
2016 0.277 0.531 0.564 0.633 0.670 0.559 0.307 0.084 -0.027 -0.095 -0.077 0.090
2017 -0.035 -0.159 -0.072 0.019 0.200 0.427 0.364 0.217 0.059 0.193 0.139 0.049
2018 0.119 0.111 0.253 0.194 0.325 0.381 0.312 0.593 0.562 0.760 0.668 0.623
2019 0.592 0.560 0.481 0.431 0.467 0.660 0.913 0.787 0.671 0.792 0.726 0.842
2020 0.832 0.818 0.761 0.550 0.260 0.303 0.163 0.079 -0.025 -0.244 -0.299 -0.576
2021 -0.712 -0.562 -0.267 0.028 0.146 0.043 0.020 0.037 -0.238 -0.293 -0.150 -0.134
2022 0.224 0.172 -0.307 -0.319 -0.242 -0.237 -0.630 -0.666 -0.649 -0.552 -0.477 -0.412
2023 -0.345 -0.407 -0.124 0.077 0.097 0.207 0.174 0.265 0.394 0.471 0.766 0.774
2024 0.880 0.746 0.759 0.857 0.950 0.882 0.671 0.544 0.252 0.237 0.261 -0.035
2025 -0.355 -0.427 -0.223 -0.003 0.217 0.337 0.159 0.001 0.053 -0.122 -0.149 0.085
