1951 2025
1951 -0.924 -0.951 -0.812 -0.860 -0.650 -0.636 -0.639 -0.644 -0.529 -0.380 -0.382 -0.395
1952 -0.510 -0.399 -0.361 -0.389 -0.512 -0.668 -0.750 -0.777 -0.745 -0.840 -0.850 -0.719
1953 -0.604 -0.537 -0.368 -0.400 -0.392 -0.470 -0.541 -0.596 -0.740 -0.611 -0.461 -0.329
1954 -0.391 -0.320 -0.395 -0.540 -0.617 -0.615 -0.746 -0.692 -0.838 -0.907 -0.876 -0.783
1955 -0.351 -0.611 -0.634 -0.737 -0.971 -1.108 -0.931 -0.757 -0.674 -0.733 -0.773 -0.787
1956 -0.707 -0.744 -0.582 -0.711 -1.090 -1.085 -1.076 -0.900 -0.879 -0.843 -0.717 -0.619
1957 -0.444 -0.629 -0.553 -0.418 -0.233 -0.390 -0.441 -0.479 -0.524 -0.438 -0.345 -0.336
1958 -0.023 -0.069 -0.277 -0.172 -0.282 -0.314 -0.343 -0.356 -0.386 -0.380 -0.496 -0.413
1959 -0.180 -0.082 -0.218 -0.342 -0.253 -0.420 -0.544 -0.510 -0.469 -0.431 -0.403 -0.367
1960 -0.455 -0.460 -0.327 -0.356 -0.441 -0.549 -0.549 -0.616 -0.601 -0.589 -0.670 -0.410
1961 -0.330 -0.401 -0.390 -0.484 -0.509 -0.396 -0.405 -0.492 -0.565 -0.484 -0.534 -0.447
1962 -0.603 -0.552 -0.421 -0.377 -0.450 -0.448 -0.317 -0.267 -0.324 -0.385 -0.421 -0.360
1963 -0.404 -0.545 -0.569 -0.466 -0.409 -0.488 -0.436 -0.386 -0.419 -0.276 -0.081 -0.168
1964 0.003 -0.005 -0.114 -0.060 -0.478 -0.469 -0.572 -0.595 -0.568 -0.577 -0.846 -0.746
1965 -0.686 -0.542 -0.764 -0.562 -0.714 -0.682 -0.528 -0.548 -0.465 -0.352 -0.372 -0.386
1966 -0.296 -0.087 -0.375 -0.463 -0.528 -0.356 -0.299 -0.383 -0.280 -0.286 -0.332 -0.367
1967 -0.516 -0.610 -0.463 -0.430 -0.317 -0.312 -0.391 -0.469 -0.502 -0.330 -0.417 -0.408
1968 -0.703 -0.653 -0.743 -0.703 -0.683 -0.535 -0.590 -0.541 -0.512 -0.369 -0.421 -0.348
1969 -0.188 -0.116 -0.023 0.102 0.037 -0.267 -0.307 -0.202 -0.232 -0.072 -0.116 -0.056
1970 0.099 -0.019 0.095 0.005 -0.119 -0.224 -0.145 -0.097 -0.298 -0.355 -0.423 -0.513
1971 -0.418 -0.733 -0.678 -0.508 -0.561 -0.586 -0.513 -0.428 -0.447 -0.624 -0.585 -0.501
1972 -0.326 -0.389 -0.619 -0.494 -0.318 -0.097 -0.278 -0.157 0.001 0.102 0.181 0.225
1973 0.189 0.050 0.027 0.056 -0.206 -0.259 -0.212 -0.212 -0.093 -0.119 -0.278 -0.512
1974 -0.703 -0.784 -0.721 -0.626 -0.513 -0.413 -0.366 -0.392 -0.409 -0.505 -0.591 -0.438
1975 -0.488 -0.389 -0.579 -0.647 -0.486 -0.432 -0.258 -0.409 -0.444 -0.620 -0.647 -0.779
1976 -0.803 -0.607 -0.672 -0.506 -0.431 -0.233 -0.199 -0.311 -0.368 -0.243 -0.277 -0.323
1977 -0.190 -0.420 -0.345 -0.220 -0.191 -0.078 -0.152 -0.067 -0.082 -0.085 -0.052 -0.056
1978 0.068 0.008 -0.140 -0.155 -0.479 -0.520 -0.508 -0.477 -0.537 -0.403 -0.366 -0.233
1979 -0.002 -0.034 -0.033 -0.074 -0.254 -0.117 -0.230 -0.309 -0.241 -0.182 -0.088 0.061
1980 0.001 -0.121 -0.162 -0.065 0.082 -0.090 -0.135 -0.143 -0.161 -0.070 -0.073 -0.124
1981 -0.285 -0.279 -0.018 -0.237 -0.166 -0.139 -0.075 -0.147 -0.161 0.083 -0.157 -0.248
1982 -0.204 -0.237 -0.312 -0.184 -0.027 -0.077 -0.103 0.029 0.049 0.127 0.196 0.250
1983 0.120 0.246 0.187 0.191 0.215 0.362 0.299 0.285 0.138 -0.046 -0.128 -0.188
1984 -0.340 -0.551 -0.364 -0.211 -0.444 -0.509 -0.488 -0.493 -0.374 -0.336 -0.216 -0.291
1985 -0.193 -0.253 -0.260 -0.191 -0.293 -0.482 -0.280 -0.357 -0.327 -0.451 -0.373 -0.229
1986 -0.449 -0.328 -0.505 -0.326 -0.200 -0.119 -0.204 -0.440 -0.466 -0.294 0.007 -0.016
1987 -0.101 -0.094 0.158 0.153 0.326 0.208 0.298 0.351 0.379 0.320 0.275 0.120
1988 0.300 0.528 0.464 0.287 0.025 0.056 0.092 0.284 0.330 0.205 -0.026 -0.022
1989 -0.229 -0.214 -0.201 -0.377 -0.364 -0.450 -0.284 -0.275 -0.106 -0.163 0.039 0.067
1990 -0.048 0.213 0.037 -0.008 0.034 -0.149 -0.040 -0.126 -0.132 -0.039 -0.037 0.141
1991 0.156 0.077 0.111 0.168 0.229 0.093 0.086 -0.005 0.011 -0.069 -0.094 -0.060
1992 0.039 -0.100 -0.085 -0.104 0.100 0.069 0.112 -0.158 -0.332 -0.246 -0.233 -0.367
1993 -0.277 -0.270 -0.200 -0.179 -0.021 -0.094 -0.204 -0.206 -0.197 -0.266 -0.131 -0.275
1994 -0.131 -0.224 -0.327 -0.181 -0.130 -0.307 -0.314 -0.272 -0.343 -0.025 -0.137 -0.081
1995 -0.139 -0.077 -0.218 -0.064 -0.083 0.070 0.048 -0.013 -0.076 -0.041 -0.169 -0.201
1996 -0.083 -0.037 0.012 -0.132 -0.183 -0.104 -0.151 -0.262 -0.223 -0.340 -0.174 -0.060
1997 -0.128 -0.401 -0.130 -0.122 -0.186 0.129 -0.084 0.037 0.161 0.176 0.224 0.406
1998 0.623 0.737 0.690 0.675 0.558 0.448 0.196 0.263 0.069 0.075 -0.014 -0.103
1999 -0.160 -0.091 0.030 -0.134 -0.365 -0.253 -0.112 -0.180 -0.058 -0.131 0.001 -0.005
2000 0.088 -0.182 -0.263 -0.219 -0.274 -0.348 -0.109 0.071 0.148 0.132 0.068 -0.070
2001 -0.231 -0.210 -0.069 0.089 0.133 0.046 0.009 0.091 0.113 0.063 0.072 0.289
2002 0.267 0.056 0.210 0.161 0.080 0.166 0.296 0.102 0.220 0.257 0.230 0.442
2003 0.402 0.434 0.263 0.305 0.256 0.283 0.243 0.108 0.186 0.068 0.010 -0.089
2004 0.214 0.204 0.023 0.127 -0.202 -0.204 -0.150 -0.009 -0.007 0.057 0.063 0.083
2005 0.123 0.252 0.296 0.177 0.293 0.212 0.051 0.125 0.023 -0.009 -0.064 -0.148
2006 -0.148 0.037 -0.038 -0.100 0.064 0.076 0.020 0.167 0.050 0.118 0.247 0.254
2007 0.225 0.263 0.071 0.083 0.162 0.356 0.199 0.266 0.170 0.051 -0.015 -0.022
2008 0.066 -0.321 -0.484 -0.345 -0.280 -0.105 -0.042 0.060 0.246 0.209 0.130 0.019
2009 0.065 0.149 0.251 0.100 0.210 0.355 0.304 0.404 0.279 0.319 0.299 0.383
2010 0.455 0.675 0.674 0.597 0.533 0.411 0.387 0.297 0.228 0.196 0.105 0.023
2011 -0.117 -0.105 -0.084 -0.227 -0.026 0.101 0.179 0.289 0.146 0.263 0.390 0.350
2012 0.238 0.131 -0.147 0.139 0.261 0.179 0.143 0.337 0.292 0.352 0.342 0.459
2013 0.315 0.284 0.305 0.202 0.036 -0.096 -0.078 0.022 0.138 0.261 0.449 0.233
2014 0.120 0.065 0.118 0.260 0.410 0.418 0.276 0.283 0.295 0.420 0.383 0.370
2015 0.164 0.151 0.321 0.388 0.486 0.553 0.561 0.682 0.724 0.851 0.762 0.898
2016 0.968 0.757 0.997 0.937 0.702 0.387 0.261 0.379 0.111 0.105 0.191 0.214
2017 0.097 0.064 0.060 0.058 0.208 0.202 0.389 0.396 0.381 0.370 0.359 0.057
2018 -0.057 0.094 0.070 0.127 0.223 0.102 0.145 0.161 0.132 0.226 0.295 0.324
2019 0.445 0.423 0.360 0.577 0.526 0.607 0.583 0.576 0.364 0.467 0.507 0.551
2020 0.682 0.503 0.611 0.684 0.617 0.595 0.659 0.544 0.447 0.472 0.387 0.282
2021 0.032 0.124 0.225 0.168 0.207 0.184 0.272 0.290 0.253 0.217 0.230 0.346
2022 0.545 0.250 0.265 0.417 0.248 0.250 0.050 0.117 0.163 0.074 0.048 0.066
2023 -0.043 -0.052 0.082 0.345 0.304 0.426 0.409 0.548 0.497 0.546 0.702 0.810
2024 0.942 1.103 0.744 0.869 0.785 0.811 0.829 0.760 0.717 0.767 0.818 0.490
2025 0.334 0.383 0.429 0.543 0.649 0.457 0.472 0.429 0.403 0.413 0.310 0.351
