1951 2025
1951 -2.893 -2.057 -0.943 0.949 2.399 2.955 1.557 1.774 3.566 3.432 0.414 -0.783
1952 -3.316 -4.290 -2.617 -0.382 0.234 -0.907 -0.885 0.212 1.806 2.517 0.358 0.053
1953 -1.687 -1.932 -0.319 1.908 2.769 2.886 2.741 3.898 3.956 3.233 0.265 -1.015
1954 -3.275 -3.081 -4.091 -2.769 -1.833 -1.535 -1.442 -0.067 1.436 0.810 -2.109 -4.362
1955 -3.502 -1.969 0.787 2.590 4.155 3.131 3.978 3.759 6.221 5.611 1.654 0.415
1956 -1.991 -2.204 -0.997 -0.410 -0.431 -1.816 -2.999 -2.605 -2.791 -3.260 -4.036 -2.985
1957 -4.004 -6.062 -2.904 1.043 2.272 3.054 3.126 4.858 6.030 3.978 1.653 2.441
1958 -0.065 -2.244 0.024 2.111 1.286 -1.900 -2.451 -2.480 -1.934 -2.541 -4.493 -5.534
1959 -6.646 -7.267 -4.766 -2.563 -0.637 1.027 3.348 4.829 8.271 7.399 5.646 2.301
1960 -1.260 -1.416 -0.392 -0.784 0.661 -1.166 -2.107 -2.285 -1.341 -1.141 -3.018 -3.325
1961 -4.225 -2.495 -1.780 0.753 3.808 4.543 5.094 7.251 7.474 6.518 4.522 2.322
1962 -0.565 -3.013 -0.325 1.587 1.625 -0.370 -1.459 -2.414 -1.753 -3.714 -4.812 -5.179
1963 -7.448 -8.639 -5.985 -4.322 -3.589 -2.955 -0.970 2.261 5.198 5.531 2.536 2.703
1964 -0.274 0.392 0.330 2.620 3.247 2.753 1.301 0.948 0.802 -2.125 -2.119 -3.184
1965 -5.225 -4.514 -2.949 -1.423 -0.981 -2.435 -3.412 -2.535 -2.825 -3.877 -6.132 -7.178
1966 -7.510 -8.302 -4.581 -1.069 1.979 2.440 3.702 5.607 7.126 6.206 2.634 2.551
1967 0.489 0.402 2.337 3.503 2.562 2.010 0.185 0.329 -0.496 -2.259 -3.252 -5.011
1968 -7.028 -5.772 -4.110 -3.449 -3.451 -3.472 -2.970 -2.425 -2.271 -3.451 -4.640 -4.656
1969 -4.937 -3.851 -1.794 2.268 3.923 3.829 4.117 3.901 4.875 4.284 2.077 -0.518
1970 -2.410 -2.007 -2.285 -1.926 -2.047 -2.678 -4.789 -4.476 -5.120 -6.092 -5.584 -4.750
1971 -6.575 -4.436 -0.890 1.139 1.891 2.204 2.927 4.815 3.457 2.170 1.952 0.728
1972 -0.798 -1.344 0.004 2.049 0.951 -1.744 -3.628 -6.002 -5.390 -6.015 -5.767 -4.411
1973 -4.364 -3.243 -0.024 2.414 3.972 4.233 3.815 4.042 4.139 3.010 1.218 -0.563
1974 -3.383 -3.439 -3.933 -0.889 -0.421 -0.911 -3.332 -4.913 -4.522 -5.238 -6.203 -7.261
1975 -7.678 -6.320 -4.751 -1.358 0.386 1.225 2.222 2.078 1.621 3.539 3.833 1.756
1976 0.235 0.010 1.245 2.900 3.593 1.895 1.200 0.489 0.812 -2.556 -3.880 -5.047
1977 -7.721 -5.965 -6.002 -3.253 -2.726 -3.537 -4.476 -1.966 -0.945 -1.445 -0.450 -0.200
1978 -1.754 0.472 2.359 4.183 4.644 2.745 1.402 1.024 1.124 0.368 1.202 -0.075
1979 -2.731 -4.335 -2.358 0.374 -0.998 -2.269 -3.138 -2.665 -3.469 -6.047 -5.415 -3.082
1980 -4.595 -5.015 -4.049 -0.180 2.190 2.752 4.372 6.023 6.480 3.924 4.020 2.778
1981 0.305 -1.741 1.119 2.621 1.682 1.222 0.526 0.504 -0.286 -1.188 -3.001 -3.831
1982 -6.971 -6.988 -5.647 -2.620 -0.868 0.410 2.159 3.485 4.532 2.009 4.618 3.487
1983 3.028 2.280 3.987 5.430 5.394 3.890 1.574 1.476 1.761 -1.959 -2.539 -3.820
1984 -5.012 -5.846 -5.562 -2.645 -1.935 -4.324 -6.441 -5.461 -5.039 -5.141 -3.831 -3.813
1985 -2.591 -1.515 0.350 3.840 5.700 5.394 4.780 5.828 5.683 4.693 2.810 1.489
1986 -1.114 -0.937 1.070 1.745 1.632 -0.177 -0.576 -2.824 -3.769 -1.613 -3.621 -4.444
1987 -5.374 -5.077 -4.254 -2.120 -2.758 -3.480 -0.851 2.325 5.127 4.936 4.644 3.529
1988 3.761 1.785 0.714 2.912 3.278 2.506 0.301 -1.719 -1.493 -2.359 -2.272 -2.223
1989 -3.395 -5.144 -2.853 -0.185 -0.304 -0.993 -0.953 -0.719 -0.070 -2.753 -4.451 -3.575
1990 -4.498 -4.737 -0.259 2.946 5.314 5.062 5.179 5.223 3.505 5.218 4.177 2.293
1991 0.680 0.142 1.043 2.442 1.530 0.357 -0.584 -1.356 -1.710 -2.593 -3.381 -4.520
1992 -6.849 -5.255 -2.292 -1.493 -1.839 -1.381 -0.658 0.725 1.385 0.142 2.364 3.045
1993 2.791 1.289 3.441 5.852 5.572 3.638 1.769 0.516 1.551 -1.193 -2.224 -3.548
1994 -5.342 -4.985 -4.628 -3.039 -2.773 -3.863 -5.349 -5.162 -3.350 -2.556 -1.133 2.538
1995 0.458 0.790 3.833 4.407 5.442 5.571 4.101 4.019 2.229 1.040 -0.948 -1.386
1996 -4.749 -5.259 -5.081 -2.549 -2.466 -3.272 -5.346 -6.468 -6.045 -4.542 -4.154 -3.645
1997 -3.947 -1.278 1.243 2.987 4.265 4.702 5.702 4.022 4.042 2.819 1.061 -1.701
1998 -2.585 -2.605 -2.003 -0.111 -1.414 -4.110 -5.356 -3.807 -3.014 -2.823 -1.961 -1.330
1999 -0.151 -0.061 1.011 3.512 4.937 5.396 4.930 4.578 4.444 2.336 0.696 -0.813
2000 -1.558 -1.691 -0.558 0.928 1.746 0.162 -2.113 -2.073 -3.536 -7.079 -6.744 -5.490
2001 -6.891 -7.643 -5.546 -3.982 -4.039 -5.605 -4.514 -3.683 -1.971 -3.291 -0.795 -0.973
2002 -1.652 1.278 2.593 4.158 4.939 3.951 1.827 -1.212 -1.545 -0.707 0.063 -2.606
2003 -4.456 -4.871 -3.382 -2.508 -2.135 -2.820 -4.173 -3.624 -4.441 -7.026 -4.746 -4.140
2004 -4.742 -1.405 -0.608 2.099 3.927 4.036 2.871 2.981 1.707 -0.097 0.521 -0.404
2005 -2.512 -4.237 -3.001 -2.318 -3.137 -5.083 -6.097 -6.401 -8.063 -9.346 -8.962 -8.172
2006 -8.311 -5.301 -2.283 0.991 2.950 4.268 4.800 4.174 4.292 2.200 2.451 0.034
2007 -1.562 -3.117 -2.401 -1.257 -1.626 -3.910 -7.020 -7.012 -8.603 -10.110 -7.077 -6.039
2008 -6.474 -5.593 -1.061 1.459 3.040 4.409 4.863 5.102 4.659 1.804 1.487 -0.599
2009 -0.372 -1.191 0.430 1.926 0.969 -0.947 -1.137 -1.562 -3.014 -5.323 -4.047 -6.290
2010 -6.765 -7.942 -6.618 -5.120 -4.581 -4.928 -3.084 -0.881 1.800 3.147 5.040 2.328
2011 1.408 0.667 2.217 2.398 2.031 1.102 -1.950 -0.140 -0.193 -1.548 -3.148 -4.822
2012 -7.857 -7.260 -5.848 -4.908 -4.206 -5.303 -5.608 -6.152 -6.481 -9.056 -5.523 -4.668
2013 -5.345 -3.429 -0.874 0.625 3.125 4.600 4.600 4.471 3.671 0.905 3.330 2.678
2014 -1.492 -1.618 0.060 1.177 -0.230 -1.561 -3.451 -4.571 -5.460 -8.271 -7.381 -7.535
2015 -9.031 -9.174 -7.028 -5.753 -2.363 0.072 2.723 5.360 6.775 6.007 4.552 3.072
2016 1.108 -1.131 -0.806 0.274 0.278 0.034 0.325 1.791 0.163 1.155 1.726 2.652
2017 1.271 0.569 3.128 4.068 3.530 0.465 -1.215 -4.216 -4.755 -5.643 -4.552 -5.738
2018 -7.864 -8.390 -7.048 -4.596 -4.783 -5.472 -5.560 -2.476 -0.965 -1.332 0.082 0.973
2019 0.845 1.861 2.717 3.687 4.863 3.817 2.326 0.373 -4.035 -2.037 -1.158 -1.724
2020 -4.156 -3.945 -1.783 -2.112 -0.571 -0.861 0.182 1.486 2.680 2.999 4.487 0.276
2021 -0.035 -0.435 2.161 1.199 0.951 0.418 -0.487 -1.394 -1.718 -2.730 -4.092 -6.178
2022 -7.525 -6.423 -6.495 -5.113 -2.732 -0.805 1.164 3.888 4.906 5.361 5.923 3.897
2023 2.162 0.409 3.406 4.744 4.198 2.397 -0.894 -1.570 -2.074 -5.312 -3.945 -6.760
2024 -8.377 -9.466 -9.100 -5.743 -1.896 -0.683 0.621 1.030 1.478 1.792 3.909 3.492
2025 1.127 0.958 -0.554 1.640 1.199 -1.665 -3.704 -4.524 -7.573 -7.784 -7.800 -8.933
