1951 2025
1951 0.273 -0.206 0.015 -0.674 -0.017 0.766 0.225 -0.353 -0.104 0.262 0.227 0.319
1952 -0.353 -0.549 0.189 0.125 -0.243 0.223 -0.103 0.265 -0.260 -0.064 -0.518 -0.225
1953 0.020 -0.053 0.516 -0.503 -0.303 0.003 -0.056 -0.089 0.320 0.119 -0.070 0.463
1954 0.241 -0.119 0.204 -0.034 -0.804 0.774 -0.047 0.410 0.175 0.366 -0.298 -0.074
1955 -0.068 -0.453 0.160 -0.141 0.329 0.736 0.465 0.612 -0.231 0.235 0.152 0.024
1956 -0.308 -0.487 0.147 -0.029 0.395 0.107 0.460 0.535 0.828 0.527 -0.553 -0.239
1957 0.345 -0.619 0.052 -0.120 -0.557 1.065 0.307 0.066 0.052 0.401 0.134 0.214
1958 -0.314 -0.264 0.381 0.198 -0.086 0.614 0.846 0.365 0.901 0.401 0.195 -0.416
1959 -0.697 0.905 0.262 0.068 -0.139 0.673 0.646 0.898 0.797 0.448 -0.442 0.094
1960 -0.356 -0.178 0.535 -0.087 -0.418 0.650 0.633 0.750 0.062 0.409 0.153 -0.462
1961 -0.323 0.373 -0.155 0.209 0.130 0.409 0.601 0.649 0.696 0.134 0.001 -0.042
1962 0.021 0.090 -0.002 -0.173 0.258 1.045 0.338 0.699 0.377 0.561 -0.597 -0.045
1963 -0.225 0.047 0.563 -0.315 -0.248 0.836 0.571 0.530 0.122 0.507 0.029 0.008
1964 0.981 -0.078 0.436 0.223 0.766 1.112 0.357 1.062 0.300 0.240 0.121 -0.268
1965 -0.133 -0.170 -0.268 0.035 0.717 0.852 0.754 0.797 0.331 1.027 -0.246 -0.063
1966 -0.168 -0.267 0.107 -0.020 0.566 0.293 0.313 0.715 0.690 0.508 -0.696 -0.389
1967 0.223 0.348 -0.097 -0.455 0.120 0.829 0.406 0.211 0.333 0.396 -0.486 -0.198
1968 -0.046 -0.270 0.256 0.041 0.208 0.590 0.759 0.298 0.243 0.581 0.440 -0.017
1969 -0.321 -0.730 0.348 0.180 0.076 0.674 0.240 0.305 0.031 0.647 -0.695 -0.465
1970 -0.385 -0.432 -0.806 0.008 0.100 0.046 0.459 0.580 0.228 0.350 -0.136 0.216
1971 -0.116 -0.267 -0.001 0.138 0.331 0.721 0.702 0.813 0.327 0.788 -0.235 0.448
1972 0.338 0.098 0.267 -0.222 0.102 0.612 0.451 0.162 0.382 0.358 -0.142 0.210
1973 0.640 0.079 -0.014 -0.033 -0.015 0.241 0.409 0.347 0.545 0.538 -0.073 -0.159
1974 0.007 -0.302 -0.160 0.451 0.197 0.834 0.348 0.665 0.080 -0.243 -0.036 0.400
1975 0.365 0.324 0.144 -0.443 -0.054 0.688 0.552 0.602 0.039 0.627 0.182 0.503
1976 0.040 0.409 -0.319 -0.214 0.059 0.932 0.662 0.029 0.502 0.415 -0.157 -0.529
1977 -0.945 -0.431 0.392 -0.416 -0.136 0.260 0.343 0.102 0.288 0.204 -0.244 0.208
1978 -0.264 -0.354 -0.125 0.344 -0.078 0.074 0.416 0.421 0.249 0.488 0.318 0.116
1979 -0.491 0.327 -0.234 -0.002 -0.180 -0.128 -0.105 0.187 -0.234 0.047 -0.296 0.380
1980 -0.321 -0.068 -0.201 0.191 -0.239 -0.640 0.070 0.019 -0.010 -0.105 0.259 -0.409
1981 -0.049 -0.208 0.196 0.393 0.134 0.217 -0.242 -0.102 -0.225 -0.628 -0.348 -0.434
1982 -0.065 0.448 0.109 -0.103 0.056 0.371 0.134 0.079 -0.013 0.168 -0.064 0.031
1983 0.294 0.020 -0.300 -0.548 -0.160 -0.027 -0.162 0.093 0.175 0.166 0.440 -0.248
1984 -0.441 -0.439 -0.459 0.212 -0.091 0.104 0.406 0.545 0.057 -0.109 0.286 0.050
1985 -0.565 -0.190 0.137 0.151 -0.080 0.428 0.604 0.193 0.189 0.540 -0.318 -0.586
1986 -0.334 -0.080 0.025 -0.421 0.077 0.114 0.050 0.289 0.601 0.398 -0.037 0.348
1987 0.214 -0.163 -0.076 0.531 0.037 -0.045 0.095 -0.069 0.214 -0.494 0.112 0.264
1988 -0.134 -0.497 -0.362 0.075 -0.707 -0.274 -0.250 0.147 0.251 0.249 0.449 0.546
1989 0.956 0.608 -0.147 -0.297 0.109 -0.279 -0.554 0.161 -0.049 0.300 0.249 -0.045
1990 -0.022 0.265 0.054 -0.451 0.617 -0.119 0.245 0.095 -0.110 0.320 0.480 0.171
1991 0.249 -0.067 0.210 -0.395 -0.128 -0.273 0.226 0.019 -0.095 0.077 -0.151 0.861
1992 0.728 0.356 -0.183 0.243 0.946 0.367 0.330 0.062 -0.082 0.524 -0.002 0.377
1993 0.736 0.454 0.017 0.155 -0.534 0.252 -0.139 0.130 0.416 0.313 0.226 -0.102
1994 -0.659 0.317 -0.282 -0.173 0.307 0.029 0.398 -0.169 0.118 0.227 0.801 0.571
1995 -0.451 0.097 -0.129 -0.343 -0.271 -0.042 0.571 0.218 -0.359 0.217 0.088 0.163
1996 -0.048 -0.180 -0.239 0.273 0.172 -0.109 -0.270 0.215 0.379 0.104 -0.717 -0.484
1997 0.575 0.484 0.004 0.137 -0.065 0.425 0.139 -0.283 -0.003 0.251 0.335 0.371
1998 -0.300 0.609 -0.232 0.204 0.086 -0.495 -0.412 -0.245 -0.066 -0.338 -0.142 0.084
1999 -0.089 -0.298 0.109 0.119 0.149 -0.183 0.267 0.350 -0.101 -0.146 -0.081 -0.169
2000 0.337 0.037 -0.294 -0.167 0.402 -0.065 -0.128 0.294 0.425 -0.296 -0.358 -0.403
2001 -0.201 -0.101 0.030 -0.157 0.383 0.024 -0.195 -0.105 -0.284 0.081 -0.091 -0.083
2002 0.214 0.121 0.131 -0.126 0.061 -0.087 -0.353 0.148 0.201 -0.041 -0.070 0.201
2003 -0.316 0.410 0.300 0.073 0.059 0.361 -0.235 -0.431 -0.186 -0.343 0.120 0.216
2004 -0.468 -0.144 0.248 0.336 -0.222 -0.095 0.092 -0.220 -0.105 -0.122 0.120 0.207
2005 -0.194 -0.465 0.244 -0.036 -0.516 0.197 -0.188 -0.266 -0.270 -0.290 -0.327 -0.564
2006 0.144 -0.223 0.328 -0.148 -0.194 -0.505 0.015 -0.396 0.072 -0.190 -0.228 0.617
2007 0.173 -0.037 0.015 0.408 0.179 -0.055 0.010 -0.194 -0.151 -0.326 -0.181 0.070
2008 0.151 0.171 0.066 -0.037 -0.110 -0.110 0.076 0.178 -0.322 -0.160 -0.334 -0.316
2009 -0.235 -0.420 0.130 0.253 0.138 0.371 0.249 -0.274 -0.275 -0.225 -0.082 -0.761
2010 -0.203 -0.885 0.350 -0.158 -0.835 -0.497 -0.779 -0.462 -0.400 -0.224 -0.174 -0.954
2011 -0.360 0.279 -0.000 0.457 -0.434 0.007 -0.151 0.225 -0.272 0.062 0.603 0.131
2012 -0.217 -0.205 0.245 -0.402 -0.167 0.056 -0.351 -0.006 -0.299 -0.328 -0.358 -0.457
2013 -0.254 -0.329 0.565 -0.077 -0.272 -0.742 0.015 -0.399 -0.290 0.036 -0.059 -0.115
2014 -0.577 -0.359 0.053 0.292 0.004 -0.195 -0.176 -0.365 -0.013 -0.334 0.247 -0.239
2015 -0.150 0.242 0.168 0.290 -0.099 -0.301 0.209 -0.156 -0.328 -0.159 0.204 0.621
2016 -0.638 -0.630 0.090 -0.068 -0.588 -0.932 -0.621 -0.926 -0.434 -0.741 -0.302 0.483
2017 0.233 0.221 -0.065 0.236 0.129 -0.317 -0.474 -0.778 -0.718 -0.365 -0.350 -0.635
2018 -0.665 -0.402 0.861 0.275 -0.175 -0.245 -0.732 -0.182 -0.478 -0.076 0.314 0.163
2019 -0.005 0.342 -0.168 0.415 -0.675 -0.240 0.015 -0.441 -0.292 -0.299 -0.153 -0.044
2020 0.378 0.309 0.307 0.364 -0.353 -0.626 -0.286 -0.043 -0.513 -0.724 0.166 -0.448
2021 -0.646 -0.241 0.752 -0.236 -0.195 -0.727 -0.532 -0.545 -0.333 -0.435 0.049 -0.118
2022 0.066 -0.003 0.366 0.126 0.401 -0.304 -0.581 -0.679 -0.402 -0.263 0.246 -0.691
2023 -0.435 0.320 0.616 -0.013 0.153 -0.344 -0.709 -0.761 -0.657 -0.263 0.093 -0.114
2024 -0.115 -0.138 0.322 -0.210 -0.029 -0.795 -0.494 -0.703 -0.936 -0.641 0.315 -0.060
2025 -0.378 -0.241 0.155 0.294 0.006 -0.710 -0.355 -0.641 -0.738 -0.610 0.085 -0.173
