1951 2025
1951 -0.465 -0.846 -0.737 -0.210 0.289 1.530 1.801 1.132 0.550 0.680 0.611 -0.044
1952 -0.178 -0.025 -0.320 -0.965 -0.729 -1.035 -1.128 -1.057 -1.299 -0.667 -0.847 -0.576
1953 -0.429 0.214 0.738 1.471 1.110 0.424 0.028 0.207 0.359 -0.182 -0.185 -0.634
1954 -1.815 -1.118 -1.220 -2.890 -2.708 -2.253 -2.676 -1.635 -1.668 -2.043 -1.458 -1.530
1955 -0.820 -1.060 -1.308 -1.203 -1.940 -1.773 -1.337 -1.479 -1.417 -1.779 -1.783 -1.713
1956 -1.276 -1.080 -0.690 -1.097 -1.049 -0.792 -0.097 -0.421 -1.005 -1.210 -1.025 -1.342
1957 -1.644 0.055 0.784 1.097 2.456 2.079 1.856 1.178 0.890 0.584 0.522 0.550
1958 0.156 0.343 0.560 0.786 0.314 0.134 0.106 -0.378 -0.346 -0.168 -0.361 -0.539
1959 -0.823 -0.389 0.354 0.153 -0.217 -0.467 -0.506 -0.973 -0.596 -0.326 0.038 -0.310
1960 -0.306 -0.299 -0.173 -0.996 -0.873 -1.227 -1.225 -0.972 -0.258 -0.877 -0.617 -0.373
1961 -0.055 0.506 -0.639 -0.676 -0.738 -0.830 -1.435 -1.102 -1.122 -1.034 -0.665 -0.895
1962 -0.690 -0.657 -1.952 -2.184 -1.307 -1.183 -1.228 -0.742 -0.722 -1.152 -0.887 -1.123
1963 -0.784 -0.718 -0.658 -1.121 -0.398 -0.719 -0.318 0.127 0.041 -0.070 -0.280 -0.381
1964 -0.622 -1.166 -1.278 -1.241 -2.419 -1.713 -1.693 -1.630 -1.169 -1.415 -0.950 -1.355
1965 -0.676 -0.236 0.032 1.294 1.603 1.308 1.061 1.309 0.335 0.272 0.358 0.266
1966 0.390 -0.480 -1.331 -1.414 -1.463 -1.388 -1.217 -1.106 -0.874 -0.612 -0.930 -0.701
1967 -0.993 -0.516 -1.004 -0.645 -0.653 -0.948 -1.038 -1.429 -1.755 -1.702 -1.766 -1.848
1968 -1.553 -1.309 -1.465 -1.642 -1.808 -1.468 -0.782 -0.292 0.235 -0.240 -0.203 0.042
1969 -0.170 -0.635 0.410 0.899 1.423 1.048 0.305 -0.142 0.003 0.526 0.507 0.475
1970 0.396 -0.268 -1.107 -0.844 -1.542 -1.790 -2.352 -1.812 -1.427 -1.174 -1.199 -1.229
1971 -1.408 -1.579 -1.354 -0.620 -1.077 -1.403 -0.979 -1.222 -1.239 -1.327 -0.810 -1.056
1972 -0.365 0.489 0.582 0.620 0.805 1.766 1.961 2.257 1.174 1.279 1.269 1.825
1973 1.225 0.227 -0.449 -0.946 -1.137 -1.417 -1.164 -1.572 -1.281 -1.123 -1.136 -1.200
1974 -1.292 -1.258 -0.772 -0.357 -0.078 -0.662 -0.546 -0.490 -0.659 -1.217 -1.009 -1.461
1975 -1.102 -1.055 -0.287 0.011 -0.783 -1.260 -0.901 -0.973 -1.554 -1.956 -2.252 -1.912
1976 -1.103 -0.591 -0.487 0.186 0.769 1.390 1.525 1.152 0.759 0.434 0.413 0.286
1977 0.242 -0.301 -0.408 -0.509 -0.733 -0.472 -0.465 -0.878 -1.081 -0.534 -0.506 -0.592
1978 -0.368 -0.315 -1.055 -0.663 -1.036 -1.037 -0.901 -1.332 -0.870 -0.958 -0.077 -0.000
1979 0.168 -0.457 -0.485 0.186 0.032 0.251 -0.211 -0.081 0.372 0.373 0.086 -0.134
1980 -0.203 -0.335 0.048 0.041 -0.233 -0.225 -0.781 -0.460 -0.322 -0.521 -0.447 -0.487
1981 -1.448 -1.043 -0.450 -0.631 -0.601 -0.505 -0.820 -1.079 -0.761 -0.565 -0.478 -0.249
1982 -0.233 -0.661 -1.155 -0.707 -0.168 0.205 0.458 0.754 1.235 1.685 2.837 2.968
1983 2.585 2.072 2.279 3.303 3.903 4.215 3.747 2.849 1.345 0.954 0.396 0.170
1984 -0.332 -0.760 -0.724 -0.146 -0.883 -0.762 -0.547 -0.544 -0.093 -0.503 -0.136 -0.459
1985 -0.754 -1.259 -0.820 -1.292 -1.666 -1.114 -1.300 -1.200 -0.956 -0.931 -0.810 -0.431
1986 -0.009 -0.042 -0.676 -0.800 -1.027 -0.934 -0.460 -0.112 0.137 0.164 0.291 0.503
1987 0.969 0.996 1.484 1.544 1.595 1.073 1.032 0.784 1.061 1.379 1.067 0.596
1988 0.061 -0.227 -0.712 -0.704 -1.005 -1.443 -1.257 -1.396 -1.238 -1.177 -0.935 -0.804
1989 -0.294 -0.024 -0.144 -0.081 -1.028 -0.948 -0.727 -0.298 -0.641 -0.482 -0.260 -0.443
1990 -0.442 -0.072 -0.368 -0.456 -0.112 -0.179 -0.602 -0.456 -0.505 -0.723 -0.673 -0.524
1991 -0.488 -0.306 -0.135 -0.213 -0.172 0.299 0.595 0.346 0.436 0.599 0.627 0.697
1992 0.457 0.661 1.251 2.141 2.253 0.955 -0.017 -0.128 0.032 -0.007 -0.074 -0.139
1993 0.011 0.378 0.609 1.218 1.231 1.108 0.700 0.505 0.318 0.469 0.247 -0.033
1994 -0.049 -0.254 -0.893 -1.107 -0.840 -0.756 -0.809 -0.984 -0.140 0.701 0.505 0.747
1995 0.729 0.167 -0.414 -1.359 -1.175 -0.751 -0.555 -0.392 -0.255 -0.550 -0.295 -0.871
1996 -0.599 -0.365 -0.256 -1.749 -1.222 -1.723 -1.197 -0.850 -0.611 -0.716 -1.106 -1.177
1997 -0.838 -0.119 0.581 0.937 2.174 2.968 3.500 3.784 3.799 3.504 4.235 4.007
1998 3.444 2.662 2.763 2.674 2.784 2.277 1.412 0.949 0.240 0.303 -0.172 -0.216
1999 -0.691 -0.416 0.001 -0.814 -0.546 -0.640 -0.209 -0.130 -1.005 -0.862 -1.219 -0.704
2000 -0.755 -0.564 -0.447 -0.038 -0.259 -0.318 -0.296 -0.601 -0.256 -0.297 -1.170 -0.983
2001 -0.594 -0.425 0.186 0.213 -0.578 -0.740 -0.553 -0.832 -1.116 -1.139 -0.937 -1.067
2002 -0.735 -0.006 0.765 0.789 0.736 0.477 -0.200 -0.277 0.164 0.307 0.877 0.962
2003 0.126 -0.057 -0.010 -0.464 -1.423 -1.160 -0.952 -0.018 -0.443 0.167 0.223 0.119
2004 -0.159 0.045 -0.651 -0.471 -1.330 -0.902 -0.738 -0.714 -0.260 0.121 0.643 0.292
2005 0.016 -0.791 -1.223 -0.294 -0.232 -0.652 -0.319 -0.395 -0.734 -1.259 -1.413 -0.975
2006 -0.328 0.287 -0.212 -1.349 -0.387 -0.105 0.224 0.674 0.921 0.996 0.739 0.615
2007 0.658 0.187 -0.532 -1.051 -1.521 -1.417 -0.877 -1.137 -0.959 -1.496 -1.712 -1.651
2008 -0.465 0.294 0.427 0.419 0.624 0.605 0.940 1.319 0.975 0.291 -0.314 -0.517
2009 -0.159 -0.630 -0.749 0.436 0.459 0.733 0.744 0.808 0.469 0.289 0.278 0.483
2010 0.317 0.272 0.223 0.052 0.416 0.133 -0.917 -1.230 -1.160 -1.221 -1.262 -0.913
2011 -0.439 -0.063 -0.750 -0.145 0.244 0.429 0.147 -0.220 -0.702 -0.806 -0.597 -0.685
2012 -0.154 0.428 0.179 0.941 1.008 1.125 0.432 0.098 0.101 -0.328 -0.409 -0.853
2013 -0.577 -0.538 -0.557 -1.078 -1.303 -1.663 -1.459 -1.073 -0.708 -0.704 -0.527 -0.444
2014 0.053 -0.441 -0.174 0.058 1.182 1.612 1.017 0.901 0.787 0.677 0.746 0.328
2015 -0.091 -0.392 0.087 1.040 1.635 2.230 2.440 1.593 2.168 2.023 2.170 2.074
2016 1.712 1.391 1.358 0.611 0.685 0.741 0.295 0.289 0.600 0.245 0.124 0.355
2017 0.939 1.388 1.619 1.028 0.390 -0.032 -0.257 -0.317 -0.677 -0.842 -1.153 -1.459
2018 -1.062 -0.868 -1.251 -0.877 -0.528 -0.576 -0.276 -0.253 -0.069 0.100 0.744 0.901
2019 0.813 0.558 0.167 0.352 0.364 -0.202 -0.591 -0.677 -0.637 -0.729 -0.124 -0.109
2020 -0.274 0.147 0.004 0.328 0.049 -0.547 -1.181 -0.994 -1.149 -0.628 -0.636 -0.684
2021 -0.845 -0.736 -0.654 -0.842 -0.625 -0.240 -0.167 -0.283 -0.678 -0.847 -1.119 -1.693
2022 -1.014 -1.420 -0.651 -1.260 -1.419 -1.339 -1.113 -0.576 -0.960 -1.723 -1.099 -0.519
2023 -0.525 0.519 1.497 2.614 2.316 2.556 2.908 3.174 2.360 2.230 1.995 1.522
2024 1.328 1.211 0.385 -0.049 -0.854 -0.732 -0.668 -0.362 -0.707 -0.307 0.042 -0.070
2025 -0.250 0.666 1.033 0.472 0.088 0.205 0.268 0.078 -0.396 -0.351 -0.463 -0.644
