1951 2025
1951 -0.001 0.318 0.254 -0.100 0.181 -0.046 -0.127 -0.078 0.088 -0.102 0.324 0.255
1952 0.095 0.189 0.162 0.500 0.297 -0.112 -0.319 -0.370 -0.418 -0.445 0.133 0.206
1953 0.446 0.432 0.313 -0.127 0.526 0.115 -0.096 0.112 0.144 -0.016 0.179 0.138
1954 -0.237 0.069 0.264 0.305 0.128 -0.088 -0.451 -0.454 -0.649 -0.686 -0.066 -0.242
1955 -0.370 -0.435 -0.003 0.011 -0.484 -0.438 -0.277 -0.017 -0.480 -0.562 0.192 0.103
1956 0.281 0.310 -0.121 -0.297 -0.493 -0.563 -0.592 -0.160 -0.720 -0.697 -0.532 -0.145
1957 -0.616 -0.170 -0.025 -0.017 0.154 -0.218 -0.172 -0.009 0.062 -0.025 -0.421 -0.317
1958 -0.422 -0.271 -0.004 -0.196 -0.506 -0.853 -0.763 -0.495 -0.835 -0.736 -0.394 0.113
1959 0.433 0.043 -0.231 -0.261 -0.560 -0.605 -0.558 -0.387 -0.373 -0.458 -0.209 -0.126
1960 -0.237 0.047 -0.142 -0.579 -0.878 -0.612 -0.506 -0.594 -0.786 -0.896 -0.939 -0.600
1961 -0.187 0.137 0.207 -0.173 -0.213 0.288 0.840 1.119 1.365 1.066 0.762 0.608
1962 0.796 0.687 0.281 0.164 -0.100 -0.205 -0.276 -0.002 0.041 0.029 0.193 0.249
1963 0.190 0.553 0.388 0.035 -0.587 -0.130 0.261 0.846 0.750 0.814 0.661 0.277
1964 -0.151 -0.356 0.086 0.444 -0.209 -0.136 -0.315 -0.361 -0.745 -0.383 0.475 0.171
1965 0.082 -0.172 0.223 0.170 -0.083 -0.191 -0.115 0.196 0.041 0.469 0.289 -0.132
1966 0.054 0.044 -0.017 -0.028 -0.259 0.150 0.137 0.561 0.189 -0.054 -0.219 0.051
1967 -0.093 -0.122 0.496 0.294 0.196 0.549 0.691 0.686 0.745 0.723 0.578 0.271
1968 0.128 0.478 0.003 0.136 0.146 0.108 0.049 -0.007 -0.468 -0.061 0.067 0.081
1969 0.107 0.005 0.091 -0.118 -0.075 -0.385 -0.307 -0.206 -0.107 0.494 0.184 0.126
1970 0.412 0.263 0.238 0.246 0.392 -0.267 -0.194 0.147 -0.234 -0.433 -0.207 -0.086
1971 0.165 0.111 0.507 0.673 0.261 0.079 -0.115 -0.407 -0.315 -0.557 0.117 0.340
1972 0.486 -0.125 0.115 0.094 0.406 0.947 0.662 0.654 0.878 0.974 0.977 0.613
1973 0.464 -0.071 0.209 0.160 0.189 -0.057 -0.049 -0.392 -0.371 -0.135 -0.017 -0.003
1974 0.307 0.404 0.569 0.252 0.072 0.397 -0.051 -0.105 -0.489 -0.186 -0.301 -0.103
1975 -0.504 0.049 -0.213 0.306 0.142 0.430 0.387 -0.319 -0.891 -0.974 -0.460 0.003
1976 -0.079 0.100 0.123 -0.024 0.058 0.532 0.868 0.384 -0.031 -0.164 -0.126 0.304
1977 0.188 0.031 0.194 0.048 -0.198 0.114 0.140 0.247 0.116 0.777 0.367 0.430
1978 -0.570 -0.320 -0.153 -0.022 -0.079 0.276 0.126 0.063 0.319 0.355 -0.084 -0.158
1979 0.237 -0.132 -0.167 0.114 0.161 0.533 0.142 -0.121 -0.300 -0.215 -0.442 -0.149
1980 0.081 0.204 -0.167 0.323 0.413 -0.320 -0.192 0.221 -0.393 -0.254 -0.131 0.146
1981 0.126 0.306 -0.060 0.502 0.188 -0.080 -0.360 -0.365 -0.516 -0.350 -0.184 -0.137
1982 0.076 0.282 0.392 0.413 0.513 0.424 0.474 0.547 0.318 1.037 0.381 -0.132
1983 -0.277 -0.531 -0.885 -0.800 -0.151 0.390 0.822 0.506 0.298 0.033 0.138 -0.024
1984 -0.042 -0.036 0.010 0.431 -0.357 -0.289 -0.419 -0.196 -0.281 -0.167 -0.313 -0.136
1985 0.001 -0.100 -0.093 -0.149 0.074 -0.378 0.095 0.060 0.091 -0.084 0.560 0.262
1986 0.105 0.192 0.513 0.301 0.224 0.179 -0.153 0.340 0.616 0.221 0.735 0.025
1987 0.001 -0.217 -0.193 -0.447 0.101 0.051 -0.158 0.305 0.365 0.404 0.104 0.061
1988 0.225 -0.126 0.049 0.191 -0.558 -0.072 0.021 -0.006 -0.430 -0.445 -0.254 0.112
1989 -0.434 0.182 -0.109 -0.109 -0.342 -0.565 0.014 -0.506 -0.379 -0.583 -0.269 -0.224
1990 0.377 -0.090 0.012 -0.218 -0.554 -0.391 0.052 -0.250 -0.351 -0.885 -0.544 -0.268
1991 0.069 0.074 -0.029 0.726 0.909 0.526 0.328 -0.006 0.331 0.347 0.383 0.348
1992 -0.404 -0.642 -0.583 -0.333 -0.342 -0.743 -0.489 -0.868 -0.574 -0.368 0.005 -0.197
1993 -0.020 -0.042 -0.343 -0.178 0.280 0.262 0.463 -0.052 -0.253 -0.148 -0.094 -0.126
1994 0.166 -0.097 -0.176 0.276 0.773 0.505 0.722 1.132 0.984 1.522 0.277 0.051
1995 -0.072 0.470 0.291 0.282 0.045 0.026 -0.472 -0.449 -0.158 -0.238 -0.571 0.114
1996 0.358 0.203 -0.172 -0.802 -0.377 -0.637 -0.527 -0.823 -0.713 -0.926 -0.642 -0.220
1997 -0.032 0.259 0.107 0.065 0.011 0.230 0.548 0.466 0.820 1.102 1.582 1.050
1998 0.704 0.106 -0.125 0.050 0.050 -0.079 -0.762 -0.643 -0.488 -0.599 -0.754 -0.375
1999 -0.485 -0.168 0.099 -0.180 -0.236 0.021 0.222 0.276 0.189 -0.331 -0.071 0.034
2000 -0.015 0.448 0.704 0.129 0.320 0.070 0.115 -0.040 0.060 -0.053 0.100 0.180
2001 0.071 0.336 0.389 -0.034 -0.303 -0.033 -0.689 -0.299 -0.454 -0.487 -0.097 0.063
2002 -0.291 0.156 -0.365 -0.426 -0.499 -0.187 -0.212 -0.292 0.594 0.654 0.314 -0.167
2003 -0.347 0.179 0.290 0.097 0.306 0.444 0.330 0.458 0.020 -0.008 -0.174 0.146
2004 -0.005 0.024 0.151 -0.015 -0.514 -0.401 -0.266 0.136 0.186 0.189 0.051 -0.045
2005 -0.282 -0.780 -0.639 0.129 0.167 -0.067 -0.454 -0.331 -0.580 -0.489 -0.516 -0.386
2006 -0.095 -0.670 -0.219 -0.074 -0.168 -0.178 0.198 0.379 0.757 1.025 0.916 0.464
2007 0.223 -0.162 0.193 0.146 0.456 0.395 0.366 0.459 0.447 0.191 -0.058 -0.188
2008 -0.007 0.001 0.050 -0.337 0.181 0.521 0.763 0.476 0.132 0.201 -0.029 -0.167
2009 -0.094 0.295 0.408 -0.042 -0.058 0.111 -0.446 -0.177 -0.023 0.087 -0.120 0.212
2010 0.401 0.146 0.334 0.406 -0.139 -0.056 -0.126 -0.238 -1.009 -0.851 -0.856 -0.327
2011 -0.058 -0.050 0.188 -0.006 -0.047 0.151 0.033 0.136 0.445 0.618 0.154 0.170
2012 0.108 -0.091 0.164 -0.426 -0.608 0.053 0.506 0.881 0.614 0.457 0.146 0.161
2013 0.049 -0.114 -0.011 -0.146 -0.520 -0.388 -0.307 -0.114 -0.199 -0.013 0.078 -0.137
2014 -0.148 -0.095 -0.397 -0.191 -0.024 -0.129 -0.325 -0.418 -0.370 0.176 0.206 -0.113
2015 -0.352 -0.289 -0.078 0.144 0.220 0.342 0.470 0.631 0.809 0.709 0.520 0.122
2016 -0.203 -0.393 -0.165 -0.190 -0.433 -0.633 -1.043 -0.472 -0.793 -0.643 -0.334 -0.190
2017 -0.017 0.108 0.325 0.417 0.589 0.405 0.497 0.774 0.339 0.383 0.277 -0.064
2018 0.074 0.444 0.070 0.056 0.158 0.105 0.325 0.420 0.714 0.490 0.577 0.427
2019 0.153 -0.044 0.067 0.295 0.857 0.958 0.846 1.499 1.439 1.818 1.693 0.545
2020 0.195 -0.225 -0.092 -0.065 0.429 0.546 0.283 -0.173 -0.208 0.159 0.133 0.231
2021 0.172 0.171 0.141 0.207 -0.312 -0.408 -0.334 -0.218 0.033 -0.363 -0.232 -0.145
2022 -0.226 -0.348 -0.160 -0.370 -0.489 -0.671 -1.087 -0.996 -0.793 -0.703 -0.365 0.014
2023 0.080 0.324 0.259 0.383 0.079 0.138 0.230 0.819 1.194 1.546 1.455 1.093
2024 0.670 0.307 0.460 0.315 0.198 0.045 -0.249 0.372 0.204 -0.212 -0.338 -0.405
2025 -0.381 -0.021 0.161 0.278 0.231 -0.146 -0.235 -0.394 -0.618 -0.851 -0.641 -0.373
