1951 2025
1951 -0.955 -0.814 -0.524 -0.405 -0.248 -0.011 0.357 0.159 0.203 0.278 0.568 0.295
1952 0.131 0.032 0.030 0.095 -0.192 -0.383 -0.498 -0.418 -0.416 -0.443 -0.582 -0.289
1953 -0.041 0.121 0.132 0.226 0.280 0.388 0.137 -0.046 0.042 0.005 -0.047 0.110
1954 -0.043 -0.115 -0.358 -1.024 -1.024 -1.095 -1.200 -1.266 -1.379 -1.442 -1.255 -1.490
1955 -1.079 -0.889 -0.998 -1.132 -1.306 -1.255 -1.145 -1.364 -1.553 -2.065 -2.105 -1.854
1956 -1.374 -1.087 -0.938 -1.031 -1.091 -0.972 -1.142 -1.216 -1.157 -1.123 -1.133 -1.033
1957 -0.822 -0.377 -0.030 0.155 0.314 0.352 0.595 0.538 0.280 0.363 0.541 0.685
1958 0.776 0.684 0.432 0.352 0.277 0.244 0.015 0.037 -0.254 -0.266 -0.091 -0.119
1959 0.074 -0.051 -0.106 -0.045 -0.175 -0.269 -0.515 -0.543 -0.578 -0.373 -0.547 -0.421
1960 -0.354 -0.481 -0.207 -0.215 -0.215 -0.441 -0.352 -0.322 -0.239 -0.563 -0.616 -0.440
1961 -0.463 -0.251 -0.415 -0.266 -0.297 -0.245 -0.725 -0.807 -0.995 -1.113 -0.760 -0.677
1962 -0.650 -0.516 -0.660 -0.854 -0.793 -0.735 -0.591 -0.561 -0.737 -0.829 -0.792 -0.916
1963 -0.651 -0.549 -0.279 -0.262 -0.256 -0.138 0.195 0.234 0.221 0.252 0.352 0.405
1964 0.181 -0.183 -0.503 -0.931 -1.131 -1.042 -0.944 -1.268 -1.249 -1.212 -1.223 -1.371
1965 -0.898 -0.537 -0.340 -0.228 0.118 0.310 0.403 0.670 0.644 0.861 0.907 0.813
1966 0.589 0.326 0.227 -0.017 -0.483 -0.271 -0.247 -0.400 -0.497 -0.550 -0.573 -0.757
1967 -0.700 -0.670 -0.787 -0.830 -0.544 -0.426 -0.534 -0.847 -1.081 -1.092 -0.980 -0.998
1968 -1.101 -1.126 -1.074 -0.831 -0.893 -0.278 -0.110 -0.176 -0.183 -0.151 0.098 0.274
1969 0.448 0.420 0.238 0.184 0.298 0.167 -0.004 0.143 0.199 0.488 0.425 0.348
1970 0.208 -0.027 -0.238 -0.197 -0.384 -0.742 -1.046 -1.245 -1.143 -1.188 -1.320 -1.396
1971 -1.549 -1.468 -1.311 -1.099 -1.065 -1.217 -1.048 -1.250 -1.253 -1.416 -1.253 -1.383
1972 -0.697 -0.424 -0.473 -0.162 -0.004 0.263 0.644 0.901 0.794 1.001 1.177 1.414
1973 1.141 0.630 0.159 -0.342 -0.630 -0.890 -1.073 -1.166 -1.294 -1.383 -1.553 -1.684
1974 -1.826 -1.379 -1.174 -1.009 -0.986 -1.048 -0.946 -0.744 -0.788 -1.045 -0.974 -1.050
1975 -0.768 -0.875 -0.962 -0.788 -1.022 -1.313 -1.250 -1.210 -1.472 -1.631 -1.606 -1.763
1976 -1.819 -1.235 -0.979 -0.896 -0.679 -0.237 -0.119 0.078 0.125 0.419 0.389 0.246
1977 0.437 0.275 0.122 -0.242 -0.020 0.092 -0.003 -0.181 -0.055 0.130 0.123 0.074
1978 0.000 -0.118 -0.350 -0.601 -0.663 -0.629 -0.523 -0.739 -0.730 -0.655 -0.472 -0.237
1979 -0.298 -0.369 -0.152 0.037 -0.008 -0.098 -0.204 -0.088 0.233 0.164 0.290 0.257
1980 0.294 0.041 -0.023 -0.033 -0.041 0.084 -0.171 -0.319 -0.187 -0.319 -0.153 -0.070
1981 -0.534 -0.699 -0.569 -0.559 -0.610 -0.536 -0.611 -0.674 -0.358 -0.277 -0.240 -0.069
1982 0.067 -0.122 -0.157 0.011 0.263 0.346 0.349 0.622 1.109 1.393 1.518 1.781
1983 1.854 1.569 1.137 0.967 0.983 0.906 0.697 0.536 0.169 -0.149 -0.305 -0.300
1984 -0.250 -0.076 -0.131 -0.172 -0.386 -0.431 -0.349 -0.269 -0.167 -0.494 -0.708 -0.835
1985 -0.825 -0.661 -0.656 -0.754 -0.744 -0.727 -0.710 -0.677 -0.801 -0.674 -0.639 -0.599
1986 -0.569 -0.389 -0.282 -0.352 -0.567 -0.392 -0.215 0.001 0.192 0.433 0.616 0.663
1987 0.659 0.699 0.695 0.517 0.599 0.675 0.991 1.110 1.234 1.052 0.995 0.880
1988 0.595 0.248 0.115 -0.131 -0.584 -0.983 -1.211 -0.962 -0.917 -1.337 -1.368 -1.314
1989 -1.339 -0.963 -0.885 -0.682 -0.645 -0.459 -0.513 -0.554 -0.450 -0.493 -0.476 -0.347
1990 -0.234 0.048 -0.152 -0.066 -0.042 -0.107 -0.071 0.017 0.001 -0.051 -0.103 0.002
1991 0.051 0.005 -0.105 0.097 0.292 0.574 0.703 0.501 0.380 0.623 0.702 0.853
1992 0.940 0.881 0.725 0.787 0.799 0.482 0.191 0.074 0.031 -0.149 -0.154 -0.172
1993 0.066 0.335 0.327 0.525 0.630 0.390 0.285 0.125 0.268 0.234 0.097 0.092
1994 0.059 -0.064 -0.023 0.029 0.214 0.192 0.057 0.018 0.142 0.577 0.783 0.743
1995 0.581 0.386 0.190 -0.013 -0.117 -0.038 -0.089 -0.417 -0.597 -0.565 -0.662 -0.707
1996 -0.613 -0.541 -0.393 -0.508 -0.495 -0.433 -0.341 -0.269 -0.362 -0.358 -0.398 -0.629
1997 -0.661 -0.505 -0.153 0.111 0.531 0.894 1.305 1.644 1.857 2.006 2.110 2.108
1998 2.069 1.814 1.449 1.230 1.129 0.542 0.092 -0.116 -0.337 -0.531 -0.432 -0.614
1999 -0.770 -0.685 -0.407 -0.619 -0.631 -0.648 -0.642 -0.713 -0.827 -0.916 -1.042 -1.092
2000 -1.123 -0.878 -0.537 -0.339 -0.438 -0.550 -0.532 -0.493 -0.461 -0.514 -0.529 -0.538
2001 -0.416 -0.242 -0.036 -0.049 -0.034 -0.046 -0.023 -0.086 -0.249 -0.255 -0.382 -0.343
2002 -0.313 -0.152 0.113 0.109 0.257 0.537 0.385 0.400 0.531 0.669 0.894 0.811
2003 0.507 0.420 0.283 -0.035 -0.397 -0.155 0.189 0.255 0.151 0.401 0.471 0.451
2004 0.341 0.274 0.153 0.112 -0.094 0.006 0.215 0.260 0.427 0.488 0.588 0.714
2005 0.463 0.162 0.208 0.157 0.276 0.168 0.060 0.100 -0.073 -0.112 -0.521 -0.607
2006 -0.474 -0.221 -0.254 -0.172 0.036 0.065 0.121 0.309 0.583 0.697 0.866 0.940
2007 0.679 0.311 0.065 0.015 -0.231 -0.154 -0.204 -0.452 -0.766 -0.981 -1.130 -1.207
2008 -1.271 -1.154 -0.839 -0.545 -0.313 -0.243 -0.012 0.114 -0.029 -0.071 -0.258 -0.509
2009 -0.476 -0.401 -0.348 -0.015 0.282 0.441 0.539 0.541 0.510 0.668 1.029 1.150
2010 0.937 0.601 0.466 0.344 0.038 -0.317 -0.657 -0.941 -1.189 -1.315 -1.322 -1.305
2011 -1.288 -0.953 -0.806 -0.577 -0.463 -0.312 -0.345 -0.524 -0.670 -0.894 -0.909 -0.870
2012 -0.616 -0.217 -0.067 0.070 0.115 0.329 0.433 0.438 0.305 0.182 0.168 -0.159
2013 -0.356 -0.251 -0.059 -0.068 -0.315 -0.410 -0.397 -0.420 -0.284 -0.243 -0.164 -0.145
2014 -0.316 -0.439 -0.196 0.051 0.222 0.247 0.168 0.172 0.218 0.369 0.605 0.547
2015 0.410 0.232 0.170 0.443 0.628 0.907 1.213 1.392 1.643 1.752 1.959 1.978
2016 1.885 1.618 1.386 1.007 0.653 0.495 0.158 -0.077 -0.108 -0.254 -0.146 -0.032
2017 0.194 0.411 0.366 0.466 0.407 0.282 0.277 -0.039 -0.371 -0.446 -0.642 -0.751
2018 -0.738 -0.702 -0.718 -0.497 -0.273 -0.086 0.038 -0.004 0.150 0.481 0.562 0.542
2019 0.451 0.503 0.622 0.635 0.526 0.372 0.263 0.105 0.033 0.205 0.336 0.338
2020 0.302 0.211 0.357 0.448 0.060 -0.176 -0.233 -0.384 -0.737 -0.945 -0.968 -0.852
2021 -0.805 -0.733 -0.512 -0.522 -0.421 -0.234 -0.263 -0.334 -0.473 -0.661 -0.727 -0.999
2022 -1.008 -0.945 -0.792 -0.849 -0.923 -0.763 -0.712 -0.788 -1.008 -1.099 -0.929 -0.810
2023 -0.600 -0.241 0.176 0.463 0.671 0.920 1.107 1.383 1.434 1.523 1.638 1.572
2024 1.485 1.232 0.911 0.777 0.336 0.234 0.176 0.039 -0.085 -0.038 -0.036 -0.295
2025 -0.351 -0.066 0.302 0.165 0.088 0.102 0.079 -0.090 -0.315 -0.340 -0.486 -0.568
