1951 2025
1951 0.000 0.000 0.000 0.000 0.000 0.000 4.949 5.039 2.938 0.273 1.211 0.000
1952 0.000 0.000 0.000 0.000 0.000 4.555 6.455 4.844 0.688 0.000 0.000 0.000
1953 0.000 0.000 0.000 0.000 1.364 4.975 11.314 7.527 1.183 1.266 1.061 0.000
1954 0.000 0.000 0.000 0.000 0.000 4.856 4.101 4.082 0.000 0.556 0.361 0.000
1955 0.000 0.000 0.000 0.000 0.000 0.000 1.952 4.001 0.000 0.000 0.000 0.000
1956 0.000 0.000 0.000 0.000 0.000 1.072 0.971 1.556 0.132 0.000 0.000 0.000
1957 0.000 0.000 0.000 0.000 0.075 2.647 6.394 4.566 1.472 0.000 0.000 0.000
1958 0.446 0.000 0.000 0.000 0.000 3.889 3.443 5.205 4.070 0.000 0.000 0.000
1959 0.000 0.000 0.293 0.000 0.000 2.932 3.143 2.349 3.077 0.000 0.000 0.000
1960 0.000 0.000 0.000 0.000 0.000 0.485 4.207 8.490 0.337 0.000 0.000 0.000
1961 0.000 0.000 0.000 0.000 0.365 0.752 1.093 2.828 0.000 0.000 0.000 0.000
1962 0.000 0.000 0.000 0.000 0.000 0.000 3.339 7.268 1.761 0.139 0.000 0.000
1963 0.000 0.000 0.000 0.000 0.000 0.000 1.282 0.803 2.170 0.000 0.000 0.000
1964 0.000 0.000 0.000 0.000 0.000 0.484 5.484 2.641 0.453 0.268 0.000 0.000
1965 0.000 0.000 0.000 0.000 0.000 0.767 0.527 0.600 0.000 0.000 0.000 0.000
1966 0.000 0.000 0.000 0.000 0.000 4.950 0.945 5.376 0.000 0.000 0.000 0.000
1967 0.000 0.000 0.000 0.000 0.000 0.000 2.488 3.730 1.084 0.069 0.000 0.000
1968 0.000 0.000 0.000 0.000 0.000 3.020 2.820 0.000 0.000 0.000 0.000 0.000
1969 0.000 0.000 0.000 0.000 0.000 3.923 5.075 1.839 0.530 0.000 0.000 0.000
1970 0.000 0.000 0.000 0.000 0.000 5.063 3.708 1.418 0.000 0.000 0.000 0.000
1971 0.000 0.000 0.000 0.000 0.000 0.339 1.383 1.764 0.000 0.000 0.000 0.000
1972 0.000 0.000 0.000 0.000 0.000 0.000 1.244 0.067 0.000 0.000 0.000 0.000
1973 0.000 0.000 0.000 0.000 0.074 4.532 4.066 0.394 3.506 0.000 0.000 0.000
1974 0.000 0.000 0.000 0.000 0.000 0.000 1.678 0.541 0.000 0.281 0.000 0.000
1975 0.000 0.000 0.000 0.000 0.000 0.000 1.584 0.920 0.000 0.203 0.000 0.000
1976 0.000 0.000 0.000 0.000 0.000 0.000 2.296 3.362 0.199 0.000 0.000 0.000
1977 0.000 0.000 0.000 0.000 0.000 1.814 2.369 2.969 0.919 0.000 0.000 0.000
1978 0.000 0.075 0.000 0.000 0.000 3.609 2.439 4.668 0.265 0.000 0.000 0.000
1979 0.000 0.000 0.000 0.000 0.000 3.647 7.383 0.348 1.450 0.913 0.000 0.000
1980 0.000 0.000 0.000 0.000 0.900 4.070 4.356 2.943 0.983 1.817 1.013 0.000
1981 0.372 0.000 0.000 0.000 0.000 7.609 4.447 2.804 1.606 0.000 0.491 0.000
1982 0.000 0.000 0.000 0.370 0.000 2.564 4.780 3.181 0.000 0.000 0.000 0.000
1983 2.163 1.501 3.823 0.000 1.485 7.025 11.001 12.859 1.401 1.248 1.854 0.000
1984 0.000 0.000 0.000 0.000 0.212 4.823 0.434 0.996 0.000 0.342 0.000 0.000
1985 0.000 0.000 0.000 0.000 0.000 1.454 3.686 1.750 0.000 0.000 0.000 0.000
1986 0.000 0.000 0.000 0.000 0.000 4.637 5.069 1.843 0.000 1.503 0.000 0.293
1987 0.000 0.000 0.000 0.000 0.076 5.029 3.574 3.746 2.854 0.735 1.159 0.000
1988 0.000 0.000 0.000 0.000 1.182 6.474 12.349 5.632 0.000 0.900 0.000 0.000
1989 0.000 0.000 0.000 0.000 0.000 1.679 8.281 1.031 0.069 0.000 0.000 0.000
1990 0.000 0.000 0.000 0.000 0.588 1.289 2.891 8.120 0.691 0.000 0.000 0.000
1991 0.000 0.000 0.000 0.000 1.250 0.000 4.838 7.561 0.962 0.000 0.000 0.000
1992 0.000 0.000 0.000 0.000 0.000 1.275 1.366 4.128 0.476 0.000 0.000 0.000
1993 0.000 0.000 0.000 0.000 0.000 0.925 5.216 1.494 0.204 0.000 0.000 0.000
1994 0.000 0.000 0.000 0.000 0.000 2.699 3.993 3.550 0.775 0.000 0.000 0.798
1995 0.000 0.000 0.000 0.000 0.223 7.516 3.411 4.814 7.313 0.069 0.000 0.667
1996 0.000 0.000 0.000 0.000 0.511 2.627 5.465 3.639 0.000 0.000 0.000 0.000
1997 0.000 0.000 0.000 0.000 0.000 3.915 7.373 8.144 1.775 0.000 0.288 0.000
1998 1.578 5.917 2.248 2.874 5.132 8.198 14.460 14.156 1.130 1.944 0.422 0.000
1999 0.000 0.000 0.000 0.000 0.000 3.230 4.008 5.965 2.526 0.000 0.000 0.000
2000 0.000 0.000 0.000 0.000 0.000 1.007 1.246 1.299 0.000 0.000 0.000 0.000
2001 0.000 0.000 0.000 0.000 0.000 1.352 1.213 13.568 1.818 0.067 0.000 0.000
2002 0.000 0.000 0.000 0.000 0.000 6.610 14.068 7.029 0.872 0.000 0.576 0.147
2003 0.150 0.000 0.000 0.075 0.948 1.283 8.378 12.206 5.814 1.490 0.000 0.000
2004 0.000 0.000 0.000 0.000 0.000 2.042 4.470 11.469 2.834 0.000 0.000 0.000
2005 0.000 0.000 0.000 0.599 0.000 4.618 14.345 11.159 10.514 2.502 0.000 0.663
2006 0.000 0.000 0.000 0.000 0.000 7.690 13.997 7.680 2.324 0.000 0.000 1.814
2007 0.000 0.000 0.000 0.213 0.074 8.441 11.289 11.091 5.205 3.624 0.000 0.000
2008 0.000 0.000 0.000 0.000 0.000 3.467 8.495 7.989 1.867 0.967 0.000 0.000
2009 0.000 0.000 0.000 0.000 0.000 5.786 9.955 12.183 8.677 0.000 0.000 0.000
2010 0.000 0.000 0.000 1.671 6.115 17.206 17.077 15.569 5.717 3.198 0.000 0.000
2011 0.000 0.000 0.000 0.000 0.517 5.803 8.368 11.723 7.419 0.000 0.000 0.000
2012 0.000 0.000 0.000 0.000 0.206 5.995 7.230 8.267 3.135 0.000 0.000 0.000
2013 0.000 0.000 0.000 0.000 0.809 8.444 8.231 11.763 5.626 0.000 0.000 0.000
2014 0.000 0.000 0.000 0.356 0.000 4.616 14.163 12.978 5.751 2.233 0.362 0.000
2015 0.000 0.000 0.000 0.000 2.704 7.711 14.938 11.848 4.130 8.078 0.000 0.945
2016 6.151 2.558 5.888 5.491 7.431 15.892 17.181 15.114 14.082 6.318 2.464 0.000
2017 0.000 0.000 0.000 0.000 2.691 13.166 18.043 17.420 8.891 2.816 0.643 0.073
2018 0.000 0.000 0.000 0.370 6.209 11.085 14.615 14.076 4.551 0.142 0.581 0.000
2019 0.074 0.000 0.900 3.058 9.957 14.972 16.907 16.805 15.997 1.702 0.000 0.000
2020 0.000 0.000 1.129 3.661 13.050 16.456 17.404 17.505 15.951 3.961 3.827 1.087
2021 0.000 0.000 0.521 0.442 5.847 11.345 18.752 20.363 15.695 9.143 0.936 0.000
2022 0.000 0.000 0.000 1.850 11.254 11.053 17.564 14.412 7.058 3.703 1.428 0.000
2023 0.000 0.000 0.000 0.000 2.106 15.021 21.094 18.869 16.285 10.389 1.687 4.291
2024 7.138 4.454 4.755 6.379 8.507 18.850 22.061 20.052 16.514 14.228 4.526 5.067
2025 0.370 0.970 1.195 2.228 5.468 17.714 17.138 18.722 14.201 6.079 3.446 0.000
