1951 2025
1951 -999.000 -999.000 -999.000 -999.000 -999.000 -999.000 32.964 29.852 28.773 29.675 26.921 -999.000
1952 -999.000 -999.000 -999.000 -999.000 -999.000 32.600 33.022 28.137 30.300 -999.000 -999.000 -999.000
1953 -999.000 -999.000 -999.000 -999.000 24.704 26.850 35.586 28.240 29.842 28.419 27.236 -999.000
1954 -999.000 -999.000 -999.000 -999.000 -999.000 32.557 36.955 30.557 -999.000 28.378 22.298 -999.000
1955 -999.000 -999.000 -999.000 -999.000 -999.000 -999.000 32.936 34.773 -999.000 -999.000 -999.000 -999.000
1956 -999.000 -999.000 -999.000 -999.000 -999.000 32.722 36.455 30.721 34.826 -999.000 -999.000 -999.000
1957 -999.000 -999.000 -999.000 -999.000 15.444 28.729 35.670 33.380 27.456 -999.000 -999.000 -999.000
1958 17.912 -999.000 -999.000 -999.000 -999.000 29.028 28.993 33.521 32.912 -999.000 -999.000 -999.000
1959 -999.000 -999.000 20.156 -999.000 -999.000 28.134 38.193 33.415 34.487 -999.000 -999.000 -999.000
1960 -999.000 -999.000 -999.000 -999.000 -999.000 28.334 32.005 36.889 31.620 -999.000 -999.000 -999.000
1961 -999.000 -999.000 -999.000 -999.000 21.672 30.345 38.385 32.525 -999.000 -999.000 -999.000 -999.000
1962 -999.000 -999.000 -999.000 -999.000 -999.000 -999.000 32.764 39.151 30.266 29.153 -999.000 -999.000
1963 -999.000 -999.000 -999.000 -999.000 -999.000 -999.000 37.563 34.262 33.078 -999.000 -999.000 -999.000
1964 -999.000 -999.000 -999.000 -999.000 -999.000 28.919 39.157 39.180 35.007 31.800 -999.000 -999.000
1965 -999.000 -999.000 -999.000 -999.000 -999.000 29.168 35.521 32.643 -999.000 -999.000 -999.000 -999.000
1966 -999.000 -999.000 -999.000 -999.000 -999.000 30.782 34.148 36.138 -999.000 -999.000 -999.000 -999.000
1967 -999.000 -999.000 -999.000 -999.000 -999.000 -999.000 37.418 36.963 31.191 28.084 -999.000 -999.000
1968 -999.000 -999.000 -999.000 -999.000 -999.000 30.720 35.240 -999.000 -999.000 -999.000 -999.000 -999.000
1969 -999.000 -999.000 -999.000 -999.000 -999.000 23.958 33.033 35.463 34.099 -999.000 -999.000 -999.000
1970 -999.000 -999.000 -999.000 -999.000 -999.000 31.697 38.532 37.930 -999.000 -999.000 -999.000 -999.000
1971 -999.000 -999.000 -999.000 -999.000 -999.000 31.494 36.617 38.858 -999.000 -999.000 -999.000 -999.000
1972 -999.000 -999.000 -999.000 -999.000 -999.000 -999.000 37.995 30.231 -999.000 -999.000 -999.000 -999.000
1973 -999.000 -999.000 -999.000 -999.000 18.354 32.670 35.340 33.660 31.353 -999.000 -999.000 -999.000
1974 -999.000 -999.000 -999.000 -999.000 -999.000 -999.000 37.059 31.090 -999.000 27.057 -999.000 -999.000
1975 -999.000 -999.000 -999.000 -999.000 -999.000 -999.000 34.047 35.581 -999.000 30.873 -999.000 -999.000
1976 -999.000 -999.000 -999.000 -999.000 -999.000 -999.000 36.445 34.679 31.975 -999.000 -999.000 -999.000
1977 -999.000 -999.000 -999.000 -999.000 -999.000 30.052 37.453 32.992 27.161 -999.000 -999.000 -999.000
1978 -999.000 15.937 -999.000 -999.000 -999.000 29.519 33.922 34.697 32.858 -999.000 -999.000 -999.000
1979 -999.000 -999.000 -999.000 -999.000 -999.000 27.750 33.242 28.332 31.964 28.008 -999.000 -999.000
1980 -999.000 -999.000 -999.000 -999.000 16.803 22.800 36.145 38.199 26.399 30.657 23.715 -999.000
1981 16.923 -999.000 -999.000 -999.000 -999.000 33.297 31.605 35.382 33.060 -999.000 27.258 -999.000
1982 -999.000 -999.000 -999.000 19.416 -999.000 26.612 33.896 27.860 -999.000 -999.000 -999.000 -999.000
1983 18.947 17.152 18.995 -999.000 19.774 29.128 35.677 34.264 36.034 26.894 25.899 -999.000
1984 -999.000 -999.000 -999.000 -999.000 26.326 33.804 41.051 35.983 -999.000 30.177 -999.000 -999.000
1985 -999.000 -999.000 -999.000 -999.000 -999.000 29.070 36.039 34.665 -999.000 -999.000 -999.000 -999.000
1986 -999.000 -999.000 -999.000 -999.000 -999.000 31.123 35.521 37.845 -999.000 26.310 -999.000 21.729
1987 -999.000 -999.000 -999.000 -999.000 13.663 23.144 28.863 28.077 25.324 20.897 25.667 -999.000
1988 -999.000 -999.000 -999.000 -999.000 21.281 31.403 39.340 28.737 -999.000 30.420 -999.000 -999.000
1989 -999.000 -999.000 -999.000 -999.000 -999.000 28.791 36.080 29.236 28.202 -999.000 -999.000 -999.000
1990 -999.000 -999.000 -999.000 -999.000 19.652 32.086 36.267 30.993 29.206 -999.000 -999.000 -999.000
1991 -999.000 -999.000 -999.000 -999.000 20.427 -999.000 35.442 34.925 31.486 -999.000 -999.000 -999.000
1992 -999.000 -999.000 -999.000 -999.000 -999.000 26.457 32.036 35.787 30.994 -999.000 -999.000 -999.000
1993 -999.000 -999.000 -999.000 -999.000 -999.000 25.182 37.478 32.011 28.966 -999.000 -999.000 -999.000
1994 -999.000 -999.000 -999.000 -999.000 -999.000 31.284 36.687 28.966 28.797 -999.000 -999.000 22.513
1995 -999.000 -999.000 -999.000 -999.000 18.398 28.588 32.486 38.914 27.712 28.618 -999.000 19.389
1996 -999.000 -999.000 -999.000 -999.000 21.570 25.959 37.062 32.331 -999.000 -999.000 -999.000 -999.000
1997 -999.000 -999.000 -999.000 -999.000 -999.000 30.559 33.404 28.363 26.122 -999.000 25.301 -999.000
1998 17.454 18.734 17.888 14.099 15.163 34.130 38.219 37.489 27.597 31.863 26.727 -999.000
1999 -999.000 -999.000 -999.000 -999.000 -999.000 33.936 38.114 29.881 32.781 -999.000 -999.000 -999.000
2000 -999.000 -999.000 -999.000 -999.000 -999.000 31.307 36.724 41.050 -999.000 -999.000 -999.000 -999.000
2001 -999.000 -999.000 -999.000 -999.000 -999.000 31.962 32.830 38.468 34.004 30.130 -999.000 -999.000
2002 -999.000 -999.000 -999.000 -999.000 -999.000 31.728 38.567 37.345 22.954 -999.000 23.457 20.937
2003 15.716 -999.000 -999.000 15.236 23.005 24.604 34.300 35.402 31.048 26.360 -999.000 -999.000
2004 -999.000 -999.000 -999.000 -999.000 -999.000 27.466 32.990 35.433 34.547 -999.000 -999.000 -999.000
2005 -999.000 -999.000 -999.000 18.084 -999.000 33.111 38.342 33.544 32.751 32.745 -999.000 20.063
2006 -999.000 -999.000 -999.000 -999.000 -999.000 30.486 38.084 34.773 28.971 -999.000 -999.000 23.428
2007 -999.000 -999.000 -999.000 23.973 18.891 32.512 36.511 36.986 38.509 32.600 -999.000 -999.000
2008 -999.000 -999.000 -999.000 -999.000 -999.000 32.124 37.690 36.640 31.381 29.873 -999.000 -999.000
2009 -999.000 -999.000 -999.000 -999.000 -999.000 32.023 33.576 36.037 33.898 -999.000 -999.000 -999.000
2010 -999.000 -999.000 -999.000 12.577 22.446 33.362 39.515 39.540 30.640 30.406 -999.000 -999.000
2011 -999.000 -999.000 -999.000 -999.000 20.510 33.895 40.250 36.083 31.930 -999.000 -999.000 -999.000
2012 -999.000 -999.000 -999.000 -999.000 27.797 33.447 36.261 30.611 31.245 -999.000 -999.000 -999.000
2013 -999.000 -999.000 -999.000 -999.000 21.681 31.277 29.680 33.840 34.646 -999.000 -999.000 -999.000
2014 -999.000 -999.000 -999.000 25.797 -999.000 32.563 34.012 37.691 31.193 29.334 23.932 -999.000
2015 -999.000 -999.000 -999.000 -999.000 16.456 27.419 34.805 35.223 29.903 25.850 -999.000 23.325
2016 16.855 17.170 16.557 19.858 18.427 31.569 41.010 35.848 35.473 31.224 28.731 -999.000
2017 -999.000 -999.000 -999.000 -999.000 16.841 32.915 39.503 39.451 33.760 28.377 26.383 21.066
2018 -999.000 -999.000 -999.000 19.494 21.999 32.759 39.667 36.062 28.802 25.007 23.731 -999.000
2019 19.151 -999.000 17.204 20.065 22.072 29.193 36.664 35.505 36.176 26.687 -999.000 -999.000
2020 -999.000 -999.000 16.000 19.275 26.462 34.463 39.695 39.218 34.440 24.365 24.364 23.949
2021 -999.000 -999.000 18.236 19.303 24.098 32.492 39.914 42.323 37.162 26.452 25.866 -999.000
2022 -999.000 -999.000 -999.000 19.695 25.058 32.456 39.457 36.183 30.982 25.960 23.571 -999.000
2023 -999.000 -999.000 -999.000 -999.000 17.733 29.502 38.900 35.589 33.955 26.857 20.830 21.056
2024 18.058 14.778 14.841 17.111 19.845 34.834 41.448 37.326 35.347 30.520 25.097 25.226
2025 20.140 19.398 18.105 20.095 25.220 34.627 35.452 38.089 34.209 28.157 23.980 -999.000
