1951 2025
1951 0.000 0.000 0.000 0.000 9.049 39.811 224.470 221.195 168.015 108.140 97.697 15.333
1952 0.000 26.436 0.000 0.000 0.000 264.246 199.057 162.602 100.675 30.232 22.863 0.000
1953 0.000 37.332 0.000 10.017 24.412 217.001 313.510 206.523 91.818 72.488 96.741 5.005
1954 0.000 0.000 0.000 0.000 1.499 137.272 84.556 93.329 66.009 17.688 19.353 0.000
1955 0.000 0.000 0.000 0.000 4.585 26.196 38.650 74.887 71.335 13.703 0.000 0.000
1956 0.000 0.000 0.000 0.000 0.000 17.969 25.295 24.487 13.386 0.000 22.278 0.000
1957 0.000 0.000 0.000 0.000 0.775 169.024 145.658 121.047 126.033 34.136 46.137 12.870
1958 54.757 0.000 20.935 21.632 52.242 208.098 196.056 143.217 116.507 7.607 33.761 19.635
1959 0.000 0.000 10.875 0.000 0.000 118.631 86.686 36.016 78.643 114.268 36.746 12.034
1960 0.000 0.000 0.000 0.000 0.000 130.177 143.835 221.677 82.674 30.988 0.000 51.897
1961 0.000 0.000 0.000 0.000 11.032 9.480 34.134 113.728 48.950 0.000 0.000 0.000
1962 0.000 0.000 0.000 0.000 9.052 3.694 67.252 310.389 89.712 58.165 6.755 0.000
1963 0.000 0.000 0.000 0.000 0.000 16.652 25.012 12.091 173.396 10.176 0.000 27.122
1964 0.000 10.222 0.000 0.000 0.000 8.564 159.989 66.127 148.883 27.636 0.000 0.000
1965 0.000 0.000 0.000 0.000 16.190 110.441 40.825 12.554 62.049 18.708 63.160 7.891
1966 25.183 0.000 0.000 0.000 0.000 166.510 123.197 130.131 81.536 0.000 5.659 0.000
1967 0.000 0.000 0.000 0.000 0.000 3.916 56.361 82.675 44.618 61.803 2.967 0.000
1968 0.000 0.000 0.000 0.000 0.000 101.411 140.404 24.189 0.000 4.881 5.014 0.000
1969 0.000 0.000 32.835 11.622 22.014 213.464 202.569 85.514 61.423 21.647 51.585 33.742
1970 0.000 0.000 8.634 10.579 0.000 212.680 160.752 84.277 25.711 0.000 0.000 0.000
1971 0.000 0.000 0.000 0.000 0.000 23.964 39.976 31.835 2.175 51.345 3.193 0.000
1972 0.000 0.000 0.000 0.000 0.000 0.000 27.854 33.417 2.342 59.062 100.693 43.505
1973 0.000 121.589 91.431 27.877 5.495 167.301 142.192 178.085 275.274 2.214 19.564 14.506
1974 0.000 0.000 0.000 0.000 0.000 0.000 33.293 19.061 0.000 126.035 21.674 4.866
1975 0.000 0.000 0.000 0.000 0.000 39.470 68.883 36.172 20.976 12.096 0.000 0.000
1976 0.000 0.000 0.000 0.000 0.000 0.000 106.380 163.516 27.934 45.808 76.575 0.000
1977 0.000 30.977 43.308 0.000 0.000 126.008 53.906 95.573 63.182 90.089 43.027 14.097
1978 0.000 71.241 0.000 24.662 0.000 187.811 80.638 182.480 118.523 126.168 55.648 49.520
1979 0.000 0.000 0.000 8.427 60.961 214.699 482.561 66.530 212.217 181.907 79.011 0.000
1980 0.000 0.000 0.000 47.924 98.517 364.514 336.881 195.218 227.156 283.533 167.618 0.000
1981 14.107 0.000 28.726 68.909 11.751 308.353 215.246 59.706 183.119 79.987 135.568 27.858
1982 0.000 0.000 0.000 4.387 67.580 273.580 214.177 78.917 125.698 4.566 60.240 173.131
1983 257.348 217.440 302.379 100.037 143.434 404.323 524.156 387.971 168.192 306.830 156.747 30.596
1984 0.000 0.000 36.541 0.000 12.803 93.774 8.319 47.065 11.590 46.390 27.682 0.000
1985 0.000 0.000 0.000 0.000 0.000 114.652 102.640 132.113 172.391 44.825 3.095 33.470
1986 0.000 0.000 0.000 40.164 0.000 156.912 259.332 41.665 88.267 253.975 101.908 91.859
1987 72.756 17.890 47.090 89.513 51.529 235.572 328.102 268.428 101.918 202.470 239.487 169.771
1988 113.552 5.395 69.300 75.081 110.983 294.284 589.880 209.830 118.965 93.493 74.467 27.744
1989 0.000 0.000 0.000 0.000 52.653 115.578 297.831 56.060 116.002 33.099 3.983 7.761
1990 0.000 0.000 8.910 29.588 23.936 125.744 126.918 279.137 233.890 78.710 16.626 14.293
1991 1.503 0.000 24.269 13.227 139.493 152.290 318.351 203.282 297.657 42.102 77.014 40.106
1992 28.814 0.000 81.718 3.149 0.000 103.654 207.783 214.369 9.039 0.700 59.146 0.739
1993 0.000 0.000 11.648 57.448 52.368 137.938 241.651 134.694 112.303 119.308 81.370 61.844
1994 0.000 0.000 0.000 0.000 27.496 178.371 135.598 154.133 13.038 18.370 28.646 148.152
1995 21.199 0.000 0.000 59.705 16.516 322.108 201.014 280.577 403.796 111.862 37.604 71.087
1996 0.000 0.000 0.000 3.020 91.610 177.422 280.560 72.929 20.638 70.653 40.614 0.000
1997 0.000 0.000 0.000 10.188 9.167 149.025 181.522 253.010 116.509 226.045 154.773 162.213
1998 349.033 461.282 347.110 301.743 284.518 607.880 550.484 789.064 167.633 220.377 142.502 91.005
1999 0.000 23.645 0.000 21.465 18.319 174.881 115.164 213.274 221.321 144.319 7.032 42.655
2000 0.000 0.000 12.715 14.322 0.000 109.625 32.856 49.304 14.903 111.023 110.747 73.226
2001 27.721 0.000 2.333 93.795 66.330 117.573 105.153 436.617 133.935 132.673 59.859 71.491
2002 26.586 91.106 94.927 12.805 38.173 271.158 515.495 206.257 105.365 69.802 241.557 203.020
2003 121.591 6.692 19.715 29.106 14.286 116.539 401.528 632.329 328.187 171.796 105.146 105.337
2004 22.766 26.118 58.508 55.919 75.847 49.452 158.441 356.639 163.584 92.583 144.398 33.190
2005 13.158 119.042 172.417 158.878 55.295 243.837 534.842 345.725 480.673 197.484 117.920 99.807
2006 0.000 41.447 0.000 59.224 79.150 276.628 664.403 134.733 80.132 146.455 104.985 283.959
2007 228.276 0.000 2.316 147.429 135.212 248.100 514.711 436.267 258.112 198.221 89.288 57.165
2008 11.661 0.000 0.000 0.000 56.061 153.591 306.400 269.615 256.657 308.486 207.353 39.698
2009 21.672 14.008 11.783 109.184 7.052 278.421 445.137 511.983 467.757 202.728 90.115 56.761
2010 83.743 166.817 202.133 301.675 322.548 903.600 936.436 872.761 432.306 197.147 98.196 0.000
2011 0.000 0.000 0.000 9.645 126.567 332.600 211.420 419.189 409.960 159.605 78.152 123.580
2012 0.000 13.548 0.000 44.334 16.117 270.432 203.971 255.697 222.932 42.119 106.096 63.311
2013 51.955 121.053 89.595 93.270 167.700 278.319 245.649 483.097 230.827 100.508 74.939 67.689
2014 12.000 0.000 62.159 155.520 208.585 246.900 608.063 584.731 422.067 165.444 232.534 164.702
2015 54.976 0.000 82.396 64.999 377.128 502.460 573.141 400.378 271.042 509.981 300.738 359.020
2016 562.408 367.695 430.254 498.384 395.474 837.945 751.679 558.992 800.761 522.311 296.374 137.328
2017 17.714 26.359 40.437 142.002 355.478 748.820 847.755 836.252 685.169 312.842 91.406 153.164
2018 0.000 19.915 0.000 4.713 276.274 498.002 509.896 612.697 300.980 228.299 205.601 189.554
2019 138.382 194.514 137.772 300.066 353.315 674.285 699.476 750.648 740.798 175.311 157.455 199.384
2020 156.074 216.348 171.096 314.170 842.927 893.531 925.690 947.300 764.011 356.524 448.955 255.574
2021 56.369 23.248 7.033 9.814 403.111 654.033 710.116 1052.003 804.219 396.447 221.715 64.458
2022 0.000 22.436 18.415 48.442 346.643 461.696 911.504 822.906 355.043 297.564 210.811 42.869
2023 9.489 26.552 8.067 3.922 170.764 784.116 1138.523 881.995 891.969 722.827 441.411 487.082
2024 309.037 432.357 416.090 399.337 580.283 1251.016 1411.887 1256.105 1049.140 555.448 354.475 377.258
2025 116.227 130.684 107.341 185.268 280.904 741.107 751.347 1096.612 1001.785 588.337 319.566 10.507
