1951 2021
1951 1079.000 1019.000 1025.000 1271.000 1686.000 1617.000 1163.000 1098.000 1178.000 1060.000 1044.000 1024.000
1952 954.000 862.000 785.000 840.000 809.000 848.000 888.000 933.000 815.000 828.000 834.000 857.000
1953 832.000 728.000 704.000 810.000 725.000 730.000 698.000 755.000 743.000 719.000 714.000 708.000
1954 687.000 692.000 719.000 687.000 680.000 673.000 677.000 699.000 701.000 732.000 726.000 755.000
1955 843.000 820.000 748.000 773.000 828.000 888.000 873.000 907.000 951.000 1118.000 1300.000 1346.000
1956 1412.000 1672.000 1606.000 1659.000 1634.000 1540.000 1628.000 1938.000 2009.000 2016.000 2504.000 2537.000
1957 2312.000 1867.000 1978.000 2000.000 2085.000 2521.000 2180.000 2023.000 2671.000 2831.000 2592.000 2865.000
1958 2515.000 2122.000 2515.000 2459.000 2186.000 2205.000 2241.000 2370.000 2435.000 2280.000 2092.000 2382.000
1959 2745.000 2079.000 2292.000 2106.000 2127.000 2175.000 2030.000 2342.000 1943.000 1651.000 1848.000 1822.000
1960 2026.000 1709.000 1468.000 1676.000 1627.000 1619.000 1639.000 1744.000 1645.000 1423.000 1489.000 1381.000
1961 1220.000 1064.000 1048.000 1050.000 993.000 1099.000 1165.000 1062.000 1127.000 967.000 903.000 948.000
1962 949.000 1022.000 1003.000 962.000 979.000 910.000 807.000 773.000 895.000 878.000 849.000 820.000
1963 795.000 797.000 778.000 795.000 878.000 835.000 759.000 809.000 851.000 851.000 817.000 784.000
1964 754.000 768.000 759.000 726.000 695.000 690.000 670.000 693.000 702.000 734.000 737.000 788.000
1965 786.000 752.000 741.000 720.000 782.000 770.000 743.000 748.000 766.000 802.000 777.000 778.000
1966 879.000 842.000 903.000 972.000 985.000 963.000 1067.000 1066.000 1109.000 1086.000 1133.000 1246.000
1967 1477.000 1470.000 1606.000 1299.000 1430.000 1202.000 1403.000 1537.000 1321.000 1361.000 1453.000 1630.000
1968 1891.000 1732.000 1426.000 1295.000 1549.000 1423.000 1372.000 1422.000 1410.000 1525.000 1385.000 1484.000
1969 1527.000 1552.000 1723.000 1555.000 1454.000 1622.000 1366.000 1430.000 1373.000 1540.000 1567.000 1436.000
1970 1583.000 1754.000 1584.000 1620.000 1684.000 1549.000 1520.000 1382.000 1432.000 1483.000 1620.000 1528.000
1971 1626.000 1378.000 1119.000 1167.000 1099.000 1017.000 1174.000 1141.000 1040.000 1072.000 1140.000 1245.000
1972 1148.000 1418.000 1285.000 1129.000 1296.000 1354.000 1220.000 1257.000 1136.000 1211.000 1016.000 1029.000
1973 1022.000 987.000 1004.000 1050.000 970.000 912.000 845.000 829.000 1056.000 877.000 815.000 842.000
1974 831.000 809.000 792.000 861.000 906.000 863.000 925.000 830.000 878.000 976.000 903.000 811.000
1975 775.000 742.000 724.000 707.000 701.000 697.000 772.000 904.000 796.000 757.000 808.000 746.000
1976 747.000 705.000 767.000 763.000 706.000 706.000 675.000 748.000 731.000 759.000 729.000 767.000
1977 774.000 823.000 766.000 776.000 796.000 915.000 811.000 843.000 999.000 969.000 937.000 1021.000
1978 1096.000 1454.000 1418.000 1494.000 1465.000 1422.000 1311.000 1140.000 1579.000 1582.000 1515.000 1755.000
1979 2030.000 2041.000 1858.000 1738.000 1652.000 1803.000 1659.000 1727.000 2002.000 2179.000 2317.000 2035.000
1980 2062.000 2000.000 1681.000 2079.000 2240.000 1932.000 1848.000 1662.000 1839.000 2042.000 2181.000 2258.000
1981 1746.000 2045.000 2053.000 2232.000 1946.000 1569.000 1919.000 2206.000 2195.000 2243.000 2078.000 2078.000
1982 1790.000 2142.000 2105.000 1618.000 1447.000 1719.000 1596.000 1679.000 1653.000 1619.000 1674.000 1994.000
1983 1423.000 1226.000 1186.000 1189.000 1371.000 1386.000 1250.000 1244.000 1090.000 1124.000 925.000 934.000
1984 1161.000 1406.000 1220.000 1287.000 1283.000 1003.000 893.000 837.000 781.000 735.000 763.000 759.000
1985 745.000 737.000 733.000 751.000 802.000 761.000 787.000 715.000 695.000 747.000 742.000 748.000
1986 732.000 836.000 770.000 751.000 726.000 676.000 702.000 684.000 687.000 830.000 771.000 726.000
1987 725.000 715.000 740.000 849.000 878.000 779.000 842.000 900.000 861.000 981.000 1012.000 944.000
1988 1080.000 1050.000 1149.000 1227.000 1152.000 1394.000 1527.000 1542.000 1525.000 1698.000 1562.000 1998.000
1989 2354.000 2224.000 2051.000 1896.000 1901.000 2396.000 1819.000 2171.000 2259.000 2087.000 2351.000 2130.000
1990 2101.000 1783.000 1888.000 1853.000 1897.000 1709.000 1807.000 2226.000 1774.000 1820.000 1843.000 2049.000
1991 2294.000 2430.000 2300.000 1988.000 1903.000 2068.000 2120.000 2103.000 1806.000 2013.000 1720.000 2239.000
1992 2176.000 2321.000 1713.000 1585.000 1254.000 1167.000 1322.000 1221.000 1168.000 1317.000 1452.000 1391.000
1993 1210.000 1426.000 1364.000 1159.000 1124.000 1093.000 990.000 937.000 870.000 1003.000 959.000 1048.000
1994 1150.000 996.000 904.000 791.000 799.000 773.000 805.000 761.000 790.000 877.000 809.000 774.000
1995 827.000 856.000 851.000 777.000 755.000 757.000 739.000 738.000 720.000 779.000 742.000 726.000
1996 745.000 715.000 707.000 693.000 701.000 696.000 712.000 724.000 694.000 692.000 787.000 778.000
1997 740.000 738.000 735.000 745.000 746.000 717.000 711.000 790.000 962.000 849.000 995.000 988.000
1998 934.000 934.000 1091.000 1083.000 1067.000 1084.000 1140.000 1360.000 1383.000 1173.000 1402.000 1501.000
1999 1426.000 1420.000 1263.000 1172.000 1486.000 1698.000 1656.000 1708.000 1357.000 1648.000 1915.000 1698.000
2000 1581.000 1732.000 2082.000 1842.000 1845.000 1798.000 2047.000 1631.000 1821.000 1677.000 1788.000 1736.000
2001 1666.000 1467.000 1777.000 1781.000 1479.000 1737.000 1313.000 1631.000 2338.000 2081.000 2127.000 2356.000
2002 2273.000 2050.000 2044.000 1898.000 1784.000 1487.000 1735.000 1839.000 1758.000 1670.000 1687.000 1572.000
2003 1440.000 1245.000 1322.000 1263.000 1162.000 1293.000 1277.000 1221.000 1122.000 1513.000 1408.000 1150.000
2004 1141.000 1070.000 1120.000 1012.000 998.000 974.000 1185.000 1110.000 1030.000 1059.000 1137.000 950.000
2005 1022.000 972.000 899.000 860.000 995.000 937.000 965.000 905.000 911.000 766.000 862.000 907.000
2006 834.000 765.000 755.000 890.000 809.000 765.000 758.000 794.000 778.000 743.000 863.000 845.000
2007 835.000 777.000 722.000 724.000 744.000 737.000 716.000 691.000 670.000 675.000 696.000 785.000
2008 743.000 711.000 729.000 702.000 684.000 659.000 657.000 663.000 671.000 683.000 686.000 692.000
2009 698.000 700.000 692.000 697.000 705.000 686.000 682.000 674.000 705.000 723.000 736.000 768.000
2010 811.000 847.000 834.000 759.000 738.000 725.000 798.000 795.000 811.000 817.000 825.000 842.000
2011 834.000 946.000 1158.000 1125.000 958.000 958.000 941.000 1017.000 1345.000 1372.000 1531.000 1412.000
2012 1331.000 1068.000 1150.000 1131.000 1215.000 1209.000 1361.000 1157.000 1230.000 1232.000 1209.000 1083.000
2013 1271.000 1042.000 1113.000 1251.000 1313.000 1101.000 1155.000 1154.000 1026.000 1324.000 1483.000 1477.000
2014 1601.000 1702.000 1499.000 1442.000 1302.000 1221.000 1373.000 1252.000 1477.000 1551.000 1547.000 1589.000
2015 1415.000 1289.000 1263.000 1290.000 1199.000 1268.000 1070.000 1065.000 1020.000 1040.000 1095.000 1127.000
2016 1034.000 1035.000 915.000 934.000 931.000 819.000 859.000 849.000 877.000 860.000 785.000 751.000
2017 773.000 768.000 746.000 810.000 735.000 747.000 776.000 779.000 933.000 764.000 722.000 715.000
2018 719.000 682.000 700.000 -999.000 -999.000 -999.000 -999.000 -999.000 -999.000 -999.000 -999.000 -999.000
2019 -999.000 -999.000 -999.000 -999.000 -999.000 -999.000 -999.000 -999.000 -999.000 -999.000 -999.000 -999.000
2020 -999.000 -999.000 -999.000 -999.000 -999.000 -999.000 -999.000 -999.000 -999.000 -999.000 -999.000 -999.000
2021 -999.000 -999.000 -999.000 -999.000 -999.000 -999.000 -999.000 -999.000 -999.000 -999.000 -999.000 -999.000
