1951 2025
1951 0.000 0.000 0.000 0.000 33.170 104.177 383.200 305.609 125.395 0.000 0.000 0.000
1952 0.000 0.000 0.000 0.000 18.543 224.285 196.210 122.720 86.053 0.000 0.000 0.000
1953 0.000 0.000 0.000 0.000 20.677 249.380 416.780 285.675 86.503 0.000 4.246 0.000
1954 0.000 0.000 0.000 0.000 0.000 71.403 202.611 153.367 42.626 0.000 0.000 0.000
1955 0.000 0.000 0.000 0.000 5.669 92.970 228.345 204.292 60.171 0.000 0.000 0.000
1956 0.000 0.000 0.000 0.000 13.091 125.114 189.483 98.937 19.142 0.000 0.000 0.000
1957 0.000 0.000 0.000 0.000 23.315 160.225 125.360 158.763 19.518 0.000 0.000 0.000
1958 0.000 0.000 0.000 0.000 9.423 154.893 249.790 141.353 14.971 0.000 0.000 0.000
1959 0.000 0.000 0.000 0.000 0.000 107.339 132.709 127.864 3.184 0.000 0.000 0.000
1960 0.000 0.000 0.000 0.000 0.000 56.580 217.155 260.846 0.000 0.000 0.000 0.000
1961 0.000 0.000 0.000 0.000 0.000 103.460 144.700 141.592 0.000 0.000 0.000 0.000
1962 0.000 0.000 0.000 0.000 0.000 28.867 162.392 131.886 5.309 0.000 0.000 0.000
1963 0.000 0.000 0.000 0.000 0.000 59.283 175.172 139.027 24.221 0.000 0.000 0.000
1964 0.000 0.000 0.000 0.000 27.560 44.345 223.502 131.866 41.667 0.000 0.000 0.000
1965 0.000 0.000 0.000 0.000 0.000 79.602 229.792 104.561 6.656 3.119 0.000 0.000
1966 0.000 0.000 0.000 0.000 26.242 130.445 189.398 166.525 6.144 0.000 0.000 0.000
1967 0.000 0.000 0.000 0.000 20.657 121.141 292.997 209.062 74.857 0.000 0.000 0.000
1968 0.000 0.000 0.000 0.000 0.000 132.044 291.687 320.782 164.024 0.000 0.000 0.000
1969 0.000 0.000 0.000 0.000 99.708 300.225 446.962 366.577 181.779 0.000 0.000 0.000
1970 0.000 0.000 0.000 0.000 72.427 295.219 309.083 286.179 40.799 0.000 0.000 0.000
1971 0.000 0.000 0.000 0.000 3.247 163.159 192.108 138.329 23.361 0.000 0.000 0.000
1972 0.000 0.000 0.000 0.000 7.593 153.122 333.317 216.300 109.134 0.000 0.000 0.000
1973 0.000 0.000 3.243 0.000 96.790 278.799 266.272 339.726 135.367 0.000 0.000 0.000
1974 0.000 0.000 0.000 0.000 0.000 143.546 202.963 190.737 27.960 0.000 0.000 0.000
1975 0.000 0.000 0.000 0.000 11.413 163.495 242.957 150.056 52.368 0.000 0.000 0.000
1976 0.000 0.000 0.000 0.000 22.162 85.433 289.815 339.321 123.903 0.000 0.000 0.000
1977 0.000 0.000 0.000 0.000 16.330 284.893 361.233 435.319 203.293 20.409 0.000 0.000
1978 0.000 0.000 0.000 0.000 183.635 305.299 398.186 341.100 166.476 1.482 0.000 0.000
1979 0.000 0.000 0.000 0.000 206.816 507.183 768.745 351.890 252.378 13.263 0.000 0.000
1980 0.000 0.000 0.000 5.572 229.400 619.090 606.008 666.448 337.742 84.772 0.000 0.000
1981 0.000 0.000 0.000 28.388 195.206 415.919 527.327 400.696 250.784 5.614 0.000 0.000
1982 0.000 0.000 0.000 0.000 170.953 589.620 482.889 522.779 309.591 5.567 0.000 0.000
1983 16.304 0.768 48.779 91.203 315.057 551.632 648.769 657.895 344.043 88.601 13.400 0.000
1984 0.000 0.000 0.000 16.971 30.468 153.548 264.899 353.276 47.432 14.345 0.000 0.000
1985 0.000 0.000 0.000 0.000 2.319 329.982 405.490 467.994 136.432 32.261 0.000 0.000
1986 0.000 0.000 0.000 0.000 91.980 177.680 550.429 452.134 220.429 27.043 0.000 0.758
1987 0.000 0.000 0.000 92.796 178.549 524.786 658.128 573.448 455.931 54.656 25.231 2.324
1988 0.000 0.000 35.118 6.353 196.854 368.782 603.763 403.608 184.813 36.418 21.530 0.000
1989 0.000 0.000 0.000 0.000 45.452 363.022 544.779 311.065 159.699 40.495 0.000 0.000
1990 0.000 0.000 18.716 0.000 136.878 451.838 371.900 574.559 285.181 59.934 0.000 0.000
1991 0.000 0.000 0.000 19.324 349.145 554.300 628.522 603.572 349.901 0.000 0.000 0.000
1992 0.000 0.000 0.000 0.000 94.520 296.786 320.388 420.681 61.582 0.000 0.000 0.000
1993 0.000 0.000 0.000 0.000 91.329 445.404 494.437 466.579 204.753 0.000 0.000 0.000
1994 0.000 0.000 0.000 0.000 152.552 268.756 338.739 505.692 78.627 0.000 7.981 3.289
1995 0.000 0.000 0.000 0.000 56.601 450.202 303.515 512.918 308.007 7.269 1.531 0.000
1996 0.000 0.000 0.000 0.000 203.574 242.139 414.124 449.902 156.975 32.107 0.000 0.000
1997 0.000 0.000 0.000 0.000 150.286 352.300 627.469 628.998 333.536 41.111 0.000 15.233
1998 9.116 140.601 77.893 251.612 450.521 652.453 687.629 818.870 433.196 90.400 0.754 1.472
1999 0.000 0.000 0.000 15.184 119.576 393.704 378.266 451.419 180.425 0.000 0.000 0.000
2000 0.000 0.000 0.000 11.797 169.973 287.354 410.903 539.720 95.412 2.285 0.000 0.000
2001 0.000 0.000 0.000 30.083 174.566 305.983 618.673 795.452 331.314 59.627 6.986 0.000
2002 0.000 1.512 0.000 0.000 234.616 461.804 807.736 588.267 448.841 0.000 0.000 0.000
2003 5.490 5.594 7.380 72.775 302.063 322.094 711.489 709.515 412.978 62.765 0.000 11.994
2004 0.000 5.490 0.000 65.527 377.457 512.166 423.997 718.874 315.981 75.559 0.000 0.000
2005 0.000 38.663 126.625 152.752 259.371 455.858 832.352 708.097 484.591 127.404 27.294 0.000
2006 0.000 0.770 0.000 8.074 277.372 539.244 808.688 707.769 411.739 183.475 0.000 67.201
2007 70.286 2.319 29.800 112.119 305.418 443.175 620.357 523.253 358.634 22.073 0.000 0.000
2008 0.000 4.836 0.000 0.000 142.173 460.099 602.836 460.557 431.512 162.824 9.057 0.000
2009 0.000 0.000 0.000 107.341 234.629 506.615 894.374 791.966 587.813 18.628 0.000 0.000
2010 0.000 35.245 160.832 227.327 435.199 713.990 882.074 891.824 422.633 55.633 0.000 0.000
2011 0.000 0.000 0.000 0.000 229.826 469.165 544.495 595.676 311.744 25.728 0.000 0.000
2012 0.000 0.000 26.352 29.880 336.315 523.841 719.010 789.454 403.839 23.945 0.000 0.000
2013 22.487 9.721 54.743 85.888 357.944 491.337 743.552 560.891 379.443 30.526 0.000 0.000
2014 0.000 0.000 4.938 168.710 265.433 580.656 919.031 862.685 438.126 81.002 0.000 0.000
2015 8.435 13.906 12.673 194.312 492.773 678.279 864.204 993.284 599.867 368.772 79.763 144.091
2016 89.594 216.170 280.927 250.083 635.561 903.565 993.009 964.889 666.434 98.902 52.592 55.437
2017 20.440 6.979 53.762 223.003 525.637 765.014 967.870 950.426 622.266 325.943 18.632 29.477
2018 0.000 0.000 18.186 62.965 323.040 639.666 900.130 813.023 461.458 94.193 65.885 77.106
2019 135.696 83.989 153.040 215.883 297.093 789.393 829.901 924.643 811.011 78.156 10.302 30.126
2020 119.713 167.025 124.196 249.614 495.107 806.946 773.342 864.541 636.681 160.249 115.242 65.597
2021 0.780 5.304 48.083 106.659 373.830 851.054 1112.634 992.942 592.245 220.326 10.758 46.608
2022 4.923 0.000 23.250 72.179 432.344 568.128 852.524 657.743 491.562 103.052 4.986 0.000
2023 0.000 74.459 14.126 39.082 479.163 748.764 1392.083 1257.132 783.850 386.723 209.583 189.068
2024 230.016 220.181 281.972 310.925 675.212 1026.967 1174.855 1108.098 731.821 426.404 205.286 216.601
2025 33.539 84.512 170.689 269.742 609.957 860.408 1065.680 1074.969 770.129 311.342 98.121 23.990
