1951 2025
1951 -999.000 -999.000 -999.000 -999.000 -999.000 27.372 31.051 33.914 28.478 28.777 21.926 19.934
1952 -999.000 18.179 -999.000 -999.000 -999.000 28.533 28.566 32.751 30.882 27.600 24.380 -999.000
1953 -999.000 18.979 -999.000 -999.000 17.807 27.438 -999.000 31.279 31.666 -999.000 23.715 -999.000
1954 -999.000 -999.000 -999.000 -999.000 -999.000 -999.000 -999.000 -999.000 34.630 -999.000 -999.000 -999.000
1955 -999.000 -999.000 -999.000 -999.000 -999.000 27.571 34.014 -999.000 28.890 -999.000 -999.000 -999.000
1956 -999.000 -999.000 -999.000 -999.000 -999.000 25.824 30.165 -999.000 30.398 -999.000 25.595 -999.000
1957 -999.000 -999.000 -999.000 -999.000 -999.000 25.584 29.032 35.542 30.419 27.766 24.545 18.646
1958 17.937 -999.000 17.748 19.712 24.114 25.943 27.309 29.426 30.846 -999.000 22.926 -999.000
1959 -999.000 -999.000 -999.000 -999.000 -999.000 24.751 28.821 28.420 30.575 27.210 24.945 20.277
1960 -999.000 -999.000 -999.000 -999.000 -999.000 27.679 27.894 35.663 31.609 -999.000 -999.000 21.064
1961 -999.000 -999.000 -999.000 -999.000 24.535 -999.000 -999.000 33.889 34.685 -999.000 -999.000 -999.000
1962 -999.000 -999.000 -999.000 -999.000 23.349 -999.000 28.926 34.208 30.521 -999.000 -999.000 -999.000
1963 -999.000 -999.000 -999.000 -999.000 -999.000 31.054 -999.000 -999.000 29.075 -999.000 -999.000 20.555
1964 -999.000 18.349 -999.000 -999.000 -999.000 25.172 31.787 -999.000 32.035 -999.000 -999.000 -999.000
1965 -999.000 -999.000 -999.000 -999.000 25.205 26.952 30.519 30.891 30.186 -999.000 24.654 19.762
1966 18.250 -999.000 -999.000 -999.000 -999.000 25.381 31.333 -999.000 33.000 -999.000 22.508 -999.000
1967 -999.000 -999.000 -999.000 -999.000 -999.000 -999.000 -999.000 34.838 -999.000 -999.000 25.109 -999.000
1968 -999.000 -999.000 -999.000 -999.000 -999.000 25.567 -999.000 32.029 -999.000 -999.000 -999.000 -999.000
1969 -999.000 -999.000 17.247 17.253 17.707 23.502 30.700 32.422 30.881 -999.000 25.231 21.208
1970 -999.000 -999.000 17.567 18.720 -999.000 26.271 28.316 33.944 31.793 -999.000 -999.000 -999.000
1971 -999.000 -999.000 -999.000 -999.000 -999.000 25.918 -999.000 32.849 -999.000 27.356 22.928 -999.000
1972 -999.000 -999.000 -999.000 -999.000 -999.000 -999.000 -999.000 32.620 28.448 23.277 23.805 20.259
1973 -999.000 19.905 18.771 23.125 19.957 24.704 -999.000 37.311 29.123 25.840 22.142 -999.000
1974 -999.000 -999.000 -999.000 -999.000 -999.000 -999.000 -999.000 -999.000 -999.000 28.372 23.658 20.488
1975 -999.000 -999.000 -999.000 -999.000 -999.000 26.815 32.233 36.316 -999.000 -999.000 -999.000 -999.000
1976 -999.000 -999.000 -999.000 -999.000 -999.000 -999.000 28.588 32.984 -999.000 24.822 25.523 -999.000
1977 -999.000 18.122 19.680 -999.000 -999.000 26.828 31.485 -999.000 33.946 23.306 25.389 17.692
1978 -999.000 15.866 -999.000 19.756 -999.000 28.785 34.759 36.287 31.614 27.471 23.644 20.390
1979 -999.000 -999.000 -999.000 21.566 20.461 27.839 30.503 32.161 31.006 29.129 27.130 -999.000
1980 -999.000 -999.000 -999.000 19.874 24.372 29.429 31.196 29.207 33.210 24.929 25.378 -999.000
1981 -999.000 -999.000 16.598 20.377 20.825 26.794 32.802 -999.000 27.708 25.186 23.341 19.129
1982 -999.000 -999.000 -999.000 -999.000 21.919 24.388 28.024 32.742 32.085 -999.000 25.056 21.773
1983 18.786 17.330 17.836 20.699 21.059 24.883 29.761 35.034 29.261 28.584 23.291 18.754
1984 -999.000 -999.000 17.574 -999.000 -999.000 -999.000 -999.000 36.427 27.502 25.949 24.226 -999.000
1985 -999.000 -999.000 -999.000 -999.000 -999.000 26.685 30.402 39.228 32.337 26.855 20.932 20.348
1986 -999.000 -999.000 -999.000 20.103 -999.000 -999.000 31.397 -999.000 31.372 24.484 25.039 20.157
1987 18.247 16.386 18.230 20.758 21.467 23.907 31.700 31.487 27.509 26.370 24.427 20.826
1988 19.806 17.602 19.241 19.650 22.071 26.894 32.150 25.866 30.300 25.246 21.050 21.512
1989 -999.000 -999.000 -999.000 -999.000 24.603 25.066 31.876 -999.000 32.586 25.074 20.799 -999.000
1990 -999.000 -999.000 15.862 17.422 21.416 28.902 31.016 34.935 33.120 24.500 23.217 20.849
1991 15.042 -999.000 18.724 19.348 22.994 28.742 31.392 -999.000 33.419 29.684 25.351 20.421
1992 17.726 -999.000 21.599 16.010 -999.000 26.713 29.614 35.981 27.810 -999.000 26.718 17.500
1993 -999.000 -999.000 -999.000 18.131 20.556 24.411 28.964 30.314 31.646 27.462 25.645 22.580
1994 -999.000 -999.000 -999.000 -999.000 23.794 26.540 -999.000 38.422 -999.000 28.847 21.411 22.281
1995 17.417 -999.000 -999.000 21.369 21.136 24.918 32.239 35.001 28.361 26.543 20.560 18.398
1996 -999.000 -999.000 -999.000 -999.000 22.306 27.226 31.038 -999.000 -999.000 25.238 25.520 -999.000
1997 -999.000 -999.000 -999.000 -999.000 20.084 27.198 31.163 32.803 25.652 24.803 22.275 21.119
1998 20.986 19.307 21.177 22.832 24.446 27.125 26.485 32.511 33.917 28.275 23.289 22.457
1999 -999.000 18.611 -999.000 20.374 24.338 28.133 32.058 37.809 34.653 26.906 20.301 20.997
2000 -999.000 -999.000 18.344 18.553 -999.000 27.331 30.806 31.195 31.743 28.793 25.693 21.992
2001 18.353 -999.000 15.489 19.957 21.261 28.142 33.632 -999.000 33.068 26.656 23.477 20.573
2002 17.434 18.303 19.547 19.058 19.206 25.669 34.768 33.942 32.354 23.266 22.187 19.870
2003 17.714 15.732 16.326 19.174 -999.000 26.758 29.944 34.075 31.330 25.794 24.811 20.779
2004 16.351 17.845 17.952 17.940 25.660 29.858 31.471 34.476 32.424 29.808 23.874 20.264
2005 16.285 18.326 18.715 20.625 19.115 25.667 30.840 33.322 33.675 26.419 22.209 18.727
2006 -999.000 20.241 -999.000 19.541 24.820 25.832 32.789 34.645 31.913 25.870 22.455 22.469
2007 19.869 -999.000 15.264 19.681 21.071 23.937 28.724 36.855 35.079 28.174 24.806 20.010
2008 18.676 -999.000 -999.000 -999.000 24.614 26.839 32.652 -999.000 30.632 27.672 23.918 21.639
2009 17.920 18.149 17.334 20.177 21.885 26.830 31.690 32.898 30.445 26.642 22.372 18.177
2010 18.714 18.187 21.928 22.615 21.078 25.360 32.419 38.126 32.321 29.897 22.753 -999.000
2011 -999.000 -999.000 -999.000 17.463 24.843 28.843 32.973 35.624 34.060 27.688 24.949 21.174
2012 -999.000 18.228 -999.000 18.931 20.358 27.369 29.741 38.468 32.674 24.555 20.253 18.914
2013 17.392 20.212 18.708 18.127 20.974 26.093 31.512 33.136 32.408 31.223 21.891 18.249
2014 17.568 -999.000 16.840 19.152 22.823 24.972 30.842 31.948 29.408 25.569 22.291 20.878
2015 17.349 -999.000 19.576 20.356 24.284 28.006 34.786 33.318 28.596 26.334 25.320 22.964
2016 20.103 20.720 19.436 22.562 24.438 27.682 31.157 32.006 34.451 29.583 23.667 21.568
2017 15.843 17.598 16.636 19.955 23.152 25.626 33.098 31.307 30.694 30.027 23.603 20.039
2018 -999.000 18.935 -999.000 -999.000 24.458 28.813 37.446 36.058 31.240 25.356 22.641 23.517
2019 20.305 21.582 19.429 21.046 20.334 24.996 29.951 35.633 33.531 27.000 23.133 22.604
2020 19.593 20.979 19.828 20.634 24.516 27.220 30.596 37.029 29.064 27.491 26.188 21.364
2021 21.078 18.937 -999.000 18.190 25.827 25.774 30.875 32.515 31.459 25.725 21.638 20.115
2022 -999.000 18.208 15.657 24.488 23.835 26.827 31.166 36.053 34.844 27.525 24.303 20.696
2023 18.212 19.709 15.114 17.048 19.878 27.305 33.641 29.743 33.621 26.087 25.277 23.551
2024 18.915 21.860 20.867 22.899 25.141 28.133 34.220 36.805 37.131 30.159 24.267 21.116
2025 17.853 18.639 19.103 20.752 24.375 29.879 37.927 36.863 34.394 30.325 24.474 19.413
