1951 2025
1951 0.000 0.000 0.000 0.000 0.000 108.215 605.809 739.568 144.568 0.000 0.000 0.000
1952 0.000 0.000 0.000 0.000 0.739 266.215 697.004 515.169 39.421 61.360 0.000 0.000
1953 0.000 0.000 0.000 0.000 9.125 314.477 852.011 741.342 161.055 0.000 0.000 0.000
1954 0.000 0.000 0.000 0.000 0.000 42.180 500.605 527.546 99.698 0.000 0.000 0.000
1955 0.000 0.000 0.000 0.000 20.762 18.374 318.536 284.936 104.968 0.000 0.000 0.000
1956 0.000 0.000 0.000 0.000 0.000 50.320 453.530 377.376 40.582 0.000 0.000 0.000
1957 0.000 0.000 0.000 0.000 4.720 128.338 511.116 561.353 98.614 0.000 0.000 0.000
1958 0.000 7.561 0.000 49.289 0.000 274.151 777.699 653.855 250.400 0.000 5.654 0.000
1959 0.000 52.663 45.257 0.000 0.000 108.257 534.810 377.202 88.813 28.496 0.000 0.000
1960 0.000 0.000 0.000 0.000 0.000 145.929 613.400 628.353 131.062 0.000 0.000 0.000
1961 0.000 0.000 0.000 0.000 56.602 113.057 467.853 572.344 29.699 0.000 0.000 0.000
1962 0.000 0.000 0.000 0.000 3.198 53.416 545.336 542.494 186.184 1.484 0.000 0.000
1963 0.000 0.000 0.000 0.000 4.905 92.200 413.916 518.649 88.139 0.000 0.000 0.000
1964 6.863 0.000 8.924 5.764 3.724 22.579 453.153 407.436 105.860 0.000 0.000 0.000
1965 0.000 0.000 0.000 0.000 0.000 85.686 448.278 272.991 55.375 0.000 0.000 0.000
1966 0.000 0.000 0.000 0.000 0.000 116.104 435.445 531.958 107.811 0.000 0.000 0.000
1967 0.000 0.000 0.000 0.000 11.314 21.757 637.880 535.122 4.287 0.000 0.000 0.000
1968 0.000 0.000 0.000 0.000 0.000 83.136 630.578 616.168 141.571 0.000 0.000 0.000
1969 0.000 0.000 31.285 5.461 110.134 208.138 809.962 468.344 58.691 0.000 0.000 0.000
1970 0.000 0.000 0.000 100.803 42.968 258.650 615.313 504.307 198.680 0.000 0.000 0.000
1971 0.000 0.000 0.000 0.000 0.000 37.132 264.781 202.866 0.000 0.000 0.000 0.000
1972 0.000 0.000 0.000 0.000 0.000 39.279 529.007 445.776 109.897 22.335 16.548 0.000
1973 33.325 18.206 27.507 28.156 159.550 140.400 527.759 595.087 292.625 0.000 0.000 0.000
1974 0.000 0.000 0.000 0.000 0.000 13.735 406.657 432.642 118.059 0.000 0.000 0.000
1975 0.000 0.000 0.000 39.319 0.000 75.988 326.314 403.096 103.686 1.536 0.000 0.000
1976 0.000 0.000 0.000 0.000 0.000 15.343 403.960 391.275 25.837 0.000 9.575 0.000
1977 0.000 15.444 19.971 0.000 1.605 224.973 650.036 712.334 263.348 33.966 0.000 7.446
1978 0.000 7.746 0.753 0.000 17.694 333.613 523.691 552.960 44.576 0.000 2.192 0.000
1979 0.000 0.000 0.000 0.000 26.533 402.571 962.233 581.344 128.466 30.933 0.000 0.000
1980 0.000 0.000 5.715 0.000 196.031 714.927 980.669 738.153 416.072 89.291 32.672 0.000
1981 0.000 0.000 11.683 29.418 32.135 287.189 796.087 509.731 293.625 40.373 0.000 0.000
1982 0.000 0.000 0.000 41.062 125.607 496.583 699.023 950.890 320.397 4.879 0.000 0.000
1983 0.000 0.000 29.067 34.915 151.306 336.279 867.933 1078.782 427.667 24.485 3.039 8.166
1984 0.000 0.000 0.000 12.881 0.000 113.793 393.925 405.915 7.524 26.127 0.000 0.000
1985 0.000 0.000 0.000 0.000 4.905 240.757 645.514 672.596 101.523 0.687 0.000 40.305
1986 0.000 0.000 0.000 0.000 16.568 222.823 884.977 512.758 275.864 8.193 35.139 12.147
1987 0.000 0.000 0.000 6.337 22.695 511.388 687.466 716.322 444.377 165.174 0.000 88.766
1988 51.819 0.000 29.555 8.315 156.288 254.723 982.078 658.396 254.321 3.399 0.000 0.000
1989 0.000 0.000 0.000 0.000 20.711 259.333 750.298 488.518 146.675 0.718 1.511 48.255
1990 0.000 7.839 0.000 0.000 60.028 514.392 676.808 758.344 274.920 5.461 3.055 10.842
1991 71.044 0.000 32.226 8.837 67.594 475.842 856.101 893.211 406.258 0.000 0.000 0.000
1992 0.000 0.000 17.739 0.000 0.859 204.653 738.791 824.935 148.317 0.000 0.000 8.180
1993 0.000 0.000 0.000 0.000 14.951 367.776 731.122 670.377 315.345 54.807 22.252 0.000
1994 0.000 0.000 0.000 0.000 36.016 413.467 783.101 780.744 220.995 0.000 21.707 0.000
1995 0.000 6.334 0.000 0.000 100.681 297.118 618.145 547.553 330.241 10.119 0.000 0.000
1996 0.000 0.000 0.000 0.000 99.590 308.860 872.516 607.351 60.440 3.748 0.000 0.000
1997 0.000 0.000 3.938 0.000 25.882 208.406 932.399 1009.465 291.196 25.712 19.262 84.265
1998 0.000 115.225 29.574 193.865 381.635 788.633 1169.455 1060.607 382.907 160.692 2.201 0.000
1999 0.000 0.000 0.000 21.439 22.729 198.469 814.601 699.526 110.323 58.651 0.000 0.000
2000 0.000 0.000 0.000 0.000 9.446 332.176 529.445 720.087 183.438 46.205 1.531 6.592
2001 0.000 0.000 0.000 9.594 73.952 283.854 928.380 1132.095 204.360 163.906 0.000 0.000
2002 35.746 16.258 12.467 22.874 75.625 444.916 1115.926 723.414 201.597 22.041 49.718 57.806
2003 68.810 36.161 16.901 59.393 194.451 326.504 1076.159 910.478 363.582 0.000 11.737 0.000
2004 0.000 36.858 3.826 2.376 88.654 593.202 654.280 855.586 242.529 52.293 21.276 0.000
2005 0.000 7.856 219.106 158.475 105.850 369.693 1105.266 876.490 697.250 75.217 0.000 0.000
2006 0.000 24.534 0.000 16.167 133.704 445.935 1212.872 854.442 500.541 188.256 0.000 47.561
2007 46.265 121.338 0.000 72.920 160.068 438.609 960.252 865.164 396.608 11.379 1.489 5.669
2008 0.000 0.000 0.000 2.340 22.287 398.191 756.895 582.347 258.062 136.101 0.000 6.654
2009 12.146 0.000 0.000 43.184 42.949 275.407 1116.964 1075.298 525.665 157.253 0.000 38.375
2010 25.124 80.797 201.482 152.938 404.585 954.526 1317.592 1051.582 366.043 52.124 0.000 0.000
2011 0.000 0.000 0.000 17.233 122.681 467.767 900.893 851.983 490.015 4.985 0.000 0.000
2012 0.000 0.000 0.000 0.000 63.643 417.228 967.077 889.505 411.005 22.538 10.103 0.000
2013 111.481 0.000 20.553 69.841 190.944 565.901 880.782 843.199 263.344 208.506 0.000 20.527
2014 33.179 0.000 6.405 20.221 113.882 505.467 1197.663 952.002 481.833 112.009 99.385 0.000
2015 12.167 0.000 36.677 81.320 286.009 712.142 1113.671 1034.845 523.225 394.477 82.306 161.074
2016 131.915 80.307 262.924 249.213 525.992 917.417 1422.037 1282.356 958.239 146.428 10.229 93.630
2017 18.151 0.000 2.576 40.668 348.907 695.731 1494.419 1155.032 626.151 178.018 44.072 56.403
2018 0.000 62.637 19.350 37.897 242.474 606.903 1349.405 1132.967 433.151 105.660 74.649 113.204
2019 37.357 104.472 107.936 172.575 185.368 701.958 1192.312 1286.286 794.033 125.750 69.836 23.490
2020 91.197 169.750 236.959 372.510 392.237 624.269 1093.442 1138.583 583.722 198.773 106.571 12.210
2021 32.475 0.000 52.941 46.359 307.715 540.247 1307.748 1078.286 576.996 183.032 28.759 42.255
2022 0.000 0.000 13.589 44.164 271.928 315.539 1308.324 946.041 400.305 99.795 52.991 0.000
2023 0.000 69.610 22.788 18.969 310.036 694.812 1409.604 1303.921 807.322 461.440 311.994 132.880
2024 396.908 267.875 327.714 422.889 608.947 908.847 1597.819 1594.046 643.233 554.294 160.267 101.243
2025 239.569 108.865 193.537 149.759 429.726 914.393 1462.083 1291.269 886.195 265.708 132.941 13.102
