1951 2025
1951 0.000 0.000 0.000 0.000 2.038 12.986 32.845 33.785 15.058 0.000 0.000 0.000
1952 0.000 0.000 0.000 0.000 1.542 21.618 28.414 24.144 7.680 3.136 0.000 0.000
1953 0.000 0.000 0.000 0.000 2.443 25.722 36.368 32.089 13.774 0.000 0.366 0.000
1954 0.000 0.000 0.000 0.000 0.000 6.743 25.048 23.479 9.180 0.000 0.000 0.000
1955 0.000 0.000 0.000 0.000 2.056 6.262 23.886 20.011 10.780 0.000 0.000 0.000
1956 0.000 0.000 0.000 0.000 0.939 8.333 24.305 21.502 4.265 0.000 0.000 0.000
1957 0.000 0.000 0.000 0.000 2.144 13.890 23.516 27.637 7.478 0.000 0.000 0.000
1958 0.000 0.676 0.000 3.346 0.719 20.704 30.056 27.673 13.889 0.000 0.497 0.000
1959 0.000 3.052 2.941 0.000 0.000 12.046 26.430 21.920 6.371 1.967 0.000 0.000
1960 0.000 0.000 0.000 0.000 0.000 12.243 28.284 28.655 6.969 0.000 0.000 0.000
1961 0.000 0.000 0.000 0.000 3.281 12.724 23.206 26.350 2.482 0.000 0.000 0.000
1962 0.000 0.000 0.000 0.000 0.290 6.266 24.922 24.083 11.344 0.143 0.000 0.000
1963 0.000 0.000 0.000 0.000 0.433 9.157 21.610 25.706 8.056 0.000 0.000 0.000
1964 0.588 0.000 0.733 0.513 2.266 4.744 24.259 21.052 8.844 0.000 0.000 0.000
1965 0.000 0.000 0.000 0.000 0.000 9.942 25.433 18.743 4.102 0.289 0.000 0.000
1966 0.000 0.000 0.000 0.000 2.059 13.826 24.046 25.045 6.844 0.000 0.000 0.000
1967 0.000 0.000 0.000 0.000 2.553 7.437 29.273 26.395 4.512 0.000 0.000 0.000
1968 0.000 0.000 0.000 0.000 0.000 11.912 29.767 31.952 14.995 0.000 0.000 0.000
1969 0.000 0.000 2.318 0.526 13.676 24.141 38.740 29.529 12.584 0.000 0.000 0.000
1970 0.000 0.000 0.000 6.536 7.790 24.867 29.348 27.156 14.013 0.000 0.000 0.000
1971 0.000 0.000 0.000 0.000 0.293 8.922 18.492 17.353 1.779 0.000 0.000 0.000
1972 0.000 0.000 0.000 0.000 0.661 9.095 29.074 24.877 12.124 1.623 1.383 0.000
1973 2.362 1.504 2.241 2.302 16.142 18.718 31.119 31.693 21.808 0.000 0.000 0.000
1974 0.000 0.000 0.000 0.000 0.000 6.384 24.015 22.570 8.503 0.000 0.000 0.000
1975 0.000 0.000 0.000 2.546 0.880 12.394 22.899 23.368 9.173 0.137 0.000 0.000
1976 0.000 0.000 0.000 0.000 1.693 5.963 27.295 29.305 9.807 0.000 0.793 0.000
1977 0.000 1.094 1.457 0.000 1.554 23.902 33.173 37.958 24.890 4.313 0.000 0.659
1978 0.000 0.676 0.075 0.000 11.429 28.225 31.986 34.650 12.252 0.143 0.215 0.000
1979 0.000 0.000 0.000 0.000 14.380 36.877 49.327 34.716 19.659 3.441 0.000 0.000
1980 0.000 0.000 0.515 0.521 22.714 44.578 46.333 42.857 35.154 10.984 2.167 0.000
1981 0.000 0.000 1.046 4.243 13.187 31.516 40.368 35.741 26.182 2.925 0.000 0.000
1982 0.000 0.000 0.000 2.497 17.588 40.152 39.158 44.451 29.067 0.938 0.000 0.000
1983 1.362 0.076 5.602 9.649 23.337 35.697 45.615 50.205 33.787 7.740 1.336 0.730
1984 0.000 0.000 0.000 2.374 2.118 16.167 25.885 33.519 4.195 3.028 0.000 0.000
1985 0.000 0.000 0.000 0.000 0.659 27.390 36.274 37.185 15.549 1.994 0.000 2.456
1986 0.000 0.000 0.000 0.000 5.952 23.317 44.512 35.301 24.147 2.715 2.266 1.097
1987 0.000 0.000 0.000 6.358 12.335 40.979 43.582 41.381 37.825 11.386 1.758 6.193
1988 3.079 0.000 4.858 1.346 21.055 27.995 44.178 37.014 23.235 2.428 1.546 0.000
1989 0.000 0.000 0.000 0.000 4.741 28.082 42.469 32.034 18.165 2.340 0.146 3.076
1990 0.000 0.656 1.499 0.000 13.149 38.907 37.118 44.140 29.509 4.217 0.286 0.865
1991 3.856 0.000 2.289 2.450 18.598 40.709 44.621 45.309 33.892 0.000 0.000 0.000
1992 0.000 0.000 1.415 0.000 6.445 23.487 33.398 39.185 12.271 0.000 0.000 0.650
1993 0.000 0.000 0.000 0.000 6.503 33.125 37.790 39.344 25.392 3.341 1.602 0.000
1994 0.000 0.000 0.000 0.000 11.560 28.566 35.167 39.727 18.629 0.000 2.240 0.299
1995 0.000 0.598 0.000 0.000 11.992 31.128 30.603 36.504 29.641 1.406 0.148 0.000
1996 0.000 0.000 0.000 0.000 17.832 28.298 39.013 36.408 13.539 2.374 0.000 0.000
1997 0.000 0.000 0.365 0.000 10.963 26.050 47.240 48.603 29.837 4.802 1.452 6.283
1998 0.835 12.915 7.345 20.990 29.906 43.847 48.379 48.602 32.249 16.726 0.287 0.143
1999 0.000 0.000 0.000 2.790 8.619 26.313 34.334 36.740 15.648 3.691 0.000 0.000
2000 0.000 0.000 0.000 0.963 9.432 28.933 33.398 38.965 15.709 3.387 0.146 0.577
2001 0.000 0.000 0.000 3.414 15.446 23.084 41.494 50.291 23.858 13.551 0.594 0.000
2002 2.187 1.630 1.037 1.528 16.871 36.307 51.940 41.989 27.125 1.828 3.662 3.593
2003 5.242 3.296 2.003 9.504 25.345 28.876 46.210 45.641 33.216 4.574 0.939 1.042
2004 0.000 3.043 0.371 4.727 18.817 38.037 36.303 46.420 25.738 7.654 1.601 0.000
2005 0.000 3.837 18.777 18.471 20.698 34.049 51.873 48.768 42.903 11.878 2.208 0.000
2006 0.000 2.000 0.000 1.911 22.854 38.789 53.342 47.453 35.595 21.995 0.000 8.529
2007 8.221 7.124 2.333 13.086 22.666 35.756 45.638 42.136 31.948 2.784 0.146 0.506
2008 0.000 0.450 0.000 0.219 10.514 34.471 41.865 35.044 29.164 17.977 0.817 0.578
2009 0.988 0.000 0.000 10.512 14.784 32.745 49.440 50.141 40.510 10.895 0.000 2.570
2010 1.850 8.075 19.349 19.235 32.126 47.055 53.612 51.397 32.030 8.063 0.000 0.000
2011 0.000 0.000 0.000 1.319 18.512 37.016 42.790 43.368 32.303 2.150 0.000 0.000
2012 0.000 0.000 2.021 2.167 18.577 34.251 47.726 47.822 36.723 3.350 0.886 0.000
2013 7.766 0.828 6.132 11.072 24.125 41.702 47.074 42.912 30.180 14.068 0.000 1.781
2014 2.003 0.000 1.050 11.672 20.913 38.493 53.223 48.987 37.171 13.937 6.383 0.000
2015 1.860 1.133 3.845 16.096 29.982 43.203 55.204 54.391 42.636 35.042 11.091 17.113
2016 12.238 15.027 20.100 21.066 35.403 48.402 56.391 56.688 50.071 14.363 5.126 8.186
2017 3.127 0.682 4.392 14.008 31.741 46.389 57.444 54.188 46.880 26.550 3.561 5.819
2018 0.000 3.591 2.912 7.068 26.445 43.135 56.774 55.581 36.115 13.267 10.270 10.313
2019 9.386 11.577 13.460 17.730 22.054 44.892 54.721 56.386 51.461 12.675 4.867 4.709
2020 11.939 14.829 15.707 23.118 30.055 43.010 49.740 52.910 43.680 19.861 12.580 5.367
2021 2.365 0.458 6.367 9.839 30.923 47.399 56.095 55.713 44.776 22.336 3.254 6.143
2022 0.456 0.000 3.000 7.865 27.815 35.147 54.351 48.400 39.135 11.220 4.014 0.000
2023 0.000 7.823 3.058 4.671 27.880 40.880 57.508 58.612 47.977 36.638 26.144 18.404
2024 23.005 19.087 20.996 25.807 33.533 49.492 57.495 57.543 45.378 39.289 20.567 16.209
2025 13.855 11.537 18.176 20.180 32.897 49.886 58.058 56.860 49.625 29.706 15.208 3.140
