1951 2025
1951 -0.174 -0.111 -999.000 -999.000 -999.000 -999.000 -999.000 -999.000 -999.000 -999.000 -999.000 0.300
1952 -0.066 -0.187 -999.000 -999.000 -999.000 -999.000 -999.000 -999.000 -999.000 -999.000 -999.000 -0.669
1953 -0.189 0.214 -999.000 -999.000 -999.000 -999.000 -999.000 -999.000 -999.000 -999.000 -999.000 0.337
1954 -0.089 -0.098 -999.000 -999.000 -999.000 -999.000 -999.000 -999.000 -999.000 -999.000 -999.000 -0.414
1955 -0.181 -0.130 -999.000 -999.000 -999.000 -999.000 -999.000 -999.000 -999.000 -999.000 -999.000 -0.372
1956 -0.742 0.104 -999.000 -999.000 -999.000 -999.000 -999.000 -999.000 -999.000 -999.000 -999.000 0.175
1957 0.568 -0.087 -999.000 -999.000 -999.000 -999.000 -999.000 -999.000 -999.000 -999.000 -999.000 -0.135
1958 -0.634 -0.521 -999.000 -999.000 -999.000 -999.000 -999.000 -999.000 -999.000 -999.000 -999.000 0.040
1959 -0.016 0.637 -999.000 -999.000 -999.000 -999.000 -999.000 -999.000 -999.000 -999.000 -999.000 -0.271
1960 0.018 -0.471 -999.000 -999.000 -999.000 -999.000 -999.000 -999.000 -999.000 -999.000 -999.000 0.151
1961 -0.008 0.054 -999.000 -999.000 -999.000 -999.000 -999.000 -999.000 -999.000 -999.000 -999.000 -0.498
1962 0.438 0.147 -999.000 -999.000 -999.000 -999.000 -999.000 -999.000 -999.000 -999.000 -999.000 -0.208
1963 0.430 -0.020 -999.000 -999.000 -999.000 -999.000 -999.000 -999.000 -999.000 -999.000 -999.000 -0.030
1964 -0.093 0.348 -999.000 -999.000 -999.000 -999.000 -999.000 -999.000 -999.000 -999.000 -999.000 -0.295
1965 -0.026 -0.015 -999.000 -999.000 -999.000 -999.000 -999.000 -999.000 -999.000 -999.000 -999.000 -0.395
1966 -0.259 -0.273 -999.000 -999.000 -999.000 -999.000 -999.000 -999.000 -999.000 -999.000 -999.000 -0.456
1967 -0.133 0.462 -999.000 -999.000 -999.000 -999.000 -999.000 -999.000 -999.000 -999.000 -999.000 -0.400
1968 -0.227 -0.307 -999.000 -999.000 -999.000 -999.000 -999.000 -999.000 -999.000 -999.000 -999.000 -0.488
1969 -0.391 -0.745 -999.000 -999.000 -999.000 -999.000 -999.000 -999.000 -999.000 -999.000 -999.000 -0.472
1970 0.088 -0.175 -999.000 -999.000 -999.000 -999.000 -999.000 -999.000 -999.000 -999.000 -999.000 -0.220
1971 0.250 -0.083 -999.000 -999.000 -999.000 -999.000 -999.000 -999.000 -999.000 -999.000 -999.000 0.107
1972 0.458 0.123 -999.000 -999.000 -999.000 -999.000 -999.000 -999.000 -999.000 -999.000 -999.000 0.495
1973 -0.104 -0.040 -999.000 -999.000 -999.000 -999.000 -999.000 -999.000 -999.000 -999.000 -999.000 -0.249
1974 0.493 -0.041 -999.000 -999.000 -999.000 -999.000 -999.000 -999.000 -999.000 -999.000 -999.000 -0.246
1975 0.226 0.102 -999.000 -999.000 -999.000 -999.000 -999.000 -999.000 -999.000 -999.000 -999.000 -0.103
1976 0.021 0.267 -999.000 -999.000 -999.000 -999.000 -999.000 -999.000 -999.000 -999.000 -999.000 -0.202
1977 0.151 -0.175 -999.000 -999.000 -999.000 -999.000 -999.000 -999.000 -999.000 -999.000 -999.000 -0.037
1978 -0.155 -0.555 -999.000 -999.000 -999.000 -999.000 -999.000 -999.000 -999.000 -999.000 -999.000 -0.288
1979 -0.047 0.049 -999.000 -999.000 -999.000 -999.000 -999.000 -999.000 -999.000 -999.000 -999.000 0.012
1980 0.003 -0.113 -999.000 -999.000 -999.000 -999.000 -999.000 -999.000 -999.000 -999.000 -999.000 0.100
1981 -0.596 -0.076 -999.000 -999.000 -999.000 -999.000 -999.000 -999.000 -999.000 -999.000 -999.000 -0.456
1982 0.327 0.327 -999.000 -999.000 -999.000 -999.000 -999.000 -999.000 -999.000 -999.000 -999.000 0.179
1983 -0.381 -0.443 -999.000 -999.000 -999.000 -999.000 -999.000 -999.000 -999.000 -999.000 -999.000 0.387
1984 0.272 -0.317 -999.000 -999.000 -999.000 -999.000 -999.000 -999.000 -999.000 -999.000 -999.000 0.248
1985 0.154 0.159 -999.000 -999.000 -999.000 -999.000 -999.000 -999.000 -999.000 -999.000 -999.000 0.133
1986 -0.211 -0.160 -999.000 -999.000 -999.000 -999.000 -999.000 -999.000 -999.000 -999.000 -999.000 0.135
1987 -0.107 -0.313 -999.000 -999.000 -999.000 -999.000 -999.000 -999.000 -999.000 -999.000 -999.000 -0.169
1988 0.099 0.147 -999.000 -999.000 -999.000 -999.000 -999.000 -999.000 -999.000 -999.000 -999.000 0.304
1989 0.106 0.614 -999.000 -999.000 -999.000 -999.000 -999.000 -999.000 -999.000 -999.000 -999.000 0.193
1990 0.280 0.372 -999.000 -999.000 -999.000 -999.000 -999.000 -999.000 -999.000 -999.000 -999.000 0.370
1991 0.567 0.069 -999.000 -999.000 -999.000 -999.000 -999.000 -999.000 -999.000 -999.000 -999.000 0.070
1992 -0.184 0.013 -999.000 -999.000 -999.000 -999.000 -999.000 -999.000 -999.000 -999.000 -999.000 0.181
1993 -0.044 -0.013 -999.000 -999.000 -999.000 -999.000 -999.000 -999.000 -999.000 -999.000 -999.000 0.021
1994 0.293 0.231 -999.000 -999.000 -999.000 -999.000 -999.000 -999.000 -999.000 -999.000 -999.000 -0.127
1995 -0.405 0.235 -999.000 -999.000 -999.000 -999.000 -999.000 -999.000 -999.000 -999.000 -999.000 -0.193
1996 0.142 -0.019 -999.000 -999.000 -999.000 -999.000 -999.000 -999.000 -999.000 -999.000 -999.000 -0.283
1997 -0.024 0.272 -999.000 -999.000 -999.000 -999.000 -999.000 -999.000 -999.000 -999.000 -999.000 -0.186
1998 -0.313 -0.586 -999.000 -999.000 -999.000 -999.000 -999.000 -999.000 -999.000 -999.000 -999.000 0.403
1999 0.071 -0.349 -999.000 -999.000 -999.000 -999.000 -999.000 -999.000 -999.000 -999.000 -999.000 0.056
2000 -0.112 -0.035 -999.000 -999.000 -999.000 -999.000 -999.000 -999.000 -999.000 -999.000 -999.000 0.019
2001 -0.091 0.102 -999.000 -999.000 -999.000 -999.000 -999.000 -999.000 -999.000 -999.000 -999.000 -0.485
2002 0.302 0.065 -999.000 -999.000 -999.000 -999.000 -999.000 -999.000 -999.000 -999.000 -999.000 -0.223
2003 0.012 0.530 -999.000 -999.000 -999.000 -999.000 -999.000 -999.000 -999.000 -999.000 -999.000 -0.197
2004 0.085 -0.258 -999.000 -999.000 -999.000 -999.000 -999.000 -999.000 -999.000 -999.000 -999.000 0.346
2005 -0.035 -0.159 -999.000 -999.000 -999.000 -999.000 -999.000 -999.000 -999.000 -999.000 -999.000 -0.218
2006 -0.136 0.207 -999.000 -999.000 -999.000 -999.000 -999.000 -999.000 -999.000 -999.000 -999.000 0.229
2007 0.132 -0.018 -999.000 -999.000 -999.000 -999.000 -999.000 -999.000 -999.000 -999.000 -999.000 0.315
2008 -0.112 0.190 -999.000 -999.000 -999.000 -999.000 -999.000 -999.000 -999.000 -999.000 -999.000 0.373
2009 0.419 0.001 -999.000 -999.000 -999.000 -999.000 -999.000 -999.000 -999.000 -999.000 -999.000 -0.403
2010 -0.509 -0.788 -999.000 -999.000 -999.000 -999.000 -999.000 -999.000 -999.000 -999.000 -999.000 -1.025
2011 0.063 0.383 -999.000 -999.000 -999.000 -999.000 -999.000 -999.000 -999.000 -999.000 -999.000 0.339
2012 -0.091 0.043 -999.000 -999.000 -999.000 -999.000 -999.000 -999.000 -999.000 -999.000 -999.000 -0.452
2013 0.461 0.081 -999.000 -999.000 -999.000 -999.000 -999.000 -999.000 -999.000 -999.000 -999.000 0.638
2014 0.475 0.088 -999.000 -999.000 -999.000 -999.000 -999.000 -999.000 -999.000 -999.000 -999.000 0.055
2015 0.309 0.386 -999.000 -999.000 -999.000 -999.000 -999.000 -999.000 -999.000 -999.000 -999.000 0.316
2016 -0.243 -0.167 -999.000 -999.000 -999.000 -999.000 -999.000 -999.000 -999.000 -999.000 -999.000 0.438
2017 -0.160 0.134 -999.000 -999.000 -999.000 -999.000 -999.000 -999.000 -999.000 -999.000 -999.000 0.269
2018 -0.083 0.494 -999.000 -999.000 -999.000 -999.000 -999.000 -999.000 -999.000 -999.000 -999.000 -0.123
2019 0.007 0.476 -999.000 -999.000 -999.000 -999.000 -999.000 -999.000 -999.000 -999.000 -999.000 0.027
2020 -0.069 0.538 -999.000 -999.000 -999.000 -999.000 -999.000 -999.000 -999.000 -999.000 -999.000 -0.138
2021 -0.272 0.098 -999.000 -999.000 -999.000 -999.000 -999.000 -999.000 -999.000 -999.000 -999.000 -0.051
2022 0.198 0.438 -999.000 -999.000 -999.000 -999.000 -999.000 -999.000 -999.000 -999.000 -999.000 -0.274
2023 -0.111 0.473 -999.000 -999.000 -999.000 -999.000 -999.000 -999.000 -999.000 -999.000 -999.000 -0.170
2024 0.040 -0.087 -999.000 -999.000 -999.000 -999.000 -999.000 -999.000 -999.000 -999.000 -999.000 0.162
2025 0.431 0.180 -999.000 -999.000 -999.000 -999.000 -999.000 -999.000 -999.000 -999.000 -999.000 0.227
