1951 2025
1951 -999.000 -999.000 -999.000 -999.000 -999.000 -999.000 -999.000 -999.000 -999.000 -999.000 -999.000 -999.000
1952 -999.000 -999.000 -999.000 -999.000 -999.000 -999.000 -999.000 -999.000 -999.000 -999.000 -999.000 -999.000
1953 -999.000 -999.000 -999.000 -999.000 -999.000 -999.000 -999.000 -999.000 -999.000 -999.000 -999.000 -999.000
1954 -999.000 -999.000 -999.000 -999.000 -999.000 -999.000 -999.000 -999.000 -999.000 -999.000 -999.000 -999.000
1955 -999.000 -999.000 -999.000 -999.000 -999.000 -999.000 -999.000 -999.000 27.885 -999.000 -999.000 -999.000
1956 -999.000 -999.000 -999.000 -999.000 -999.000 -999.000 -999.000 -999.000 -999.000 -999.000 -999.000 -999.000
1957 -999.000 -999.000 -999.000 -999.000 -999.000 -999.000 -999.000 -999.000 -999.000 -999.000 -999.000 -999.000
1958 -999.000 -999.000 -999.000 -999.000 -999.000 -999.000 -999.000 -999.000 -999.000 -999.000 -999.000 -999.000
1959 -999.000 -999.000 -999.000 -999.000 -999.000 -999.000 -999.000 -999.000 -999.000 -999.000 -999.000 -999.000
1960 -999.000 -999.000 -999.000 -999.000 -999.000 -999.000 -999.000 -999.000 -999.000 -999.000 -999.000 -999.000
1961 -999.000 -999.000 -999.000 -999.000 -999.000 -999.000 -999.000 -999.000 -999.000 -999.000 -999.000 -999.000
1962 -999.000 -999.000 -999.000 -999.000 -999.000 -999.000 -999.000 -999.000 -999.000 -999.000 -999.000 -999.000
1963 -999.000 -999.000 -999.000 -999.000 -999.000 -999.000 -999.000 -999.000 -999.000 -999.000 -999.000 -999.000
1964 -999.000 -999.000 -999.000 -999.000 -999.000 -999.000 -999.000 -999.000 -999.000 -999.000 -999.000 -999.000
1965 -999.000 -999.000 -999.000 -999.000 -999.000 -999.000 -999.000 -999.000 -999.000 -999.000 -999.000 -999.000
1966 -999.000 -999.000 -999.000 -999.000 -999.000 -999.000 -999.000 -999.000 -999.000 -999.000 -999.000 -999.000
1967 -999.000 -999.000 -999.000 -999.000 -999.000 -999.000 -999.000 34.538 -999.000 -999.000 -999.000 -999.000
1968 -999.000 -999.000 -999.000 -999.000 -999.000 -999.000 -999.000 -999.000 -999.000 -999.000 -999.000 -999.000
1969 -999.000 -999.000 -999.000 16.405 17.518 -999.000 -999.000 -999.000 -999.000 -999.000 -999.000 -999.000
1970 -999.000 -999.000 -999.000 -999.000 -999.000 -999.000 -999.000 -999.000 -999.000 -999.000 -999.000 -999.000
1971 -999.000 -999.000 -999.000 -999.000 -999.000 -999.000 -999.000 -999.000 -999.000 -999.000 -999.000 -999.000
1972 -999.000 -999.000 -999.000 -999.000 -999.000 -999.000 -999.000 -999.000 -999.000 22.202 -999.000 -999.000
1973 -999.000 17.513 18.294 -999.000 19.854 -999.000 -999.000 32.987 25.730 -999.000 -999.000 -999.000
1974 -999.000 -999.000 -999.000 -999.000 -999.000 -999.000 -999.000 -999.000 -999.000 -999.000 -999.000 -999.000
1975 -999.000 -999.000 -999.000 -999.000 -999.000 -999.000 -999.000 -999.000 -999.000 -999.000 -999.000 -999.000
1976 -999.000 -999.000 -999.000 -999.000 -999.000 -999.000 -999.000 31.233 -999.000 -999.000 -999.000 -999.000
1977 -999.000 -999.000 18.957 -999.000 -999.000 -999.000 -999.000 -999.000 -999.000 22.213 -999.000 -999.000
1978 -999.000 14.342 -999.000 -999.000 -999.000 -999.000 -999.000 -999.000 -999.000 -999.000 -999.000 -999.000
1979 -999.000 -999.000 -999.000 -999.000 -999.000 20.752 29.553 -999.000 26.107 -999.000 -999.000 -999.000
1980 -999.000 -999.000 -999.000 17.497 -999.000 27.270 28.494 25.571 -999.000 22.318 -999.000 -999.000
1981 -999.000 -999.000 15.453 18.134 15.247 -999.000 -999.000 -999.000 25.504 22.655 21.096 15.453
1982 -999.000 -999.000 -999.000 -999.000 17.459 -999.000 -999.000 -999.000 -999.000 -999.000 -999.000 -999.000
1983 14.174 14.174 15.172 19.036 18.169 23.683 27.768 -999.000 27.155 27.043 -999.000 -999.000
1984 -999.000 -999.000 -999.000 -999.000 -999.000 -999.000 -999.000 -999.000 -999.000 -999.000 -999.000 -999.000
1985 -999.000 -999.000 -999.000 -999.000 -999.000 -999.000 -999.000 -999.000 27.867 22.566 -999.000 -999.000
1986 -999.000 -999.000 -999.000 19.435 -999.000 -999.000 27.954 -999.000 -999.000 21.515 -999.000 18.788
1987 16.645 15.804 16.423 18.679 19.706 20.945 25.000 27.161 25.580 22.961 22.020 15.574
1988 16.235 -999.000 17.187 18.748 21.476 -999.000 31.225 -999.000 -999.000 25.269 20.214 -999.000
1989 -999.000 -999.000 -999.000 -999.000 -999.000 22.915 -999.000 -999.000 -999.000 24.566 -999.000 -999.000
1990 -999.000 -999.000 15.200 16.598 -999.000 -999.000 -999.000 -999.000 -999.000 22.484 -999.000 -999.000
1991 -999.000 -999.000 17.169 18.010 21.185 24.071 27.368 -999.000 -999.000 -999.000 -999.000 -999.000
1992 -999.000 -999.000 -999.000 -999.000 -999.000 -999.000 26.395 -999.000 -999.000 -999.000 -999.000 -999.000
1993 -999.000 -999.000 -999.000 15.897 17.659 19.387 -999.000 28.197 -999.000 -999.000 -999.000 -999.000
1994 -999.000 -999.000 -999.000 -999.000 -999.000 -999.000 -999.000 -999.000 -999.000 -999.000 21.207 19.354
1995 15.631 -999.000 -999.000 19.205 -999.000 20.980 -999.000 30.108 25.508 24.945 -999.000 -999.000
1996 -999.000 -999.000 -999.000 -999.000 -999.000 24.909 -999.000 -999.000 -999.000 22.543 -999.000 -999.000
1997 -999.000 -999.000 -999.000 -999.000 -999.000 -999.000 -999.000 -999.000 22.067 23.651 20.573 18.889
1998 18.413 16.636 19.564 18.995 20.667 21.518 23.446 29.126 -999.000 22.853 -999.000 -999.000
1999 -999.000 -999.000 -999.000 -999.000 -999.000 -999.000 -999.000 -999.000 -999.000 22.603 20.289 -999.000
2000 -999.000 -999.000 -999.000 -999.000 -999.000 -999.000 -999.000 -999.000 -999.000 25.333 -999.000 -999.000
2001 -999.000 -999.000 -999.000 18.257 -999.000 -999.000 -999.000 -999.000 -999.000 24.380 -999.000 18.052
2002 -999.000 17.232 16.768 18.944 18.800 -999.000 -999.000 -999.000 -999.000 20.421 19.548 16.051
2003 14.846 -999.000 16.099 17.827 -999.000 -999.000 30.104 32.159 28.431 22.655 20.245 18.983
2004 -999.000 -999.000 17.489 15.242 -999.000 -999.000 -999.000 -999.000 26.224 21.766 18.754 -999.000
2005 -999.000 16.295 16.027 19.221 18.184 -999.000 28.489 -999.000 30.375 24.602 20.521 -999.000
2006 -999.000 -999.000 -999.000 18.779 20.519 20.948 -999.000 33.426 -999.000 25.086 18.720 17.683
2007 16.810 -999.000 15.145 17.093 17.549 -999.000 28.050 -999.000 -999.000 22.545 -999.000 -999.000
2008 -999.000 -999.000 -999.000 -999.000 -999.000 -999.000 -999.000 -999.000 29.784 25.372 19.268 -999.000
2009 -999.000 17.747 16.082 -999.000 -999.000 -999.000 27.805 27.553 30.050 23.337 18.915 -999.000
2010 17.126 16.369 19.316 19.846 19.112 21.067 29.028 33.194 29.235 -999.000 -999.000 -999.000
2011 -999.000 -999.000 -999.000 -999.000 -999.000 -999.000 -999.000 -999.000 -999.000 -999.000 -999.000 -999.000
2012 -999.000 -999.000 -999.000 17.591 -999.000 -999.000 -999.000 -999.000 -999.000 22.590 17.747 -999.000
2013 16.117 19.564 15.719 15.493 18.164 -999.000 27.848 32.474 28.469 -999.000 -999.000 -999.000
2014 -999.000 -999.000 16.158 17.648 19.620 -999.000 27.382 27.041 28.491 23.166 18.894 18.707
2015 15.479 -999.000 19.027 17.249 20.519 26.002 -999.000 -999.000 27.759 24.654 22.034 19.301
2016 15.715 19.048 18.230 18.950 20.315 24.218 28.536 35.136 -999.000 27.211 21.794 18.652
2017 -999.000 -999.000 -999.000 17.242 20.142 22.581 31.069 29.398 30.008 27.236 21.505 19.739
2018 -999.000 -999.000 -999.000 -999.000 22.584 -999.000 -999.000 -999.000 28.377 22.353 20.739 20.761
2019 19.145 19.256 18.038 19.527 19.137 21.033 -999.000 -999.000 25.713 23.488 21.691 18.210
2020 16.738 18.922 17.941 18.720 22.240 23.849 26.850 32.262 26.049 26.882 24.034 18.441
2021 -999.000 -999.000 -999.000 17.451 22.551 21.257 -999.000 28.755 29.524 24.702 19.833 18.374
2022 -999.000 -999.000 15.657 -999.000 18.219 -999.000 29.829 36.650 26.431 27.375 22.217 -999.000
2023 -999.000 -999.000 14.941 17.019 21.661 23.764 28.946 11.762 30.571 25.936 23.239 20.909
2024 16.948 20.350 20.372 20.959 21.117 23.159 30.147 33.374 35.535 25.819 20.146 19.090
2025 16.037 16.468 17.137 19.552 20.508 24.747 -999.000 33.515 31.716 27.286 21.770 -999.000
