1951 2025
1951 -999.000 -999.000 11.442 13.082 15.163 20.204 30.542 36.317 30.603 15.959 22.854 11.799
1952 -999.000 12.925 14.454 13.275 15.663 19.956 25.863 31.351 28.349 27.913 15.664 11.626
1953 11.499 11.845 12.255 13.569 15.000 28.437 30.986 31.608 31.152 24.134 14.852 13.668
1954 11.535 10.405 11.966 11.599 15.650 19.275 37.393 31.571 34.238 20.127 -999.000 -999.000
1955 10.661 12.164 10.820 14.316 18.279 -999.000 32.460 32.877 34.819 20.312 15.259 17.476
1956 -999.000 -999.000 11.873 12.455 17.100 20.849 32.154 33.500 30.311 16.735 15.652 19.777
1957 20.434 -999.000 11.454 12.929 11.593 19.934 31.073 33.794 24.324 22.623 13.022 12.512
1958 11.809 13.705 12.448 13.887 13.379 19.592 28.136 33.385 28.061 18.330 15.727 13.466
1959 12.840 13.054 19.151 10.696 13.570 19.271 31.520 27.213 27.896 25.356 13.375 11.489
1960 14.832 13.995 16.289 10.312 13.721 25.339 35.705 32.401 32.763 25.358 19.919 14.360
1961 21.317 14.470 11.262 18.889 15.440 29.130 32.793 30.975 33.634 24.833 14.746 17.895
1962 24.594 12.612 15.430 13.921 15.890 30.374 29.719 32.125 29.315 23.320 11.965 14.932
1963 16.635 14.772 18.118 13.468 12.273 19.171 27.708 35.553 33.195 23.648 17.112 18.952
1964 14.632 18.119 12.663 14.433 18.244 24.173 26.769 27.841 29.914 19.156 14.772 -999.000
1965 -999.000 -999.000 19.229 10.275 15.432 27.010 31.274 31.253 30.258 25.630 14.122 15.742
1966 15.790 17.894 11.226 16.453 19.597 20.355 23.709 29.811 23.919 20.852 13.576 -999.000
1967 14.538 20.847 -999.000 10.299 15.044 18.581 31.304 31.044 22.500 25.317 15.969 11.077
1968 -999.000 12.666 11.874 11.922 15.641 23.787 28.312 25.724 25.077 18.243 18.613 13.488
1969 10.630 10.760 14.941 11.792 14.801 17.258 29.778 29.717 27.354 15.398 13.363 11.668
1970 16.690 11.425 10.993 16.992 14.807 23.512 23.773 29.817 28.523 16.280 13.459 14.542
1971 13.804 -999.000 11.091 11.862 13.528 20.346 30.536 34.237 24.953 15.619 11.849 -999.000
1972 -999.000 -999.000 -999.000 11.093 14.015 18.661 24.402 27.925 18.627 16.255 12.197 15.188
1973 12.525 -999.000 10.790 14.648 15.847 17.012 23.767 30.126 23.856 16.840 12.088 10.141
1974 -999.000 -999.000 10.788 11.525 13.000 19.110 25.350 27.153 32.094 17.427 12.859 14.781
1975 -999.000 -999.000 10.539 12.363 13.566 20.127 31.664 25.083 32.473 19.940 12.815 -999.000
1976 -999.000 -999.000 -999.000 10.661 14.230 29.174 26.121 27.639 21.689 29.065 18.777 16.825
1977 14.867 20.093 11.659 10.280 12.759 21.035 33.257 34.897 20.667 29.543 13.834 20.831
1978 -999.000 14.979 11.150 10.999 15.000 18.472 26.258 28.178 26.884 18.613 14.409 16.070
1979 -999.000 16.217 -999.000 11.732 12.044 17.886 28.351 28.082 23.325 29.127 14.301 10.974
1980 12.922 15.234 10.628 11.902 12.488 26.726 32.040 26.239 32.304 25.907 17.450 11.874
1981 12.650 -999.000 15.835 11.193 14.258 16.313 30.009 26.271 25.198 18.446 14.031 11.390
1982 16.517 -999.000 -999.000 -999.000 17.125 21.154 27.500 35.298 27.698 23.991 14.950 -999.000
1983 14.206 11.161 10.498 10.125 12.883 16.360 32.062 26.912 22.671 19.199 12.500 11.955
1984 30.351 11.468 11.170 13.469 14.564 18.387 31.731 27.838 20.661 27.816 13.274 -999.000
1985 17.783 14.788 -999.000 11.877 12.576 17.620 31.637 28.442 22.232 17.517 12.741 23.037
1986 25.101 -999.000 11.891 11.753 16.886 24.709 33.718 27.445 22.794 -999.000 27.726 14.691
1987 17.171 14.795 10.459 11.375 13.050 20.536 23.508 25.167 25.799 28.353 12.708 18.715
1988 25.301 12.642 12.675 12.400 13.931 19.743 33.557 32.265 26.378 25.166 15.715 12.144
1989 -999.000 -999.000 -999.000 10.795 12.249 18.948 29.499 34.853 28.271 17.033 12.298 20.598
1990 26.403 -999.000 -999.000 10.260 14.193 28.368 29.092 25.451 30.101 17.500 18.482 11.503
1991 22.716 21.342 12.514 11.360 14.788 31.176 28.846 26.968 29.984 19.415 15.898 -999.000
1992 14.034 13.941 11.649 10.574 12.855 20.351 31.998 34.067 26.477 17.643 13.108 14.836
1993 21.751 -999.000 12.090 -999.000 13.645 21.602 27.036 29.009 31.005 19.725 21.497 12.372
1994 26.215 19.449 10.920 11.570 14.440 21.734 33.333 31.561 24.864 18.716 17.937 12.982
1995 13.283 14.283 -999.000 10.939 15.660 18.412 28.041 27.790 26.735 19.517 13.745 14.601
1996 14.296 10.512 14.995 12.551 14.347 24.147 37.662 31.563 27.325 22.059 11.299 10.589
1997 -999.000 20.183 17.774 11.440 13.578 20.397 29.095 32.599 23.169 17.804 14.942 21.090
1998 -999.000 12.381 -999.000 10.010 12.084 20.418 31.892 27.834 25.105 19.670 12.692 25.763
1999 23.962 -999.000 10.695 11.442 15.236 22.132 27.680 31.412 26.915 29.146 12.665 13.380
2000 -999.000 18.215 10.205 12.216 13.252 26.218 28.761 30.202 26.372 32.311 17.592 22.500
2001 21.163 -999.000 11.975 12.010 18.486 23.505 34.272 30.780 24.252 23.679 12.110 12.742
2002 21.233 17.666 10.005 10.422 12.654 24.375 27.392 34.726 21.194 20.164 25.217 20.540
2003 18.047 22.563 16.207 11.282 11.923 24.758 30.873 28.069 25.432 23.080 14.765 12.210
2004 12.364 17.224 -999.000 11.270 13.210 22.635 30.573 27.688 24.814 17.502 12.924 12.229
2005 10.289 -999.000 15.585 11.038 15.841 18.373 25.497 32.998 28.283 25.210 11.697 12.880
2006 23.445 17.520 10.877 11.301 15.075 24.365 30.781 25.177 27.176 21.422 15.100 15.557
2007 10.912 19.393 12.535 13.182 15.222 23.069 31.549 31.987 22.394 19.293 14.887 17.280
2008 17.635 23.722 12.692 11.989 14.848 21.024 27.547 33.539 27.562 31.208 12.176 12.311
2009 24.617 18.541 -999.000 10.068 13.179 21.298 28.188 33.859 26.689 19.205 18.035 17.500
2010 17.190 14.673 15.477 10.854 14.034 23.216 30.773 26.909 28.040 21.583 13.129 12.585
2011 16.284 14.550 -999.000 10.349 12.625 20.525 36.084 29.193 25.813 21.414 18.031 23.299
2012 -999.000 15.911 -999.000 -999.000 15.215 21.101 30.450 28.380 23.714 17.500 17.981 12.341
2013 20.236 17.478 12.086 11.894 13.219 33.235 27.291 34.097 26.147 25.598 14.700 24.456
2014 26.141 27.056 10.135 12.459 12.714 18.067 27.220 28.197 26.072 22.622 28.191 11.110
2015 29.403 13.540 21.777 11.648 17.360 22.050 29.539 33.073 23.603 24.993 21.345 24.070
2016 17.992 -999.000 -999.000 10.312 18.893 22.543 28.724 31.147 32.211 17.212 11.651 15.800
2017 -999.000 17.689 -999.000 -999.000 14.115 25.460 33.260 32.952 26.144 18.715 13.380 14.729
2018 27.430 27.535 -999.000 -999.000 12.686 27.809 35.887 27.267 19.884 10.333 17.084 20.864
2019 -999.000 20.000 -999.000 -999.000 -999.000 17.237 31.314 32.935 26.810 16.717 28.480 18.053
2020 -999.000 -999.000 -999.000 18.011 -999.000 23.969 27.503 30.813 31.408 12.653 -999.000 -999.000
2021 17.577 22.954 -999.000 -999.000 14.489 27.079 28.972 28.178 27.544 15.558 21.263 21.040
2022 18.090 24.626 24.037 10.000 13.021 20.227 32.678 32.881 26.703 25.033 27.759 -999.000
2023 -999.000 22.198 -999.000 10.201 11.989 17.747 27.109 27.688 26.558 22.817 14.640 10.889
2024 16.324 14.641 -999.000 12.864 13.293 19.038 31.840 32.525 23.243 24.998 14.451 10.000
2025 21.280 24.719 12.116 11.223 13.632 29.903 25.491 29.104 32.640 20.679 10.132 23.131
