1951 2025
1951 -0.210 0.480 -0.268 -0.176 0.156 0.040 -0.155 0.367 -0.030 0.230 -0.019 -0.149
1952 0.089 -0.072 0.025 0.168 -0.058 -0.160 0.112 0.168 0.022 0.519 0.445 0.292
1953 -0.061 -0.113 -0.271 -0.255 -0.067 0.452 -0.331 0.183 0.012 0.345 0.200 0.232
1954 0.178 0.460 0.133 -0.186 0.291 0.098 0.266 0.249 0.074 -0.095 0.500 0.991
1955 -0.340 0.150 0.089 -0.041 -0.323 0.194 0.435 0.868 0.483 0.062 -0.167 -0.037
1956 0.142 0.568 0.407 0.102 -0.086 0.530 -0.008 0.450 0.597 0.232 -0.009 0.626
1957 0.240 0.042 -0.094 0.202 0.244 -0.124 0.374 0.295 0.142 -0.106 0.276 -0.068
1958 -0.011 -0.030 0.025 0.337 0.002 0.180 0.163 0.492 0.516 0.281 0.277 -0.233
1959 0.150 0.125 0.101 0.207 0.236 0.261 0.264 0.632 0.458 0.615 0.745 0.580
1960 0.451 -0.093 0.507 0.210 0.267 0.279 0.417 0.614 0.709 0.532 0.484 0.172
1961 0.221 0.145 -0.399 0.108 0.116 0.644 0.283 0.482 0.855 0.815 0.206 0.080
1962 -0.277 -0.089 -0.275 -0.109 -0.246 0.378 0.089 0.201 0.267 0.102 0.608 -0.104
1963 -0.194 0.117 -0.002 0.103 0.423 0.600 0.407 0.507 0.386 0.209 -0.041 -0.482
1964 -0.095 0.030 0.504 0.176 0.020 0.747 -0.143 0.529 0.189 0.422 -0.232 0.518
1965 0.098 0.285 -0.151 -0.023 -0.110 0.411 -0.032 0.686 0.732 0.560 0.253 0.379
1966 0.142 0.023 -0.097 0.430 0.113 0.775 0.262 0.382 -0.172 0.456 0.365 1.045
1967 0.029 0.242 -0.040 -0.507 0.493 0.548 -0.295 0.623 0.580 -0.339 0.457 -0.043
1968 -0.010 0.163 -0.451 -0.055 0.297 0.408 0.355 0.477 0.515 -0.001 0.471 0.273
1969 0.930 0.607 0.103 0.086 0.433 0.491 -0.426 0.442 0.133 -0.001 -0.061 0.476
1970 0.503 -0.180 0.335 -0.170 0.170 0.801 0.014 0.691 0.234 0.025 0.030 0.214
1971 -0.041 0.286 0.106 0.151 0.383 0.245 0.288 0.664 0.291 -0.057 -0.512 0.268
1972 0.866 0.767 0.153 -0.415 0.496 0.668 0.521 0.826 0.659 0.233 0.127 0.084
1973 0.290 -0.187 -0.073 0.207 0.053 0.407 0.299 0.034 -0.072 -0.050 -0.558 -0.242
1974 0.675 0.414 0.643 0.111 0.183 0.767 0.270 0.523 0.587 0.384 0.365 0.714
1975 -0.244 0.254 -0.019 -0.204 0.238 0.154 0.045 0.740 0.173 0.432 0.146 -0.217
1976 -0.287 0.373 0.566 -0.161 0.230 0.431 0.453 0.776 0.256 0.744 0.152 0.459
1977 0.871 0.067 -0.192 -0.554 -0.010 0.095 0.612 0.358 -0.156 0.490 -0.198 0.071
1978 -0.085 0.095 0.038 0.274 0.174 0.294 0.333 0.396 -0.204 -0.078 -0.238 -0.186
1979 0.370 0.271 0.163 0.058 -0.134 0.054 -0.322 0.320 -0.235 0.345 0.072 0.072
1980 0.459 0.120 0.423 0.157 0.066 0.075 0.093 -0.339 -0.115 -0.248 -0.186 -0.245
1981 -0.683 0.165 -0.415 -0.187 0.320 -0.339 0.101 0.167 0.025 -0.228 -0.104 -0.089
1982 0.001 0.259 0.311 -0.598 -0.295 -0.388 0.070 -0.014 -0.153 0.370 0.232 0.018
1983 -0.410 0.106 -0.127 0.269 0.355 0.271 0.183 -0.083 0.012 -0.418 -0.688 -0.460
1984 -0.081 0.366 0.416 0.343 0.301 0.092 -0.040 0.537 0.183 -0.070 0.408 0.744
1985 0.292 0.242 0.428 -0.240 0.364 0.048 0.096 0.090 -0.305 0.097 0.038 -0.012
1986 -0.085 0.368 0.285 -0.121 -0.019 0.698 -0.436 0.270 -0.455 -0.373 0.083 0.028
1987 0.076 -0.166 0.321 0.367 -0.235 -0.143 -0.006 -0.257 -0.371 0.329 0.055 -0.342
1988 0.035 0.084 0.097 -0.289 0.129 0.578 0.174 -0.060 -0.418 0.020 -0.616 -0.448
1989 -0.262 -0.308 -0.081 0.405 -0.374 0.446 -0.164 0.266 0.141 -0.062 0.158 -0.512
1990 0.396 -0.330 -0.607 -0.460 0.123 -0.084 -0.165 -0.069 0.007 0.210 -0.191 -0.018
1991 0.078 0.363 0.364 -0.489 -0.405 -0.193 -0.053 -0.011 -0.372 0.121 -0.086 0.075
1992 -0.234 -0.018 0.044 0.218 0.005 0.789 -0.241 -0.134 0.646 0.058 -0.095 -0.058
1993 -0.559 -0.054 -0.038 0.038 0.451 -0.143 0.165 -0.102 0.314 0.247 0.603 -0.007
1994 0.165 0.430 -0.117 0.175 0.058 -0.061 -0.006 0.207 0.039 -0.285 -0.261 0.378
1995 -0.077 -0.462 -0.059 0.000 -0.052 0.499 0.158 0.113 0.027 0.118 -0.270 -0.256
1996 0.732 0.039 0.677 0.403 0.095 0.155 -0.468 0.679 0.469 0.052 0.010 -0.045
1997 -0.251 -0.268 -0.257 -0.794 0.027 0.211 0.334 0.255 -0.367 -0.522 0.443 0.039
1998 0.407 -0.350 -0.088 0.372 -0.116 -0.665 -0.279 -0.794 0.272 -0.150 0.078 -0.340
1999 0.037 -0.451 0.463 0.080 -0.351 0.383 0.195 0.076 0.370 0.159 0.003 -0.052
2000 -0.193 -0.362 -0.335 -0.020 0.032 -0.191 0.348 0.020 0.406 0.354 0.665 0.066
2001 0.401 -0.056 -0.184 -0.196 -0.260 -0.098 0.094 -0.357 0.185 0.229 -0.694 0.270
2002 -0.084 -0.552 -0.199 0.009 0.328 -0.022 -0.118 0.190 0.136 0.048 0.273 0.200
2003 -0.291 0.340 -0.180 0.233 -0.249 -0.199 0.081 -0.441 -0.213 -0.133 0.531 -0.223
2004 0.144 -0.164 0.325 0.558 -0.270 -0.487 -0.150 0.126 -0.031 0.167 -0.341 0.078
2005 0.045 0.355 -0.201 0.056 -0.283 -0.209 0.140 -0.078 -0.365 0.046 0.134 0.407
2006 0.646 -0.035 -0.231 0.266 -0.028 0.095 -0.221 0.261 -0.057 0.276 -0.111 -0.044
2007 -0.595 0.111 0.174 -0.442 -0.022 -0.216 0.058 -0.066 -0.176 -0.103 -0.274 0.059
2008 0.135 -0.090 -0.442 0.245 0.158 -0.315 0.296 -0.019 0.325 -0.339 -0.266 0.120
2009 -0.042 0.159 -0.031 -0.189 0.159 -0.014 -0.078 -0.331 -0.323 -0.263 0.408 0.179
2010 0.257 0.277 -0.309 -0.012 0.055 -0.497 -0.068 -0.442 0.050 0.044 -0.125 0.246
2011 0.090 0.179 -0.331 -0.276 -0.196 -0.448 0.675 -0.122 -0.171 -0.011 0.177 0.203
2012 0.374 0.133 -0.044 -0.145 -0.251 -0.644 -0.001 0.051 -0.268 -0.129 0.242 0.574
2013 0.382 0.267 -0.306 -0.226 0.130 0.213 -0.027 -0.176 0.212 0.070 -0.356 -0.235
2014 0.650 0.308 -0.216 -0.346 -0.126 -0.183 0.072 -0.364 0.113 0.231 0.430 -0.023
2015 -0.098 -0.094 0.017 -0.143 -0.496 -0.463 0.008 -0.210 0.126 0.027 -0.059 -0.066
2016 0.146 -0.571 -0.121 0.128 0.068 -0.473 -0.212 -0.391 -0.440 0.290 0.186 -0.386
2017 -0.162 0.040 -0.240 -0.140 -0.016 -0.400 -0.255 -0.580 0.067 0.076 0.091 -0.092
2018 0.282 0.156 -0.284 0.136 0.265 -0.187 0.078 -0.392 -0.286 -0.264 0.505 0.336
2019 -0.078 -0.085 -0.389 0.440 -0.054 -0.528 -0.101 -0.747 -0.348 -0.095 0.391 0.195
2020 -0.184 -0.760 -0.191 -0.539 -0.555 -0.023 -0.132 -0.599 -0.365 0.237 0.047 0.541
2021 0.460 -0.009 -0.239 -0.259 -0.295 0.009 0.011 -0.694 -0.162 -0.129 -0.279 0.140
2022 -0.262 -0.486 0.138 -0.063 -0.396 -0.212 -0.151 -0.029 -0.003 -0.087 0.505 0.274
2023 0.348 -0.299 -0.575 0.375 -0.246 0.032 -0.147 -0.765 -0.336 -0.304 -0.132 0.159
2024 -0.080 -0.314 0.067 -0.095 -0.034 -0.742 -0.502 -0.896 -0.189 0.076 -0.369 -0.146
2025 -0.071 0.039 -0.208 -0.096 -0.307 -0.687 -0.003 -0.857 -0.173 -0.318 -0.098 0.062
