1951 2025
1951 15.577 -999.000 15.713 15.617 15.955 24.306 31.266 28.934 27.379 20.331 19.530 19.633
1952 19.852 15.062 16.716 14.297 17.021 27.979 32.496 31.335 30.980 26.160 18.990 16.694
1953 14.186 17.521 17.477 16.268 20.289 29.568 29.963 28.818 30.308 19.508 18.005 18.378
1954 18.268 12.569 16.763 16.629 15.676 26.786 32.978 31.346 30.834 24.574 16.550 17.434
1955 17.174 17.739 19.904 17.073 16.573 23.922 33.019 36.290 29.416 22.429 19.668 18.193
1956 -999.000 -999.000 16.268 16.948 23.191 31.625 30.281 28.449 31.121 21.803 17.500 19.519
1957 20.410 13.025 13.558 14.686 16.345 20.676 29.779 29.507 28.121 18.224 19.334 14.775
1958 13.096 -999.000 14.649 16.155 14.855 25.674 30.187 29.045 28.084 21.037 23.141 16.617
1959 15.804 20.570 18.471 15.740 15.465 21.946 32.472 32.078 26.159 24.498 19.189 16.870
1960 17.301 15.191 14.873 14.032 16.906 25.426 30.191 30.861 28.308 20.267 20.166 16.206
1961 16.511 18.085 14.650 17.762 19.668 26.548 29.805 31.241 31.901 21.992 18.391 16.759
1962 18.547 16.786 15.866 15.595 20.103 23.359 28.388 29.960 27.626 22.500 16.809 16.634
1963 17.430 14.633 18.706 17.127 21.444 22.956 30.112 30.996 27.848 18.884 16.799 16.331
1964 18.303 16.737 19.119 18.825 18.951 25.441 30.581 29.028 29.450 21.186 20.611 20.858
1965 -999.000 18.926 17.131 16.982 16.523 25.231 31.544 29.833 30.606 20.483 18.150 16.782
1966 13.473 14.757 12.849 15.035 15.087 22.837 30.811 29.265 24.443 23.019 16.635 15.419
1967 18.628 16.591 16.255 20.497 19.771 26.284 29.976 31.084 23.271 19.199 19.113 18.384
1968 16.399 12.583 15.255 17.191 18.341 25.829 31.629 31.650 23.127 22.713 17.539 16.281
1969 12.682 13.331 15.797 13.292 14.649 20.449 30.881 30.622 28.349 22.070 16.196 15.350
1970 14.055 13.816 15.502 19.654 12.500 22.157 30.264 31.041 31.326 18.460 15.808 20.289
1971 17.092 15.533 15.726 12.996 16.661 21.743 31.256 31.800 29.354 23.782 19.236 23.660
1972 21.519 13.946 12.054 17.092 14.716 17.422 30.993 29.517 28.916 24.801 20.092 19.343
1973 18.113 14.262 16.123 16.593 17.733 23.711 29.278 31.291 25.741 20.624 19.200 13.807
1974 22.790 16.915 15.271 17.183 15.930 30.000 30.128 28.633 28.775 20.539 15.957 18.207
1975 21.781 15.479 16.046 20.220 16.688 22.426 30.771 31.572 30.637 27.500 18.823 17.067
1976 16.863 17.619 17.070 13.244 16.238 31.134 29.992 31.639 24.646 20.058 21.643 17.303
1977 15.530 18.756 20.315 14.673 15.431 25.931 33.013 32.234 26.377 21.998 16.787 19.475
1978 15.226 14.817 15.000 15.387 19.473 25.599 31.409 31.504 27.600 21.022 22.500 18.559
1979 15.467 14.626 14.008 14.986 15.941 23.073 29.119 29.659 31.219 23.976 17.859 17.907
1980 13.950 14.785 17.825 13.995 15.997 25.038 32.081 29.939 29.249 22.174 21.372 14.768
1981 12.929 14.777 15.054 20.114 16.615 27.135 30.575 28.848 25.014 23.638 17.156 14.940
1982 17.283 12.937 16.508 18.679 16.591 23.079 30.304 30.778 27.440 21.588 17.985 15.961
1983 12.995 12.337 11.715 13.577 17.185 18.630 30.483 32.754 25.939 23.358 17.310 19.657
1984 17.052 14.833 14.230 16.650 16.060 20.734 32.588 29.789 27.991 22.267 17.433 22.437
1985 15.449 18.128 18.286 14.003 20.213 26.280 30.623 30.051 29.279 27.500 20.859 20.844
1986 13.881 13.825 14.322 17.181 14.313 25.504 31.173 30.904 26.827 23.333 24.195 19.556
1987 15.913 14.285 12.213 12.619 13.660 23.281 29.194 29.420 24.130 23.782 16.829 18.687
1988 19.773 15.088 15.563 15.442 15.824 21.666 29.890 32.650 28.023 20.000 20.626 18.620
1989 21.123 20.806 14.208 13.556 21.575 24.944 30.320 29.446 30.092 22.500 20.000 18.256
1990 19.599 19.932 12.999 13.599 19.593 27.753 30.577 28.317 28.603 22.421 22.500 22.160
1991 20.455 14.012 17.952 17.137 18.242 21.879 29.638 30.028 27.713 22.586 20.529 18.300
1992 15.138 13.972 15.939 13.303 13.083 23.325 30.131 29.589 30.068 19.806 20.971 21.019
1993 16.958 14.284 13.949 12.919 12.513 23.956 30.211 30.437 28.792 23.792 25.518 17.697
1994 17.600 19.271 15.555 16.038 19.073 26.180 30.377 30.771 25.715 20.661 22.284 16.680
1995 15.695 15.000 13.398 15.390 20.204 22.686 30.240 33.781 27.252 26.373 19.002 15.986
1996 16.694 14.808 13.154 14.025 17.906 24.811 29.769 29.325 24.552 20.000 19.349 16.547
1997 12.098 19.955 19.949 14.913 19.351 22.343 29.306 28.470 26.881 16.978 21.211 18.490
1998 13.473 12.013 11.028 15.373 17.711 24.240 30.081 30.511 27.339 23.271 -999.000 21.928
1999 17.683 14.480 14.366 19.416 20.287 25.067 31.873 30.557 27.192 27.698 15.846 18.519
2000 17.808 16.688 14.985 16.763 17.205 27.853 29.400 31.229 28.134 23.485 20.000 21.074
2001 17.236 19.973 13.084 20.095 16.282 24.610 31.475 29.011 25.519 22.399 15.645 17.684
2002 20.600 17.552 17.064 20.029 20.832 24.373 30.777 30.634 30.015 24.872 21.315 19.440
2003 15.582 19.398 18.148 16.387 20.271 25.056 31.268 31.528 26.018 20.698 21.571 15.805
2004 15.310 18.068 16.941 -999.000 17.165 25.737 29.336 26.273 28.206 22.811 20.160 17.442
2005 17.042 16.858 15.522 14.925 14.729 23.271 29.448 29.094 28.563 23.665 19.708 17.456
2006 18.049 17.596 14.608 20.117 17.061 24.760 31.769 30.366 24.977 21.634 18.879 21.529
2007 20.116 16.909 15.778 15.264 16.010 22.282 29.550 31.336 28.780 27.845 20.000 20.812
2008 18.606 18.857 16.252 18.829 18.568 25.198 30.330 28.161 26.977 22.576 16.860 20.428
2009 17.606 17.409 17.411 16.429 18.950 23.784 27.223 29.520 24.683 24.261 17.365 19.285
2010 17.383 13.764 14.194 12.063 17.088 27.470 31.283 30.345 28.915 20.767 17.681 14.053
2011 16.127 19.828 16.750 19.158 17.464 24.959 32.205 29.325 25.480 23.543 18.520 20.626
2012 16.008 17.475 15.797 11.939 19.206 23.152 32.639 29.682 23.247 21.460 17.831 16.671
2013 20.613 17.532 12.500 15.156 15.417 27.335 31.682 30.564 25.914 21.824 20.375 23.061
2014 21.741 18.460 15.807 16.133 15.063 22.734 29.527 27.863 28.601 22.549 19.757 16.816
2015 17.953 14.064 20.095 18.396 16.510 25.398 28.361 28.793 24.198 19.714 22.154 22.548
2016 15.041 13.703 12.969 13.848 15.296 25.218 30.017 30.842 27.522 24.988 18.114 21.341
2017 17.044 15.768 13.543 10.000 15.895 23.794 30.570 28.450 25.173 24.430 21.986 19.911
2018 17.240 22.855 18.223 17.072 19.775 25.125 30.930 30.896 31.403 24.764 19.592 19.966
2019 18.189 19.571 16.132 14.861 15.211 22.630 29.293 29.319 30.107 24.145 19.647 18.604
2020 17.942 18.486 19.876 18.745 15.068 22.872 29.064 28.859 27.761 25.983 21.931 16.412
2021 18.175 18.816 19.304 17.844 17.134 27.978 29.946 30.929 25.079 20.815 19.962 19.915
2022 15.113 19.808 16.407 17.862 16.267 26.407 32.194 31.617 28.641 20.757 20.289 18.623
2023 18.679 21.669 17.759 15.702 13.697 20.652 28.023 29.812 23.950 21.128 19.469 15.029
2024 16.155 14.722 14.836 15.923 17.562 24.024 30.144 30.093 24.125 20.688 20.473 17.676
2025 18.593 19.150 15.769 14.528 17.788 26.823 30.083 28.604 24.669 21.219 20.042 19.667
