1951 2025
1951 0.000 0.000 0.000 0.000 0.000 41.764 208.444 306.900 50.869 0.000 0.000 0.000
1952 0.000 0.000 0.000 0.000 0.000 71.652 171.569 140.707 11.092 23.443 0.000 0.000
1953 0.000 0.000 0.000 0.000 5.678 110.764 312.474 299.058 71.210 0.000 0.000 0.000
1954 0.000 0.000 0.000 0.000 0.000 10.665 141.526 161.845 27.994 0.000 0.000 0.000
1955 0.000 0.000 0.000 0.000 16.659 0.764 103.757 106.245 60.966 0.000 0.000 0.000
1956 0.000 0.000 0.000 0.000 0.000 11.437 172.787 136.704 11.185 0.000 0.000 0.000
1957 0.000 0.000 0.000 0.000 0.000 66.178 154.767 204.265 11.747 0.000 0.000 0.000
1958 0.000 4.274 0.000 0.000 0.000 62.511 229.602 257.550 102.900 0.000 0.000 0.000
1959 0.000 0.000 1.754 0.000 0.000 17.940 139.710 72.800 11.024 0.000 0.000 0.000
1960 0.000 0.000 0.000 0.000 0.000 23.784 238.539 217.570 87.184 0.000 0.000 0.000
1961 0.000 0.000 0.000 0.000 0.000 28.359 155.388 176.801 17.540 0.000 0.000 0.000
1962 0.000 0.000 0.000 0.000 0.000 11.359 162.794 185.354 82.216 0.000 0.000 0.000
1963 0.000 0.000 0.000 0.000 0.000 18.839 110.386 208.813 29.549 0.000 0.000 0.000
1964 0.000 0.000 0.000 0.000 3.724 2.213 149.407 139.235 57.017 0.000 0.000 0.000
1965 0.000 0.000 0.000 0.000 0.000 32.239 168.614 101.210 8.264 0.000 0.000 0.000
1966 0.000 0.000 0.000 0.000 0.000 46.129 107.034 208.315 29.240 0.000 0.000 0.000
1967 0.000 0.000 0.000 0.000 0.000 7.521 252.658 232.565 0.763 0.000 0.000 0.000
1968 0.000 0.000 0.000 0.000 0.000 27.876 218.109 223.355 77.506 0.000 0.000 0.000
1969 0.000 0.000 3.400 0.000 68.363 69.482 298.235 216.003 38.313 0.000 0.000 0.000
1970 0.000 0.000 0.000 30.022 33.862 121.256 219.765 218.674 68.529 0.000 0.000 0.000
1971 0.000 0.000 0.000 0.000 0.000 10.749 59.821 109.670 0.000 0.000 0.000 0.000
1972 0.000 0.000 0.000 0.000 0.000 17.371 218.154 205.859 9.720 0.000 0.000 0.000
1973 0.000 0.000 0.000 1.677 60.428 60.717 188.166 264.692 136.499 0.000 0.000 0.000
1974 0.000 0.000 0.000 0.000 0.000 3.585 165.105 196.732 59.175 0.000 0.000 0.000
1975 0.000 0.000 0.000 0.000 0.000 25.011 146.441 109.047 34.141 0.000 0.000 0.000
1976 0.000 0.000 0.000 0.000 0.000 4.710 155.289 136.291 3.955 0.000 0.000 0.000
1977 0.000 3.800 0.000 0.000 0.000 61.400 202.320 253.723 77.615 6.447 0.000 0.000
1978 0.000 1.665 0.000 0.000 3.882 67.844 151.180 162.586 14.975 0.000 0.000 0.000
1979 0.000 0.000 0.000 0.000 13.110 136.931 381.311 236.181 58.970 19.691 0.000 0.000
1980 0.000 0.000 0.000 0.000 59.622 255.712 365.090 302.335 173.026 14.454 0.000 0.000
1981 0.000 0.000 0.000 0.000 12.032 93.343 297.392 170.312 127.962 0.000 0.000 0.000
1982 0.000 0.000 0.000 0.000 97.838 213.094 279.888 387.188 151.340 4.879 0.000 0.000
1983 0.000 0.000 0.000 4.813 44.750 122.649 318.412 352.020 181.455 8.195 2.291 0.000
1984 0.000 0.000 0.000 0.000 0.000 45.161 182.455 142.220 4.089 0.000 0.000 0.000
1985 0.000 0.000 0.000 0.000 0.000 89.294 268.001 266.392 31.601 0.000 0.000 6.163
1986 0.000 0.000 0.000 0.000 16.568 87.561 323.667 169.315 69.191 0.736 0.000 0.000
1987 0.000 0.000 0.000 0.000 5.882 208.299 233.633 208.512 180.892 98.612 0.000 15.038
1988 0.000 0.000 0.000 0.000 48.989 103.153 412.192 259.212 98.427 0.000 0.000 0.000
1989 0.000 0.000 0.000 0.000 0.000 106.238 303.191 223.077 63.648 0.000 0.000 29.038
1990 0.000 0.000 0.000 0.000 10.396 200.023 284.630 278.299 90.955 0.793 0.000 0.000
1991 2.855 0.000 0.000 0.000 43.672 238.706 338.689 339.449 193.296 0.000 0.000 0.000
1992 0.000 0.000 0.000 0.000 0.000 73.164 276.964 371.228 23.888 0.000 0.000 0.000
1993 0.000 0.000 0.000 0.000 8.137 170.461 245.793 234.206 117.276 0.000 0.000 0.000
1994 0.000 0.000 0.000 0.000 3.321 141.749 311.501 321.029 81.008 0.000 0.000 0.000
1995 0.000 0.000 0.000 0.000 36.860 103.171 217.004 189.394 119.228 0.000 0.000 0.000
1996 0.000 0.000 0.000 0.000 43.787 122.753 327.766 241.185 13.669 0.000 0.000 0.000
1997 0.000 0.000 0.000 0.000 0.000 106.613 370.520 405.899 91.131 8.475 0.000 30.531
1998 0.000 21.372 0.763 51.630 99.825 276.728 476.345 417.841 198.389 71.159 0.000 0.000
1999 0.000 0.000 0.000 0.000 6.377 101.737 316.492 293.418 85.387 45.844 0.000 0.000
2000 0.000 0.000 0.000 0.000 4.226 124.884 184.920 268.283 80.750 35.595 0.000 2.492
2001 0.000 0.000 0.000 0.000 50.634 134.875 444.080 486.119 107.387 76.995 0.000 0.000
2002 4.940 0.000 0.000 0.000 24.631 212.900 452.042 270.063 77.870 0.000 8.647 7.337
2003 9.898 3.320 0.000 4.948 42.021 175.214 455.577 305.894 133.862 0.000 0.000 0.000
2004 0.000 0.000 0.000 0.000 49.261 252.087 291.085 352.169 111.635 0.000 0.000 0.000
2005 0.000 0.000 73.700 28.183 58.255 147.327 393.913 317.438 236.976 54.899 0.000 0.000
2006 0.000 0.000 0.000 0.000 49.793 175.271 483.459 276.008 206.035 65.272 0.000 0.000
2007 0.000 41.436 0.000 13.737 79.766 208.503 421.552 311.387 111.702 0.000 0.000 0.000
2008 0.000 0.000 0.000 0.000 13.038 153.185 320.511 319.280 129.670 75.867 0.000 0.000
2009 12.146 0.000 0.000 6.813 23.207 143.347 486.168 450.682 230.434 37.049 0.000 1.685
2010 3.621 31.627 97.796 64.965 160.070 379.377 573.986 411.458 149.202 18.462 0.000 0.000
2011 0.000 0.000 0.000 0.000 55.042 209.671 393.942 351.787 217.135 0.000 0.000 0.000
2012 0.000 0.000 0.000 0.000 37.905 219.947 390.373 379.161 165.906 2.371 3.262 0.000
2013 8.645 0.000 7.236 22.807 81.813 230.922 333.806 336.271 133.530 102.191 0.000 1.508
2014 5.269 0.000 0.000 1.655 58.745 206.920 467.114 414.799 197.299 67.248 52.844 0.000
2015 0.000 0.000 0.000 22.902 142.363 282.844 439.148 422.304 195.017 212.553 11.632 42.854
2016 31.500 3.719 53.931 78.855 185.495 363.042 525.390 500.555 390.610 49.504 0.000 0.000
2017 0.000 0.000 0.000 22.189 129.148 287.309 612.884 466.522 292.000 68.475 0.000 0.000
2018 0.000 0.000 0.000 1.676 57.370 196.576 527.911 402.481 77.002 14.988 13.630 4.514
2019 0.000 5.622 10.459 24.811 37.977 205.109 438.658 495.531 267.651 3.263 0.000 0.000
2020 1.571 4.456 17.324 52.864 102.363 178.336 383.431 427.891 198.548 25.297 9.015 3.008
2021 0.000 0.000 0.000 7.130 102.939 193.477 500.880 372.770 232.423 34.590 0.000 0.000
2022 0.000 0.000 0.000 5.050 96.360 79.466 483.473 355.926 158.014 17.456 0.000 0.000
2023 0.000 0.000 0.000 0.000 121.645 232.436 457.143 439.296 289.736 204.696 91.535 40.386
2024 94.492 56.263 65.819 132.228 178.369 331.601 577.051 596.015 213.328 199.881 69.575 1.622
2025 63.055 0.000 22.324 34.422 128.437 288.984 483.473 474.606 381.744 119.343 9.213 0.000
