1951 2025
1951 -0.142 0.078 0.025 -0.150 -0.334 0.197 0.037 0.175 0.196 0.249 -0.249 -0.426
1952 -0.323 -0.173 0.010 0.093 0.041 0.295 -0.249 0.163 0.641 0.413 0.560 0.250
1953 -0.084 -0.310 0.047 -0.494 -1.021 -0.498 -0.355 -0.351 0.446 -0.008 -0.061 -0.142
1954 0.484 0.110 0.236 0.198 0.810 0.170 -0.320 -0.055 -0.059 -0.036 -0.048 -0.190
1955 -0.568 -0.178 0.485 0.726 0.514 0.387 0.143 -0.387 -0.060 0.170 -0.146 0.213
1956 -0.223 -0.233 -0.326 0.114 0.795 0.892 0.212 -0.348 -0.115 0.033 -0.331 -0.779
1957 -0.427 -0.562 -1.026 -0.799 -0.869 -1.090 -0.226 0.170 -0.280 -0.747 -0.420 -0.499
1958 -0.112 -0.104 -0.107 -0.020 -0.238 -0.480 -0.554 -0.318 -0.011 -0.274 -0.130 -0.457
1959 -0.566 0.073 0.359 0.024 0.565 -0.410 -0.160 -0.417 -0.175 -0.358 -0.116 0.147
1960 0.037 0.002 0.218 -0.261 -0.317 -0.776 0.051 -0.494 -0.298 -0.588 -0.565 -0.442
1961 -0.688 -0.824 -0.456 -0.218 0.590 0.568 0.508 0.214 0.250 0.255 -0.439 -0.511
1962 -0.586 -0.824 -0.703 -0.657 -0.193 -0.206 -0.198 0.030 0.107 -0.351 -0.449 -0.383
1963 -1.208 -1.743 -1.670 -1.315 -0.084 0.322 0.080 0.012 -0.131 -0.905 -0.450 -0.055
1964 0.031 -0.129 -0.444 0.395 0.550 -0.442 -0.096 -0.066 0.448 -0.260 -0.603 -0.750
1965 -0.837 -0.628 -0.958 -1.197 -0.512 -0.223 -0.112 -0.050 -0.405 -1.488 -0.588 -0.446
1966 -0.453 -0.079 0.456 0.154 -0.145 -0.855 -0.314 0.080 -0.305 -0.308 -0.267 -0.572
1967 -0.610 -0.454 -0.508 0.116 0.322 -0.119 0.092 0.055 -0.189 -0.482 -0.410 -0.730
1968 -0.820 -1.231 -1.087 -0.772 -0.846 -1.116 -0.906 -0.377 -0.840 -0.729 -1.033 -0.646
1969 -0.325 0.234 -0.003 -0.187 0.100 -0.283 -0.004 0.138 0.201 -0.572 -0.905 -0.868
1970 -0.729 -0.647 -0.884 -0.708 -0.430 -0.541 -0.331 -0.129 -0.327 -0.312 -0.774 -1.118
1971 -0.899 -1.048 -1.044 -0.729 -0.753 0.460 0.391 -0.082 -0.696 -0.458 -0.531 -0.511
1972 -0.116 -0.172 -0.678 -0.768 0.053 -0.290 -0.395 -0.815 -0.491 -0.833 -0.339 -0.374
1973 0.210 0.213 0.049 0.620 -0.045 -0.782 -0.638 -0.333 0.170 0.034 -0.536 -0.923
1974 -1.150 -0.918 -0.808 -0.519 -0.486 -0.069 -0.516 -0.278 -0.662 -0.024 0.144 -0.169
1975 -0.281 -0.487 -0.693 -0.445 -0.393 -0.096 -0.085 -0.199 -0.153 0.027 -0.504 -0.692
1976 -1.003 -0.686 -0.359 -0.386 -0.390 -0.474 -1.758 -0.554 -0.557 -0.710 -0.457 -0.430
1977 -0.450 -0.533 -0.475 -0.058 -0.122 -0.427 -0.171 -0.509 -0.421 -0.109 -0.274 -0.241
1978 -0.100 -0.204 -0.478 -0.682 -0.184 -0.034 -0.007 -0.167 -0.145 0.083 -0.327 -0.229
1979 0.061 0.376 -0.015 -0.310 -0.711 -0.543 -0.289 0.007 -0.030 -0.067 0.072 -0.113
1980 -0.035 -0.283 -0.238 -0.185 -0.226 0.750 0.285 0.096 0.120 -0.405 -0.296 -0.085
1981 -0.855 -0.645 -0.358 -0.325 -0.274 -0.548 0.030 -0.290 -0.419 -0.653 -0.738 -0.713
1982 -0.521 -0.557 -0.348 -0.788 -0.035 -0.251 -1.097 -0.756 -0.904 -0.554 -0.228 0.216
1983 0.390 0.314 0.031 0.562 0.552 -0.655 -0.706 -0.342 0.082 0.294 -0.220 -0.664
1984 -0.811 -1.024 -1.229 -1.173 -0.794 -0.412 0.311 -0.132 -0.181 -0.628 -0.685 -0.630
1985 -0.721 -0.684 -0.173 -0.066 -0.246 -0.620 -0.424 -0.381 -0.070 0.072 -0.505 -0.378
1986 -0.365 -0.622 -0.954 -0.838 -0.409 -0.523 -0.325 -0.491 -0.105 -0.583 -0.527 -0.125
1987 -0.014 -0.034 0.060 0.099 0.013 -0.237 -0.535 -0.119 -0.346 -0.298 0.428 0.462
1988 0.995 0.765 0.676 0.201 -0.151 -0.233 0.056 -0.427 0.003 0.090 -0.486 -0.598
1989 0.063 0.091 -0.027 0.131 0.031 -0.082 -0.027 -0.516 -0.143 -0.294 -0.503 -0.609
1990 -0.518 0.189 0.293 -0.271 -0.277 -0.077 -0.048 -0.324 0.044 0.042 0.228 0.287
1991 0.024 -0.054 0.231 0.880 0.140 0.888 0.777 0.313 -0.019 0.136 -0.021 0.161
1992 0.212 0.166 0.565 0.373 -0.344 -0.417 -0.718 -0.624 -0.825 -0.937 -0.773 -0.340
1993 0.124 -0.152 -0.304 -0.545 -0.464 -0.689 -0.537 -0.492 -0.242 -0.530 -0.310 -0.034
1994 0.089 -0.295 -0.565 -0.330 -0.280 0.041 0.242 -0.125 0.029 0.092 -0.058 0.155
1995 0.361 0.057 -0.273 0.100 -0.260 -0.253 -0.005 0.910 0.462 0.325 0.030 -0.657
1996 -0.695 -0.727 -0.458 -0.829 -1.239 -0.389 -0.495 -0.356 -0.683 -1.028 -0.358 -0.387
1997 -0.256 -0.174 -0.051 0.245 0.506 -0.090 0.073 0.041 -0.177 -0.404 -0.266 0.139
1998 0.594 0.808 0.442 1.476 1.896 1.035 0.337 0.615 0.281 0.630 0.919 1.055
1999 0.667 0.490 0.825 0.621 0.474 1.008 0.417 0.196 0.889 1.236 0.513 0.219
2000 0.368 0.031 -0.172 -0.206 -0.290 0.944 0.317 0.011 0.136 0.744 1.145 0.879
2001 0.461 0.516 0.372 0.317 0.258 0.939 1.303 0.110 -0.140 -0.094 0.063 0.219
2002 -0.193 0.110 0.351 0.252 0.524 0.607 -0.060 0.130 -0.113 -0.045 -0.427 -0.039
2003 -0.074 -0.030 -0.415 -0.081 0.394 -0.127 -0.362 0.321 0.649 -0.088 0.240 0.091
2004 -0.161 -0.201 0.110 0.353 0.885 0.966 0.296 0.245 -0.051 0.033 0.280 0.481
2005 0.273 0.288 -0.014 -0.011 -0.045 -0.004 0.062 0.328 0.180 0.493 0.315 -0.497
2006 -0.522 -0.278 -0.001 -0.429 0.045 0.156 0.266 0.250 0.182 -0.130 0.218 0.449
2007 0.569 0.789 0.494 0.018 -0.232 -0.611 -0.311 0.358 0.199 0.430 0.545 0.238
2008 0.443 0.305 -0.029 0.009 0.129 0.126 0.340 0.656 0.605 0.786 0.687 0.070
2009 0.034 0.248 0.247 0.012 -0.320 -0.118 0.569 0.399 -0.115 0.137 0.190 0.227
2010 0.040 0.311 0.674 0.242 -0.185 -0.373 0.251 0.493 0.794 0.725 0.306 0.323
2011 -0.249 -0.398 -0.522 -0.923 -0.553 0.030 0.125 -0.230 -0.171 0.089 0.437 0.296
2012 0.076 -0.024 0.036 -0.486 -0.453 -0.535 0.041 -0.022 -0.048 -0.228 -0.577 -0.698
2013 -0.388 -0.207 0.186 0.064 -0.562 -0.297 -0.012 0.620 0.328 -0.189 -0.211 -0.575
2014 -0.535 -0.367 -0.486 -0.660 -0.862 -0.491 -0.442 0.386 0.436 -0.328 -0.115 -0.390
2015 -0.417 -0.669 -0.118 0.506 0.935 0.807 0.316 0.225 -0.068 -0.064 0.512 0.933
2016 1.178 1.025 0.722 0.810 1.330 0.858 0.696 0.281 0.291 0.853 0.758 0.737
2017 0.674 0.350 -0.094 -0.239 0.557 0.168 0.930 0.888 0.462 0.600 0.446 0.217
2018 0.163 -0.051 0.315 0.733 1.301 0.897 0.561 0.338 0.692 0.792 0.731 0.819
2019 0.771 0.907 0.861 0.457 0.220 0.102 0.170 0.731 0.735 0.814 0.662 1.039
2020 1.130 0.972 0.861 0.322 0.239 1.108 0.790 1.417 1.047 0.854 0.826 0.897
2021 0.808 0.639 0.682 0.222 0.628 0.718 0.515 0.200 0.770 0.309 0.056 -0.094
2022 -0.006 0.043 0.346 0.935 0.839 0.459 0.976 1.267 0.605 0.599 0.392 0.359
2023 0.137 0.415 0.500 0.357 -0.101 0.216 0.799 0.609 0.974 0.817 0.516 0.771
2024 0.745 0.744 0.456 1.012 0.961 0.828 1.566 1.191 1.312 1.430 1.498 0.650
2025 0.442 0.012 0.105 -0.046 1.099 1.542 1.037 0.954 1.551 1.507 0.976 0.709
