1951 2025
1951 25778.871 26000.393 26157.420 26812.168 27341.484 28020.232 28257.289 28510.807 27971.834 27235.289 26682.035 26201.000
1952 25560.938 25610.207 26278.518 26958.732 27408.420 27585.336 28632.418 28504.453 28001.100 27405.451 26375.301 25800.418
1953 25851.164 25674.713 26493.000 26586.900 27092.711 27785.934 28536.451 28466.160 28049.633 27301.000 26189.766 26118.742
1954 25673.967 26204.713 26197.871 27029.398 27101.549 27768.967 28488.611 28437.031 28071.432 27456.227 26498.467 26213.838
1955 25640.160 25828.570 26243.645 26725.434 27359.938 27877.465 28332.193 28661.000 27996.066 27400.322 26557.102 26155.969
1956 25565.518 25846.551 26374.193 26491.469 27367.709 28031.332 28459.225 28442.033 27791.602 27391.547 26552.168 26084.871
1957 25885.387 26034.891 26019.840 26765.266 27237.387 27664.934 28214.613 28315.807 27724.434 27247.967 26688.602 26146.098
1958 25764.129 26041.359 25939.193 26699.367 27154.193 27966.766 28379.195 28478.354 28000.699 27416.934 26565.400 26199.580
1959 25536.000 26088.500 26510.162 26929.967 27489.031 27850.199 28348.516 28343.451 27884.500 27280.549 26592.633 25882.129
1960 25674.547 25738.795 26260.387 26650.367 27360.322 27877.234 28373.938 28249.291 27886.631 27414.000 26625.398 25723.064
1961 25664.453 25847.180 26274.902 26782.666 27379.322 27944.133 28248.709 28278.773 27912.168 27394.291 26743.969 26281.289
1962 25794.389 25695.285 25904.711 26985.969 27401.840 27940.535 28317.613 28195.805 27936.602 27178.066 26459.666 25983.773
1963 25869.031 26069.000 26409.451 26967.500 27335.678 27777.367 28458.547 28497.934 27730.768 27320.807 26582.633 26014.062
1964 25903.227 25780.826 26299.838 26994.600 27605.131 27896.668 28200.162 28492.646 27823.766 27308.227 26614.967 25974.840
1965 25847.613 25696.965 26037.484 26687.533 27287.904 27765.934 28260.547 28237.355 27872.232 27385.645 26129.867 25782.482
1966 25662.484 25713.750 26184.904 26744.668 27497.453 27751.268 28411.031 28520.387 27768.768 27682.613 26248.400 25867.422
1967 25457.938 25658.715 25996.064 26980.967 27771.969 27877.965 28507.516 28307.162 27952.500 27230.453 26384.199 25964.645
1968 25770.742 26013.000 26346.422 27093.832 27669.965 28012.066 28214.582 28274.324 27919.834 27134.807 26609.969 26070.936
1969 25509.098 25613.607 25980.066 26729.934 27196.645 27798.000 28515.969 28286.387 27750.068 27298.678 26295.633 25590.291
1970 25853.258 25711.215 25814.162 26931.834 27682.938 27931.602 28590.160 28522.580 27869.633 27187.838 26484.666 25684.160
1971 25959.096 26083.965 26083.033 26706.766 27490.742 27842.398 28369.713 28354.740 28089.066 27397.584 26427.234 25825.807
1972 25900.160 26051.758 26458.902 27004.066 27399.260 27881.400 28353.482 28164.451 28041.234 27166.484 26423.232 26109.709
1973 25975.064 25684.357 25915.965 26711.768 27473.516 27833.334 28439.711 28460.451 27967.734 27281.645 26284.367 25710.580
1974 26006.484 25947.965 26127.869 26822.734 27326.807 28001.266 28199.742 28204.227 27984.566 27112.936 26308.234 25745.258
1975 25886.516 25857.535 26414.613 27007.398 27415.258 27927.033 28349.418 28503.645 27981.467 27457.838 26917.266 26063.227
1976 25650.031 26035.102 26100.516 26737.633 27395.225 27977.666 28192.969 28121.000 28004.133 27151.645 26324.602 26002.807
1977 25575.162 25540.572 26287.740 26810.766 27418.162 28021.066 28492.484 28406.418 27998.533 27426.227 26583.234 26035.516
1978 25392.582 25514.680 26243.805 26747.467 27535.775 27960.432 28384.451 28203.646 27880.932 27237.289 26562.367 25911.902
1979 25658.707 26091.785 26054.678 26674.766 27394.549 27986.535 28319.549 28347.291 27864.533 27228.871 26452.102 26411.324
1980 25754.742 25573.930 25934.711 26650.633 27334.355 28000.633 28575.258 28476.773 27819.033 27197.420 26573.000 26065.902
1981 25499.064 25745.750 25951.066 26843.600 27534.840 28121.133 28682.451 28229.258 27831.500 27115.064 26182.400 26028.225
1982 25706.322 25906.215 26150.678 27231.367 27508.967 27644.031 28178.389 28426.904 27936.465 27271.484 26591.332 25907.904
1983 25727.678 25630.143 26073.227 26855.398 27404.289 27750.867 28317.033 28386.387 28016.234 27025.742 26492.334 25930.162
1984 25885.484 25692.002 25960.904 26990.035 27496.031 28142.668 28494.031 28412.902 27841.434 27093.902 26383.832 25898.258
1985 25644.518 26151.500 26312.062 27166.668 27306.418 27851.268 28324.195 28520.613 27664.932 27239.162 26446.166 25818.549
1986 25565.225 25831.145 26319.195 26756.867 27373.613 27777.867 28397.418 28432.967 28008.600 27119.547 26397.066 25928.711
1987 25657.580 25775.895 26140.482 26678.834 27386.387 28047.268 28081.582 28236.422 28069.266 27269.098 26478.100 25876.324
1988 25637.451 25709.105 26261.967 27053.801 27212.031 27825.465 28434.484 28696.838 28159.766 27280.969 26444.201 26075.260
1989 26009.064 25820.930 26548.904 26898.266 27354.611 28032.066 28567.904 28605.969 27930.297 27317.613 26769.000 26344.129
1990 25643.193 26559.430 26322.902 27007.734 27332.773 28033.434 28586.451 28204.904 27848.066 27659.484 26869.533 26350.516
1991 26160.484 25943.787 26060.064 26899.566 27360.129 28086.566 28217.484 28445.900 27742.334 27328.420 26535.600 26109.002
1992 25645.453 25785.551 26248.355 26878.768 27478.613 27574.402 28229.484 28543.838 27910.533 27344.162 26398.102 26246.969
1993 26149.676 25751.428 26132.387 26526.701 27140.613 27917.332 28328.160 28451.000 27902.533 27221.484 26621.867 26038.871
1994 25573.969 25906.963 26218.031 26699.400 27356.969 28074.365 28432.162 28589.418 28081.900 27385.258 26785.566 25915.096
1995 25815.354 26115.607 26228.453 26656.133 27375.613 27938.734 28377.516 28270.676 27746.031 27423.578 26407.834 26043.064
1996 25598.840 25714.000 26044.324 26619.434 27350.936 28117.301 28435.484 28499.840 28138.600 27204.742 26368.467 25921.709
1997 25988.291 25770.072 26139.645 26820.701 27070.742 27926.768 28404.742 28372.709 27804.367 27097.838 26871.068 26118.324
1998 25660.000 25793.215 26212.902 27072.400 27390.033 28014.301 28698.838 28604.000 28176.100 27524.418 26293.199 25948.418
1999 25744.291 25602.678 25960.580 26924.602 27390.549 27829.436 28507.387 28529.420 28025.066 27263.096 26476.232 26131.096
2000 26116.293 25444.414 25833.389 26912.266 27667.549 28099.168 28530.936 28499.840 28261.299 27176.775 26415.234 25770.453
2001 25701.129 25425.715 26133.031 26894.633 27644.840 27869.498 28495.258 28659.838 27919.799 27392.451 26361.301 25867.420
2002 26104.387 26167.750 25985.551 27091.633 27259.320 27906.766 28476.547 28475.580 28007.135 27300.969 26324.535 25792.160
2003 25760.387 25914.035 26187.000 26824.602 27604.547 28033.867 28601.807 28379.805 28038.301 27284.969 26705.566 25844.098
2004 25956.127 25770.932 26254.518 26508.365 27423.000 28073.166 28368.098 28221.904 28159.334 27389.033 26757.000 26078.936
2005 25838.709 25817.965 26049.807 26903.266 27459.387 27870.332 28544.516 28555.096 28051.234 27312.805 26537.166 25886.678
2006 25860.871 25833.037 26074.098 26826.035 27558.676 28223.268 28371.227 28575.904 28241.066 27478.484 26541.066 26071.355
2007 25910.711 25933.393 26352.613 26616.000 27523.807 28066.768 28395.773 28352.064 27911.398 27373.031 26430.000 26052.969
2008 25583.322 25759.518 26899.420 27212.633 27374.709 28107.535 28639.096 28555.516 27974.533 27396.807 26520.400 25944.613
2009 26053.902 25705.037 26313.742 26814.133 27630.516 28012.398 28285.969 28506.645 28052.133 27265.902 26540.799 26161.291
2010 25816.420 25862.215 26067.227 26631.035 27655.324 28053.332 28655.129 28558.969 27955.266 27403.162 26644.432 25967.484
2011 25645.646 26081.963 25967.064 26841.332 27175.391 27856.299 28503.062 28519.453 27886.332 27346.389 26697.266 25978.902
2012 25868.193 25550.551 26045.389 26889.467 27779.902 27850.299 28623.742 28537.580 28254.199 27363.062 26694.232 25999.322
2013 25813.355 25808.537 25931.420 26709.100 27726.031 28028.668 28489.387 28492.256 28044.635 27524.227 26660.268 26196.838
2014 25645.484 26176.535 26188.193 26726.965 27714.902 28239.199 28501.967 28608.676 28006.668 27348.338 26743.215 25842.266
2015 26124.316 26391.480 26585.477 27006.424 27271.395 27934.992 28273.234 28454.428 28199.250 27207.395 26895.383 26118.660
2016 25700.773 25744.689 26515.531 26775.564 27603.660 28039.176 28662.871 28588.469 28024.250 26933.732 26414.301 26044.961
2017 25999.645 25983.287 26398.557 26703.008 27511.938 27762.990 28563.285 28559.500 27961.582 27258.547 26262.133 25933.137
2018 25829.928 25763.562 26383.967 26797.076 27519.711 28016.750 28686.523 28314.090 27961.676 27427.266 26759.484 26041.307
2019 25750.703 25669.520 26137.082 26839.100 27608.410 27911.318 28429.332 28328.404 27956.199 27574.734 26480.617 26070.363
2020 26046.371 26020.363 26452.984 26848.232 27315.691 28098.090 28439.879 28351.457 28281.691 27449.438 26577.850 25724.123
2021 25698.879 25885.230 26600.023 27135.307 27468.057 27988.191 28780.621 28609.840 28072.980 27420.031 26814.773 25955.170
2022 25984.643 25874.082 26393.805 26880.717 27512.750 27922.018 28541.232 28286.902 28155.934 27423.518 26671.141 25916.371
2023 25587.775 25840.490 26727.420 26975.266 27608.670 27974.059 28580.451 28678.959 28165.852 27437.871 26542.775 26087.709
2024 26125.791 26059.000 26269.258 27304.117 27604.783 28057.475 28581.992 28718.445 28069.334 27595.402 26830.740 25861.355
2025 26318.275 25866.875 26290.508 27126.883 27592.887 28207.066 28703.840 28514.910 28120.492 27193.688 26627.424 25955.039
