1951 2025
1951 -999.000 -999.000 -999.000 -999.000 -999.000 25.764 38.087 39.498 32.259 -999.000 -999.000 -999.000
1952 -999.000 -999.000 -999.000 -999.000 17.500 30.358 38.734 37.701 31.750 30.358 -999.000 -999.000
1953 -999.000 -999.000 -999.000 -999.000 16.341 32.733 40.326 38.829 33.926 -999.000 -999.000 -999.000
1954 -999.000 -999.000 -999.000 -999.000 -999.000 26.847 40.530 37.675 34.658 -999.000 -999.000 -999.000
1955 -999.000 -999.000 -999.000 -999.000 20.295 24.954 38.288 38.354 33.994 -999.000 -999.000 -999.000
1956 -999.000 -999.000 -999.000 -999.000 -999.000 28.387 37.338 36.686 33.062 -999.000 -999.000 -999.000
1957 -999.000 -999.000 -999.000 -999.000 17.595 25.071 36.894 38.691 31.806 -999.000 -999.000 -999.000
1958 -999.000 15.508 -999.000 19.368 -999.000 29.550 37.521 38.382 33.010 -999.000 24.759 -999.000
1959 -999.000 23.764 21.387 -999.000 -999.000 25.667 38.540 36.399 32.011 28.222 -999.000 -999.000
1960 -999.000 -999.000 -999.000 -999.000 -999.000 30.764 38.825 38.510 35.105 -999.000 -999.000 -999.000
1961 -999.000 -999.000 -999.000 -999.000 23.221 30.748 37.626 38.330 35.025 -999.000 -999.000 -999.000
1962 -999.000 -999.000 -999.000 -999.000 21.879 28.899 35.916 37.972 32.679 22.829 -999.000 -999.000
1963 -999.000 -999.000 -999.000 -999.000 23.783 25.283 35.373 38.909 34.179 -999.000 -999.000 -999.000
1964 19.880 -999.000 20.822 20.655 19.545 28.078 36.737 35.230 32.748 -999.000 -999.000 -999.000
1965 -999.000 -999.000 -999.000 -999.000 -999.000 28.945 36.941 35.456 33.683 -999.000 -999.000 -999.000
1966 -999.000 -999.000 -999.000 -999.000 -999.000 26.502 35.164 36.708 29.105 -999.000 -999.000 -999.000
1967 -999.000 -999.000 -999.000 -999.000 21.986 24.328 38.060 38.127 24.737 -999.000 -999.000 -999.000
1968 -999.000 -999.000 -999.000 -999.000 -999.000 26.777 38.006 37.169 30.017 -999.000 -999.000 -999.000
1969 -999.000 -999.000 17.902 15.174 18.106 25.096 38.939 37.196 30.761 -999.000 -999.000 -999.000
1970 -999.000 -999.000 -999.000 21.349 17.397 27.909 36.744 37.973 33.899 -999.000 -999.000 -999.000
1971 -999.000 -999.000 -999.000 -999.000 -999.000 23.859 35.410 36.812 -999.000 -999.000 -999.000 -999.000
1972 -999.000 -999.000 -999.000 -999.000 -999.000 21.235 36.027 36.649 29.595 26.988 22.236 -999.000
1973 20.612 16.001 18.750 18.352 20.951 24.539 37.724 38.367 32.377 -999.000 -999.000 -999.000
1974 -999.000 -999.000 -999.000 -999.000 -999.000 25.174 35.884 35.010 33.694 -999.000 -999.000 -999.000
1975 -999.000 -999.000 -999.000 23.293 -999.000 24.023 36.478 35.824 34.981 29.433 -999.000 -999.000
1976 -999.000 -999.000 -999.000 -999.000 -999.000 29.586 35.014 35.910 25.800 -999.000 23.137 -999.000
1977 -999.000 21.763 22.303 -999.000 15.728 29.016 39.698 39.711 30.310 26.256 -999.000 20.994
1978 -999.000 16.656 15.277 -999.000 18.273 29.786 36.682 37.138 30.262 -999.000 22.724 -999.000
1979 -999.000 -999.000 -999.000 -999.000 14.895 28.958 38.149 38.231 31.395 29.403 -999.000 -999.000
1980 -999.000 -999.000 19.461 -999.000 19.527 34.162 40.201 37.091 35.484 25.420 24.703 -999.000
1981 -999.000 -999.000 16.749 23.082 17.926 28.873 39.842 35.979 31.381 27.244 -999.000 -999.000
1982 -999.000 -999.000 -999.000 22.177 21.010 30.415 37.964 40.382 32.495 25.631 -999.000 -999.000
1983 -999.000 -999.000 14.804 14.331 19.227 25.060 39.262 40.566 33.097 23.706 13.480 21.257
1984 -999.000 -999.000 -999.000 18.225 -999.000 24.764 37.358 36.236 22.526 25.290 -999.000 -999.000
1985 -999.000 -999.000 -999.000 -999.000 21.799 27.833 38.660 38.011 29.383 27.500 -999.000 24.327
1986 -999.000 -999.000 -999.000 -999.000 19.306 29.421 39.507 36.485 30.573 24.984 27.077 21.466
1987 -999.000 -999.000 -999.000 14.032 15.160 31.038 36.788 36.367 31.434 29.820 -999.000 21.896
1988 23.304 -999.000 17.987 16.738 19.203 26.556 40.396 39.600 32.184 21.746 -999.000 -999.000
1989 -999.000 -999.000 -999.000 -999.000 22.574 28.304 38.733 37.213 32.338 22.550 20.603 22.481
1990 -999.000 22.155 -999.000 -999.000 20.249 33.846 38.587 38.017 33.234 20.028 22.901 24.668
1991 24.615 -999.000 20.077 19.013 18.926 31.906 38.703 39.347 34.947 -999.000 -999.000 -999.000
1992 -999.000 -999.000 18.050 -999.000 16.385 26.472 37.622 38.631 33.297 -999.000 -999.000 23.235
1993 -999.000 -999.000 -999.000 -999.000 16.311 30.258 37.396 37.754 34.023 28.436 26.962 -999.000
1994 -999.000 -999.000 -999.000 -999.000 20.624 31.665 39.132 39.306 30.613 -999.000 25.078 -999.000
1995 -999.000 15.552 -999.000 -999.000 20.762 26.880 37.350 38.225 32.489 28.792 -999.000 -999.000
1996 -999.000 -999.000 -999.000 -999.000 19.160 29.981 39.772 38.354 27.771 22.612 -999.000 -999.000
1997 -999.000 -999.000 20.534 -999.000 22.376 26.548 38.544 38.477 30.858 20.507 23.494 22.653
1998 -999.000 15.108 12.569 17.618 22.106 32.306 41.118 40.990 33.615 25.252 22.594 -999.000
1999 -999.000 -999.000 -999.000 21.970 20.306 29.026 39.474 38.738 31.649 32.037 -999.000 -999.000
2000 -999.000 -999.000 -999.000 -999.000 15.609 33.630 36.597 39.072 31.936 31.062 20.978 22.920
2001 -999.000 -999.000 -999.000 22.138 21.025 30.018 40.327 40.349 29.650 26.400 -999.000 -999.000
2002 23.598 18.504 19.400 23.078 20.907 32.148 41.159 39.865 30.039 27.169 24.848 22.404
2003 19.271 23.046 20.337 18.039 21.759 30.481 40.207 39.740 32.378 -999.000 23.209 -999.000
2004 -999.000 20.910 17.841 15.595 17.852 31.959 37.749 37.237 32.898 25.139 22.474 -999.000
2005 -999.000 18.290 19.473 17.243 19.592 28.718 39.586 40.131 36.938 27.762 -999.000 -999.000
2006 -999.000 19.440 -999.000 23.196 19.506 31.519 41.106 39.053 32.928 25.413 -999.000 23.885
2007 23.092 21.216 -999.000 16.963 19.890 29.436 39.386 40.465 33.516 29.448 20.663 22.292
2008 -999.000 -999.000 -999.000 20.328 18.643 31.129 38.875 36.925 31.624 28.361 -999.000 22.292
2009 26.277 -999.000 -999.000 16.370 18.681 28.098 37.135 39.691 32.137 25.310 -999.000 22.023
2010 19.602 15.489 18.978 16.879 24.139 36.209 41.129 38.879 34.718 23.834 -999.000 -999.000
2011 -999.000 -999.000 -999.000 21.847 19.185 30.952 41.068 38.223 32.314 25.802 -999.000 -999.000
2012 -999.000 -999.000 -999.000 -999.000 20.367 30.201 40.899 37.941 31.284 22.262 19.278 -999.000
2013 24.877 -999.000 12.917 17.028 19.138 35.306 39.234 40.225 31.628 27.196 -999.000 24.813
2014 26.152 -999.000 17.467 17.644 18.752 29.959 38.941 37.515 34.362 25.533 25.817 -999.000
2015 19.387 -999.000 22.767 18.188 22.852 33.544 38.048 39.154 33.212 27.069 25.078 22.598
2016 18.734 16.441 18.070 18.404 25.313 35.085 40.071 40.354 37.404 24.549 20.100 25.158
2017 19.160 -999.000 12.130 12.911 22.243 32.827 41.323 39.164 34.729 25.967 26.202 22.674
2018 -999.000 26.188 20.516 17.864 20.642 32.769 42.435 41.240 33.055 22.522 21.746 23.256
2019 20.155 21.775 16.455 17.081 18.140 30.524 39.671 39.443 37.152 27.146 23.465 20.022
2020 18.885 18.903 17.612 20.753 22.249 31.025 40.497 38.965 36.003 25.341 20.963 14.494
2021 20.361 -999.000 22.427 17.234 22.624 34.597 40.676 40.325 34.772 22.759 20.138 22.911
2022 -999.000 -999.000 18.721 16.841 20.507 29.016 41.299 40.991 33.867 26.102 23.242 -999.000
2023 -999.000 24.657 20.186 18.189 21.156 28.105 39.521 39.659 34.413 27.884 23.625 17.399
2024 20.832 18.302 19.171 21.925 24.263 34.669 41.037 41.105 33.237 29.908 21.727 20.010
2025 23.564 22.903 17.417 16.220 23.361 35.426 41.374 39.829 35.894 25.879 21.044 20.358
