1951 2025
1951 2528.829 2478.023 2744.278 2761.471 3171.642 3315.501 3403.698 3466.896 3372.757 3231.472 2957.985 2781.095
1952 2658.363 2635.896 2735.913 3106.194 3177.581 3347.324 3457.208 3431.157 3387.210 3180.872 2874.562 2723.783
1953 2528.969 2786.879 2844.639 2953.440 3198.230 3331.301 3444.258 3474.757 3389.546 3116.078 2911.152 2801.309
1954 2436.362 2665.923 2804.144 3006.701 3117.054 3255.609 3321.693 3359.456 3344.181 3057.803 2796.349 2448.782
1955 2490.022 2457.321 2776.690 2829.129 3061.514 3245.176 3321.793 3443.791 3372.081 3137.641 2886.375 2643.214
1956 2371.594 2546.961 2760.854 3016.705 3161.075 3267.459 3434.346 3370.373 3327.911 3159.967 2901.388 2603.145
1957 2477.796 2387.353 2746.380 2881.102 3034.609 3200.732 3333.464 3387.317 3276.704 3075.670 2890.908 2700.481
1958 2618.872 2527.936 2818.450 3063.223 3043.903 3227.662 3359.898 3308.595 3338.993 3149.270 2969.348 2791.694
1959 2561.128 2466.112 2781.616 3011.103 3057.536 3223.151 3334.635 3344.045 3285.037 3163.190 2843.622 2737.852
1960 2550.834 2757.281 2700.605 2844.930 3041.656 3176.077 3278.271 3310.730 3214.175 3068.094 2808.252 2721.700
1961 2577.677 2357.652 2619.174 2862.361 3033.180 3207.357 3284.127 3277.338 3210.761 3051.792 2767.202 2489.392
1962 2437.348 2568.372 2657.894 2890.893 2974.901 3137.715 3254.574 3295.671 3212.902 3034.293 2756.555 2631.994
1963 2547.833 2630.493 2703.086 2863.772 3036.901 3211.682 3275.733 3317.897 3266.783 3100.728 2822.632 2670.446
1964 2349.402 2498.252 2794.261 2952.822 3033.677 3175.935 3288.298 3332.816 3263.632 3160.700 2881.540 2689.871
1965 2657.538 2493.290 2707.777 2964.667 3158.935 3244.384 3357.938 3361.760 3307.295 3190.509 2938.437 2664.379
1966 2648.366 2697.117 2756.029 2958.137 3171.690 3333.818 3346.273 3395.301 3305.300 3097.754 2854.730 2630.469
1967 2502.201 2519.842 2645.792 2903.801 3107.315 3270.142 3381.912 3404.065 3327.178 3072.606 2685.386 2626.607
1968 2389.040 2353.070 2698.002 3004.150 3098.497 3321.012 3393.506 3377.695 3351.249 3067.812 2890.523 2594.803
1969 2346.922 2446.461 2875.290 3009.729 3212.168 3271.564 3393.897 3444.832 3316.139 3147.100 2894.085 2717.539
1970 2471.634 2507.358 2592.936 3039.836 3200.657 3314.044 3344.090 3481.686 3310.756 3164.697 2851.491 2637.593
1971 2438.658 2434.942 2830.793 3006.829 3121.369 3259.362 3378.618 3390.782 3257.786 3133.272 2932.295 2719.082
1972 2546.239 2289.775 2796.107 2906.588 3160.738 3283.567 3284.085 3441.402 3299.113 3067.967 2884.852 2649.566
1973 2490.336 2596.246 2781.764 3026.475 3179.255 3271.944 3412.766 3453.517 3390.780 3148.240 2939.856 2670.908
1974 2366.502 2399.527 2709.637 3001.698 3157.843 3224.939 3325.049 3329.433 3258.312 3119.654 2833.160 2474.013
1975 2458.319 2466.773 2695.652 2904.285 3076.014 3239.230 3357.723 3465.607 3342.803 3130.256 2792.690 2608.622
1976 2561.234 2498.721 2606.800 2923.546 3130.531 3232.929 3374.450 3430.566 3372.534 3153.922 2912.507 2620.718
1977 2439.206 2603.424 2942.022 2970.126 3129.274 3326.967 3412.891 3485.403 3461.740 3266.539 3011.767 2691.910
1978 2458.813 2558.803 2649.384 3076.948 3258.953 3378.501 3472.160 3490.411 3381.888 3240.064 2868.056 2893.793
1979 2623.488 2575.783 2625.759 3107.013 3190.081 3420.063 3449.118 3487.948 3360.438 3275.688 2983.647 2749.452
1980 2481.157 2521.369 2709.854 3070.113 3273.842 3398.107 3482.929 3482.308 3421.825 3201.815 3041.872 2794.415
1981 2575.799 2597.231 2808.739 3052.086 3282.670 3345.225 3468.980 3442.447 3407.980 3118.221 2860.903 2740.933
1982 2683.018 2465.609 2703.920 2996.740 3255.795 3334.500 3429.768 3473.446 3369.456 3251.589 2899.865 2683.756
1983 2572.891 2475.553 2655.942 2881.590 3233.543 3325.029 3429.073 3538.255 3427.186 3216.330 3044.640 2699.284
1984 2406.133 2458.770 2809.296 2999.548 3228.580 3347.171 3402.597 3507.340 3318.197 3193.522 2940.237 2537.780
1985 2533.723 2451.534 2763.229 3021.255 3199.812 3284.999 3461.328 3503.333 3382.941 3202.075 2872.901 2761.049
1986 2611.644 2571.963 2685.380 2964.782 3198.223 3297.323 3513.091 3501.284 3419.652 3191.482 2927.233 2741.124
1987 2727.137 2739.756 2770.148 3027.173 3221.920 3344.662 3442.799 3507.021 3462.883 3185.448 3019.264 2953.716
1988 2636.273 2610.865 2637.444 3104.328 3209.395 3384.996 3498.622 3457.825 3416.423 3180.340 3083.323 2865.800
1989 2465.163 2438.350 2723.674 2864.817 3229.137 3333.920 3471.260 3469.785 3402.239 3251.840 2921.563 2794.389
1990 2665.037 2546.264 2756.492 2902.929 3288.688 3387.237 3434.639 3552.612 3452.291 3195.360 3058.476 2799.462
1991 2525.604 2613.986 2802.394 2966.403 3199.371 3380.006 3454.067 3496.623 3428.939 3155.787 2933.846 2745.507
1992 2677.646 2439.847 2672.471 3043.116 3151.216 3322.051 3431.920 3516.387 3386.855 3177.201 3048.123 2784.587
1993 2500.635 2734.188 2707.272 3047.522 3193.308 3360.074 3420.416 3457.626 3435.073 3204.644 2992.770 2851.982
1994 2593.448 2461.767 2796.751 2956.029 3271.735 3344.493 3481.468 3545.819 3406.708 3165.848 3083.787 2734.915
1995 2518.261 2547.135 2742.003 2917.730 3248.873 3356.839 3421.018 3486.856 3428.050 3219.294 2988.474 2727.953
1996 2460.641 2618.701 2725.503 2974.831 3169.365 3365.077 3435.439 3537.971 3410.304 3181.224 2885.966 2792.473
1997 2564.305 2424.301 2797.754 3055.489 3193.421 3326.530 3486.012 3533.622 3447.954 3225.779 2888.973 2703.806
1998 2521.932 2656.587 2701.135 3135.687 3299.914 3403.575 3468.922 3528.945 3531.282 3280.549 3090.221 2906.701
1999 2614.781 2858.114 2679.719 3064.757 3208.921 3348.848 3437.376 3492.691 3458.569 3226.294 2975.394 2834.393
2000 2548.831 2402.406 2678.709 2984.896 3311.348 3340.912 3472.430 3459.287 3373.366 3205.086 2893.044 2785.039
2001 2520.197 2599.867 2790.722 3006.009 3232.688 3351.023 3494.152 3516.267 3409.319 3248.937 3045.285 2780.916
2002 2622.402 2734.020 2837.930 3018.027 3181.426 3376.142 3451.383 3549.555 3416.822 3205.148 2994.095 2713.826
2003 2715.772 2602.847 2745.760 3036.885 3111.070 3311.163 3444.130 3508.725 3441.113 3255.600 2940.948 2773.224
2004 2547.475 2665.146 2925.647 3092.154 3192.983 3340.665 3423.246 3470.646 3451.990 3215.490 2978.570 2797.901
2005 2521.300 2528.245 2879.579 3049.560 3123.880 3334.040 3480.798 3448.939 3508.147 3257.226 2901.913 2760.882
2006 2639.520 2832.373 2809.462 3007.817 3301.158 3369.638 3518.589 3562.811 3463.828 3325.323 2946.235 2805.963
2007 2671.898 2631.168 2784.284 3173.397 3318.095 3374.527 3429.247 3524.483 3408.633 3207.749 3055.655 2701.508
2008 2437.138 2510.306 2858.427 3017.558 3250.757 3405.509 3464.747 3473.251 3412.744 3278.013 3035.853 2850.807
2009 2739.035 2651.541 2825.771 3062.901 3214.252 3331.511 3438.554 3529.344 3472.452 3215.666 2946.631 2703.560
2010 2747.799 2605.248 2925.076 3091.341 3191.590 3350.766 3538.905 3601.043 3442.994 3236.469 3028.500 2680.562
2011 2430.357 2616.825 2783.233 3079.161 3272.059 3351.678 3460.474 3532.287 3405.889 3230.955 3023.479 2717.679
2012 2374.336 2458.541 2709.662 2983.886 3206.614 3283.514 3446.957 3556.868 3458.413 3191.378 2862.185 2679.427
2013 2586.349 2706.873 2984.311 3034.272 3226.806 3403.074 3463.636 3559.736 3445.851 3317.819 2968.004 2705.882
2014 2690.958 2505.133 2832.989 3037.903 3204.388 3367.950 3525.158 3507.472 3437.249 3283.101 2934.971 2787.255
2015 2697.054 2716.230 2897.310 3075.951 3259.156 3353.734 3551.562 3542.883 3438.722 3341.850 3048.691 2747.689
2016 2605.107 2784.782 2947.144 3066.165 3257.906 3485.250 3520.820 3597.815 3475.237 3232.469 3050.587 2966.484
2017 2655.166 2796.563 2742.360 3077.287 3321.388 3386.592 3564.030 3537.033 3470.286 3292.551 2993.068 2908.175
2018 2577.326 2675.504 2948.991 3134.649 3247.754 3393.885 3489.158 3556.213 3488.659 3193.180 2967.642 2725.499
2019 2635.105 2594.471 2793.505 3170.437 3221.136 3364.929 3482.638 3586.158 3530.211 3292.385 3047.194 2756.039
2020 2565.372 2782.760 2828.863 3093.968 3238.596 3340.040 3467.661 3510.108 3440.580 3254.816 3021.198 2696.178
2021 2658.834 2809.137 2885.213 3029.429 3213.945 3377.981 3531.525 3503.307 3516.453 3277.259 2942.079 2807.767
2022 2557.885 2471.473 3001.327 3160.849 3255.866 3377.618 3563.251 3596.950 3494.140 3314.356 3006.433 2772.776
2023 2685.385 2788.102 2938.852 3014.678 3179.232 3396.271 3557.306 3544.417 3483.253 3296.990 3137.546 2894.440
2024 2689.991 2608.360 2869.294 3045.998 3335.595 3401.668 3496.305 3618.352 3545.500 3293.446 3065.269 2723.762
2025 2732.328 2650.589 2830.772 3145.368 3299.411 3413.983 3542.399 3569.791 3482.604 3272.344 3019.135 2884.380
