1951 2025
1951 29.000 28.000 31.000 30.000 31.000 30.000 31.000 31.000 29.000 23.000 30.000 25.000
1952 30.000 23.000 29.000 29.000 31.000 30.000 31.000 31.000 30.000 31.000 30.000 28.000
1953 23.000 15.000 9.000 30.000 25.000 28.000 31.000 31.000 29.000 28.000 24.000 14.000
1954 18.000 19.000 24.000 27.000 29.000 30.000 31.000 31.000 30.000 29.000 28.000 31.000
1955 28.000 28.000 21.000 24.000 31.000 30.000 27.000 29.000 30.000 31.000 17.000 28.000
1956 23.000 9.000 19.000 29.000 29.000 30.000 31.000 31.000 26.000 29.000 17.000 20.000
1957 21.000 28.000 27.000 21.000 29.000 30.000 31.000 31.000 30.000 31.000 10.000 27.000
1958 26.000 27.000 28.000 28.000 31.000 30.000 31.000 31.000 20.000 24.000 16.000 26.000
1959 24.000 4.000 20.000 30.000 25.000 30.000 31.000 31.000 24.000 17.000 30.000 31.000
1960 23.000 22.000 17.000 30.000 31.000 30.000 31.000 31.000 30.000 31.000 30.000 31.000
1961 19.000 17.000 17.000 30.000 31.000 30.000 31.000 31.000 30.000 31.000 23.000 21.000
1962 23.000 16.000 31.000 22.000 31.000 30.000 31.000 31.000 30.000 23.000 27.000 22.000
1963 14.000 21.000 18.000 24.000 31.000 25.000 31.000 31.000 30.000 29.000 29.000 14.000
1964 5.000 22.000 13.000 30.000 31.000 30.000 31.000 31.000 30.000 23.000 20.000 26.000
1965 25.000 7.000 23.000 27.000 31.000 30.000 31.000 31.000 30.000 16.000 23.000 31.000
1966 22.000 28.000 27.000 30.000 31.000 27.000 31.000 31.000 29.000 30.000 29.000 31.000
1967 24.000 17.000 30.000 24.000 31.000 28.000 31.000 31.000 30.000 31.000 24.000 26.000
1968 23.000 24.000 21.000 30.000 31.000 29.000 31.000 29.000 30.000 31.000 18.000 19.000
1969 28.000 28.000 21.000 24.000 31.000 30.000 31.000 31.000 30.000 25.000 30.000 31.000
1970 20.000 27.000 31.000 30.000 31.000 28.000 31.000 31.000 30.000 27.000 29.000 15.000
1971 26.000 15.000 25.000 28.000 31.000 28.000 31.000 31.000 30.000 24.000 30.000 18.000
1972 17.000 20.000 21.000 24.000 31.000 30.000 31.000 31.000 28.000 27.000 27.000 23.000
1973 16.000 26.000 17.000 30.000 31.000 30.000 31.000 31.000 28.000 24.000 29.000 29.000
1974 29.000 24.000 17.000 12.000 29.000 30.000 31.000 31.000 30.000 31.000 29.000 28.000
1975 29.000 8.000 25.000 27.000 27.000 30.000 31.000 31.000 30.000 23.000 23.000 24.000
1976 24.000 14.000 23.000 27.000 31.000 30.000 31.000 28.000 29.000 29.000 25.000 25.000
1977 28.000 28.000 30.000 30.000 29.000 30.000 31.000 31.000 24.000 28.000 27.000 22.000
1978 26.000 28.000 25.000 25.000 27.000 28.000 31.000 31.000 30.000 24.000 25.000 29.000
1979 24.000 19.000 31.000 27.000 31.000 28.000 31.000 31.000 30.000 31.000 30.000 29.000
1980 22.000 14.000 27.000 23.000 29.000 30.000 31.000 31.000 30.000 30.000 22.000 30.000
1981 23.000 27.000 31.000 14.000 31.000 30.000 31.000 31.000 30.000 31.000 26.000 29.000
1982 19.000 19.000 21.000 27.000 31.000 30.000 31.000 31.000 30.000 31.000 30.000 23.000
1983 26.000 11.000 26.000 30.000 31.000 30.000 31.000 28.000 30.000 31.000 21.000 26.000
1984 31.000 21.000 24.000 23.000 31.000 30.000 31.000 31.000 30.000 31.000 30.000 21.000
1985 20.000 14.000 26.000 30.000 29.000 30.000 31.000 31.000 30.000 15.000 23.000 29.000
1986 29.000 14.000 27.000 30.000 31.000 27.000 31.000 31.000 28.000 27.000 30.000 28.000
1987 6.000 25.000 22.000 25.000 26.000 30.000 31.000 31.000 30.000 31.000 22.000 21.000
1988 29.000 25.000 30.000 30.000 31.000 28.000 31.000 31.000 30.000 31.000 24.000 17.000
1989 16.000 23.000 29.000 29.000 29.000 30.000 31.000 31.000 27.000 28.000 17.000 17.000
1990 25.000 28.000 28.000 29.000 22.000 30.000 31.000 31.000 30.000 28.000 17.000 23.000
1991 14.000 16.000 27.000 26.000 27.000 30.000 28.000 31.000 26.000 27.000 30.000 8.000
1992 9.000 17.000 28.000 29.000 19.000 28.000 31.000 31.000 30.000 23.000 29.000 21.000
1993 24.000 8.000 18.000 29.000 27.000 30.000 31.000 30.000 29.000 22.000 21.000 31.000
1994 29.000 19.000 30.000 30.000 31.000 30.000 31.000 31.000 30.000 31.000 23.000 25.000
1995 29.000 27.000 28.000 30.000 31.000 25.000 31.000 31.000 30.000 30.000 21.000 17.000
1996 20.000 22.000 17.000 30.000 31.000 30.000 31.000 31.000 26.000 31.000 30.000 20.000
1997 8.000 25.000 24.000 20.000 29.000 29.000 31.000 31.000 24.000 26.000 29.000 21.000
1998 22.000 19.000 23.000 30.000 30.000 30.000 31.000 31.000 30.000 28.000 29.000 29.000
1999 28.000 25.000 31.000 25.000 31.000 30.000 31.000 31.000 30.000 24.000 20.000 30.000
2000 18.000 26.000 22.000 27.000 20.000 30.000 31.000 31.000 28.000 31.000 30.000 31.000
2001 18.000 19.000 31.000 30.000 27.000 30.000 31.000 31.000 30.000 31.000 22.000 18.000
2002 18.000 24.000 27.000 27.000 29.000 30.000 31.000 31.000 24.000 25.000 28.000 16.000
2003 25.000 11.000 17.000 20.000 31.000 30.000 31.000 31.000 30.000 30.000 26.000 25.000
2004 28.000 17.000 24.000 29.000 31.000 30.000 31.000 31.000 28.000 31.000 26.000 29.000
2005 23.000 16.000 11.000 30.000 31.000 30.000 31.000 31.000 30.000 30.000 26.000 17.000
2006 14.000 11.000 27.000 29.000 31.000 30.000 31.000 31.000 30.000 31.000 30.000 19.000
2007 24.000 21.000 26.000 19.000 29.000 28.000 31.000 31.000 30.000 29.000 23.000 18.000
2008 25.000 17.000 31.000 30.000 28.000 30.000 31.000 31.000 29.000 31.000 28.000 21.000
2009 23.000 21.000 26.000 23.000 31.000 30.000 31.000 31.000 27.000 25.000 30.000 24.000
2010 21.000 28.000 27.000 25.000 28.000 30.000 31.000 31.000 30.000 26.000 30.000 26.000
2011 19.000 20.000 21.000 24.000 31.000 30.000 31.000 31.000 30.000 31.000 18.000 31.000
2012 22.000 12.000 10.000 30.000 28.000 30.000 31.000 31.000 30.000 31.000 30.000 31.000
2013 21.000 17.000 29.000 30.000 31.000 30.000 31.000 31.000 30.000 29.000 23.000 24.000
2014 31.000 28.000 21.000 30.000 31.000 30.000 31.000 31.000 27.000 31.000 22.000 27.000
2015 26.000 19.000 22.000 20.000 31.000 30.000 31.000 31.000 30.000 22.000 29.000 28.000
2016 29.000 29.000 20.000 30.000 30.000 28.000 31.000 31.000 30.000 24.000 23.000 10.000
2017 16.000 14.000 25.000 30.000 28.000 30.000 31.000 31.000 30.000 31.000 30.000 27.000
2018 28.000 17.000 30.000 27.000 24.000 27.000 31.000 31.000 30.000 30.000 21.000 20.000
2019 20.000 19.000 27.000 21.000 31.000 30.000 31.000 31.000 30.000 31.000 30.000 25.000
2020 22.000 25.000 28.000 22.000 31.000 30.000 31.000 31.000 27.000 31.000 27.000 31.000
2021 30.000 25.000 15.000 27.000 31.000 30.000 31.000 31.000 30.000 31.000 27.000 24.000
2022 12.000 28.000 12.000 26.000 31.000 30.000 31.000 31.000 30.000 31.000 30.000 31.000
2023 25.000 8.000 27.000 24.000 30.000 30.000 31.000 31.000 30.000 31.000 26.000 31.000
2024 22.000 27.000 31.000 30.000 31.000 30.000 31.000 31.000 30.000 31.000 17.000 25.000
2025 20.000 18.000 29.000 21.000 25.000 30.000 31.000 31.000 30.000 27.000 30.000 19.000
