1951 2025
1951 13.665 14.493 14.430 15.234 14.200 17.132 25.438 32.264 24.869 18.019 16.167 13.828
1952 14.187 15.404 14.684 14.342 15.163 20.792 33.166 29.139 27.254 22.911 15.696 14.230
1953 14.033 13.815 13.622 14.841 13.779 20.374 28.206 35.285 24.954 21.062 18.550 13.544
1954 14.412 13.261 14.539 14.587 19.894 18.215 22.538 30.079 26.868 19.879 17.318 16.164
1955 14.018 14.753 14.474 15.523 18.176 20.485 18.939 38.792 27.500 21.351 16.939 15.218
1956 -999.000 13.733 14.316 16.161 19.625 22.717 27.165 26.986 -999.000 20.847 16.881 16.420
1957 13.248 11.949 12.661 14.921 13.602 11.328 25.303 26.385 23.924 18.755 14.081 14.414
1958 12.543 10.861 14.567 15.867 16.205 16.690 23.741 24.083 25.213 20.399 14.610 12.762
1959 12.319 12.168 13.786 15.025 14.618 16.820 24.331 30.014 20.048 17.625 18.176 16.467
1960 14.356 12.210 13.110 15.984 16.855 22.546 19.981 -999.000 25.268 20.835 17.921 14.467
1961 13.659 13.829 13.467 13.987 17.521 23.901 30.362 31.336 28.123 21.863 16.683 15.197
1962 12.975 14.329 14.352 14.275 16.788 19.557 27.328 26.066 25.276 18.227 17.743 15.232
1963 -999.000 11.699 13.225 14.919 14.720 -999.000 27.378 24.177 26.222 18.163 15.750 12.348
1964 12.825 13.972 12.985 14.751 19.012 18.077 27.478 28.717 26.777 22.892 -999.000 -999.000
1965 -999.000 14.567 13.602 13.462 13.644 19.457 26.176 23.206 23.120 18.423 17.234 17.036
1966 14.809 13.336 13.009 13.867 17.957 14.504 26.044 27.122 21.910 19.947 19.585 17.065
1967 16.575 13.082 13.700 14.349 14.849 13.930 24.815 32.638 22.123 20.473 18.063 12.801
1968 13.274 10.375 12.863 12.266 13.213 15.637 19.529 26.649 25.247 18.002 16.962 15.640
1969 13.209 13.995 12.902 14.661 -999.000 17.073 25.269 19.512 25.522 18.262 16.381 15.504
1970 11.833 12.441 14.168 14.383 15.487 20.782 21.995 29.909 26.223 21.288 18.733 16.448
1971 13.117 -999.000 15.183 15.051 15.681 22.509 28.179 26.000 24.339 21.388 18.377 14.579
1972 13.433 12.593 12.973 12.963 13.775 20.670 -999.000 30.711 22.366 20.097 17.474 14.568
1973 13.001 13.942 15.526 14.665 18.470 15.834 21.199 -999.000 23.630 21.389 17.943 16.176
1974 -999.000 15.046 14.177 13.569 19.094 14.818 19.100 -999.000 22.039 23.783 19.520 17.688
1975 15.263 14.028 14.368 15.622 17.252 20.722 24.044 33.096 26.846 21.572 17.827 16.126
1976 14.197 12.306 13.906 14.839 17.516 19.228 23.507 -999.000 22.600 17.945 16.672 16.570
1977 13.000 14.997 16.075 14.233 16.935 18.622 26.017 23.319 25.677 18.749 14.311 13.639
1978 13.494 12.799 12.813 14.146 14.574 21.168 27.641 30.886 24.930 21.453 17.009 15.304
1979 12.512 12.872 13.713 14.718 11.974 19.203 25.742 30.141 -999.000 17.950 16.470 14.609
1980 12.340 12.220 14.250 15.371 14.240 22.691 25.963 23.834 24.438 20.536 16.693 14.844
1981 13.147 13.883 14.057 15.236 15.000 20.726 29.388 27.419 25.000 20.463 18.749 15.000
1982 11.824 12.533 14.909 12.242 15.380 19.005 23.965 27.085 24.121 20.449 14.998 13.676
1983 11.751 10.273 -999.000 14.022 13.651 20.323 23.569 23.243 24.230 23.569 16.508 15.583
1984 14.853 16.334 14.111 14.250 13.140 23.243 25.498 30.263 22.015 21.137 17.541 15.607
1985 13.092 12.735 13.904 13.040 17.376 21.297 24.005 30.386 25.901 22.500 15.873 14.706
1986 15.159 12.020 13.455 16.558 10.528 17.408 26.175 27.078 23.137 19.186 18.250 16.579
1987 14.690 13.530 13.567 14.498 16.255 19.159 -999.000 24.031 22.241 19.667 18.965 14.456
1988 14.862 14.194 14.978 15.401 17.617 21.300 27.972 18.317 22.535 -999.000 18.684 16.457
1989 15.292 14.407 14.331 14.959 16.920 21.948 25.082 26.015 25.645 22.719 16.493 11.611
1990 13.033 11.498 13.731 14.119 13.824 19.364 25.207 29.190 23.386 20.465 18.396 15.919
1991 13.157 13.954 15.629 17.334 17.839 21.995 25.458 28.494 23.582 20.188 16.654 14.048
1992 10.420 10.993 12.870 13.445 13.251 17.100 24.971 27.013 25.213 20.461 16.397 14.734
1993 12.464 12.154 13.802 15.000 15.797 18.053 22.502 -999.000 23.477 19.641 17.187 16.393
1994 15.268 13.994 13.577 16.403 17.849 20.261 30.152 31.713 23.246 18.769 19.066 17.610
1995 15.000 11.997 14.198 17.535 13.849 19.457 25.437 28.411 23.162 22.429 17.270 14.044
1996 14.201 12.860 13.444 14.120 14.846 21.248 23.795 26.824 24.859 -999.000 19.766 15.190
1997 12.239 14.351 12.851 13.601 13.877 14.471 19.734 30.750 20.186 19.165 16.297 14.569
1998 13.680 10.950 13.571 12.994 12.321 17.299 19.819 24.624 23.715 20.803 18.667 16.929
1999 15.443 16.080 14.961 15.529 14.827 22.335 20.341 22.238 26.394 -999.000 -999.000 15.030
2000 13.795 14.872 15.600 15.758 14.175 20.473 27.912 27.369 22.632 23.792 17.900 16.226
2001 15.148 15.704 14.933 15.712 15.005 18.890 29.658 25.067 26.681 21.302 15.951 16.262
2002 12.430 14.761 14.630 16.276 16.559 17.954 26.032 26.466 23.868 -999.000 17.388 13.745
2003 13.050 12.512 14.724 15.233 17.776 15.341 25.664 28.869 26.097 20.014 18.207 16.687
2004 11.614 13.301 15.144 13.687 14.512 21.807 21.817 27.745 23.842 19.814 18.030 13.394
2005 13.466 12.676 12.677 14.487 15.295 13.011 26.094 26.113 27.159 21.198 18.380 16.996
2006 15.458 13.293 14.059 15.956 18.103 19.127 28.112 31.148 24.013 21.078 17.211 15.699
2007 14.284 11.587 15.000 14.791 14.454 16.595 24.828 30.412 23.710 -999.000 18.301 15.979
2008 15.666 13.481 13.090 15.857 16.668 15.079 19.165 25.735 27.719 21.540 17.500 14.986
2009 13.486 -999.000 15.000 11.950 15.835 11.708 25.769 27.500 26.218 20.807 17.526 12.915
2010 14.520 11.296 14.381 13.999 13.415 16.016 23.377 27.905 25.877 21.025 16.871 15.612
2011 13.863 12.886 15.009 14.728 15.178 21.147 25.490 25.198 25.594 20.568 15.068 16.440
2012 13.754 14.626 15.074 14.860 17.468 18.382 26.811 30.546 22.364 -999.000 15.504 15.057
2013 15.000 16.778 13.123 13.375 15.403 21.510 -999.000 30.195 26.834 19.550 17.291 14.618
2014 14.375 13.234 13.776 15.501 15.627 20.309 24.701 24.878 24.977 20.988 16.943 16.260
2015 15.000 12.032 14.994 15.084 15.797 21.575 23.498 19.637 22.620 19.273 17.739 14.607
2016 11.630 14.053 12.019 12.557 14.882 20.019 25.640 31.107 22.841 23.926 18.290 16.716
2017 16.047 14.010 13.483 14.068 14.052 18.735 27.073 25.689 24.369 23.926 18.813 17.376
2018 15.321 13.835 12.614 14.381 18.712 12.447 29.878 33.531 25.939 18.582 16.668 16.957
2019 15.542 14.131 14.396 14.601 14.895 17.786 22.499 28.224 22.835 20.221 19.123 15.182
2020 13.028 13.436 13.554 13.482 16.061 20.325 23.331 29.269 22.414 23.167 20.017 17.682
2021 15.628 13.653 15.439 16.448 18.442 20.000 24.107 -999.000 24.601 21.638 17.378 15.734
2022 11.961 14.158 15.000 15.940 16.041 16.747 24.865 30.389 24.506 23.174 18.944 15.538
2023 17.400 15.826 13.519 15.749 16.289 20.560 25.204 10.000 26.037 20.209 17.885 15.654
2024 11.825 13.853 13.796 15.079 13.902 18.379 26.016 26.130 29.932 21.975 17.621 16.694
2025 15.000 14.846 14.502 15.277 16.952 22.736 33.680 30.536 27.082 22.868 19.130 15.077
