1951 2025
1951 0.000 0.000 0.000 0.000 9.049 39.811 131.310 135.548 113.998 103.136 70.955 15.333
1952 0.000 26.436 0.000 0.000 0.000 184.578 78.627 70.810 84.030 28.732 22.863 0.000
1953 0.000 37.332 0.000 10.017 7.229 151.116 39.338 78.091 72.910 44.019 75.028 5.005
1954 0.000 0.000 0.000 0.000 1.499 27.734 3.608 23.353 66.009 6.959 12.268 0.000
1955 0.000 0.000 0.000 0.000 4.585 26.196 10.721 0.000 69.619 13.703 0.000 0.000
1956 0.000 0.000 0.000 0.000 0.000 4.171 7.622 0.000 11.682 0.000 22.278 0.000
1957 0.000 0.000 0.000 0.000 0.000 127.126 15.470 47.017 105.844 34.136 46.137 12.870
1958 47.386 0.000 20.935 21.632 52.242 131.751 125.773 48.273 61.199 7.607 33.761 19.635
1959 0.000 0.000 6.019 0.000 0.000 76.156 4.772 2.335 15.666 114.268 36.746 12.034
1960 0.000 0.000 0.000 0.000 0.000 120.959 68.311 72.013 77.612 30.988 0.000 51.897
1961 0.000 0.000 0.000 0.000 6.637 0.000 9.533 61.988 48.950 0.000 0.000 0.000
1962 0.000 0.000 0.000 0.000 9.052 3.694 14.808 140.263 56.195 52.883 6.755 0.000
1963 0.000 0.000 0.000 0.000 0.000 16.652 5.285 0.000 119.230 10.176 0.000 27.122
1964 0.000 10.222 0.000 0.000 0.000 2.919 29.645 25.077 140.889 20.914 0.000 0.000
1965 0.000 0.000 0.000 0.000 16.190 92.869 32.971 3.985 62.049 18.009 63.160 7.891
1966 25.183 0.000 0.000 0.000 0.000 74.910 106.144 33.884 79.789 0.000 5.659 0.000
1967 0.000 0.000 0.000 0.000 0.000 3.916 0.000 10.934 28.166 58.787 2.967 0.000
1968 0.000 0.000 0.000 0.000 0.000 46.300 84.709 24.189 0.000 4.881 5.014 0.000
1969 0.000 0.000 32.835 11.622 22.014 143.837 111.012 54.654 49.193 20.832 51.585 32.989
1970 0.000 0.000 8.634 10.579 0.000 106.598 59.274 54.773 25.711 0.000 0.000 0.000
1971 0.000 0.000 0.000 0.000 0.000 16.460 9.708 2.886 2.175 51.345 3.193 0.000
1972 0.000 0.000 0.000 0.000 0.000 0.000 0.000 32.735 2.342 59.062 100.693 43.505
1973 0.000 121.589 91.431 27.877 4.659 75.845 40.534 171.100 210.128 2.214 19.564 14.506
1974 0.000 0.000 0.000 0.000 0.000 0.000 2.574 11.637 0.000 118.855 21.674 4.866
1975 0.000 0.000 0.000 0.000 0.000 39.470 47.350 23.669 20.976 7.633 0.000 0.000
1976 0.000 0.000 0.000 0.000 0.000 0.000 49.057 100.816 22.888 45.808 76.575 0.000
1977 0.000 30.977 43.308 0.000 0.000 81.459 8.852 38.220 49.953 89.307 43.027 14.097
1978 0.000 68.623 0.000 24.662 0.000 110.427 23.542 107.178 112.685 124.643 55.648 49.520
1979 0.000 0.000 0.000 8.427 60.961 163.450 317.955 62.211 174.199 160.202 79.011 0.000
1980 0.000 0.000 0.000 47.924 87.525 294.229 250.866 151.353 212.838 227.851 149.761 0.000
1981 8.060 0.000 26.976 68.909 11.751 154.375 125.668 0.000 148.882 79.987 124.172 27.858
1982 0.000 0.000 0.000 0.000 67.580 215.902 108.330 23.254 125.698 4.566 60.240 171.122
1983 215.718 191.736 229.182 100.037 121.746 242.399 270.314 147.361 148.026 280.371 124.624 30.596
1984 0.000 0.000 36.541 0.000 8.280 0.000 0.000 32.683 11.590 42.629 26.917 0.000
1985 0.000 0.000 0.000 0.000 0.000 86.658 21.929 93.123 172.391 44.825 3.095 33.470
1986 0.000 0.000 0.000 40.164 0.000 46.645 162.405 0.000 88.267 221.284 101.908 84.487
1987 72.756 17.890 47.090 89.513 50.756 142.014 264.134 204.478 58.160 193.292 212.723 169.771
1988 113.552 5.395 69.300 75.081 94.229 166.774 211.010 122.075 118.257 69.626 74.467 27.744
1989 0.000 0.000 0.000 0.000 52.653 84.392 111.920 41.212 115.258 33.099 3.983 7.761
1990 0.000 0.000 8.910 29.588 17.057 106.897 60.970 132.403 221.204 78.710 16.626 14.293
1991 1.503 0.000 24.269 13.227 119.040 152.290 216.967 39.878 272.012 42.102 77.014 40.106
1992 28.814 0.000 81.718 3.149 0.000 82.355 179.813 125.364 2.258 0.700 59.146 0.739
1993 0.000 0.000 11.648 57.448 52.368 121.489 136.282 107.883 110.157 119.308 81.370 61.844
1994 0.000 0.000 0.000 0.000 25.956 129.710 39.155 70.639 1.369 18.370 28.646 135.592
1995 21.199 0.000 0.000 59.705 14.017 208.028 139.763 177.590 276.808 109.133 37.604 56.941
1996 0.000 0.000 0.000 3.020 83.921 143.700 141.560 1.330 20.638 70.653 40.614 0.000
1997 0.000 0.000 0.000 10.188 9.167 75.535 57.230 99.391 93.034 224.352 146.361 162.213
1998 318.086 315.267 305.644 257.438 209.296 433.660 170.043 399.003 155.201 176.120 133.333 91.005
1999 0.000 23.645 0.000 21.465 18.319 120.247 50.629 113.483 178.945 144.319 7.032 42.655
2000 0.000 0.000 12.715 14.322 0.000 97.793 9.496 27.713 14.903 111.023 110.747 73.226
2001 27.721 0.000 2.333 93.795 66.330 101.099 86.231 70.329 100.916 131.989 59.859 71.491
2002 26.586 91.106 94.927 12.805 38.173 148.442 136.193 86.342 94.245 69.802 229.533 198.422
2003 117.887 6.692 19.715 28.328 0.000 97.092 212.866 344.911 236.462 149.063 105.146 105.337
2004 22.766 26.118 58.508 55.919 75.847 19.519 93.995 112.938 123.325 92.583 144.398 33.190
2005 13.158 119.042 172.417 150.644 55.295 157.508 153.984 142.139 295.242 154.320 117.920 86.743
2006 0.000 41.447 0.000 59.224 79.150 153.521 260.079 16.402 47.027 146.455 104.985 247.543
2007 228.276 0.000 2.316 142.235 134.357 70.987 174.578 178.130 142.240 123.924 89.288 57.165
2008 11.661 0.000 0.000 0.000 56.061 97.647 94.786 74.406 213.984 290.278 207.353 39.698
2009 21.672 14.008 11.783 109.184 7.052 140.843 222.935 220.705 234.964 200.951 90.115 56.761
2010 83.743 166.817 202.133 279.526 227.546 410.261 437.870 443.974 310.907 132.792 98.196 0.000
2011 0.000 0.000 0.000 9.645 119.228 215.840 52.117 163.244 237.655 159.605 78.152 123.580
2012 0.000 13.548 0.000 44.334 13.979 129.423 81.333 103.035 182.364 42.119 106.096 63.311
2013 51.955 121.053 89.595 93.270 154.471 117.994 93.030 229.714 107.920 100.508 74.939 67.689
2014 12.000 0.000 62.159 144.888 208.585 150.342 298.672 299.726 272.179 127.855 223.594 164.702
2015 54.976 0.000 82.396 64.999 340.321 362.362 299.964 146.417 210.125 335.407 300.738 340.492
2016 408.774 317.044 312.902 396.674 253.364 437.742 276.371 207.472 453.919 336.471 239.935 137.328
2017 17.714 26.359 40.437 141.149 311.747 403.616 322.491 313.632 475.311 267.015 81.093 149.040
2018 0.000 19.915 0.000 0.000 169.143 267.556 149.138 255.317 220.137 223.556 192.200 187.958
2019 135.804 194.514 125.468 246.489 176.905 370.259 236.828 250.654 371.117 150.658 156.700 199.384
2020 156.074 216.348 154.917 249.761 437.736 406.396 400.618 422.930 341.063 285.791 373.466 225.453
2021 56.369 23.248 0.000 4.988 296.637 364.914 186.361 447.971 382.567 199.041 197.767 64.458
2022 0.000 22.436 18.415 19.065 155.018 194.172 314.584 456.306 210.907 215.778 184.095 42.869
2023 9.489 26.552 8.067 3.922 136.589 431.330 498.036 357.631 450.701 477.611 413.618 410.112
2024 190.449 348.082 330.979 253.234 366.826 623.595 647.061 619.031 565.688 248.646 261.075 261.143
2025 107.086 113.480 89.321 148.061 191.522 338.558 257.012 502.476 551.187 430.285 252.764 10.507
