1951 2025
1951 -0.110 -0.257 -0.242 0.051 -0.039 -0.132 0.012 -0.155 -0.268 -0.412 -0.374 -0.517
1952 -0.746 -0.530 -0.316 -0.439 -0.330 -0.014 -0.166 -0.275 -0.148 -0.272 -0.151 0.210
1953 0.232 0.034 -0.358 -0.142 -0.164 -0.130 -0.162 -0.142 -0.212 -0.254 -0.172 -0.149
1954 -0.203 -0.440 -0.644 -0.541 -0.212 -0.350 -0.612 -0.715 -0.608 -0.543 -0.508 -0.675
1955 -0.178 -0.283 -0.382 -0.278 -0.363 -0.448 -0.152 -0.191 -0.113 -0.070 0.203 0.103
1956 0.289 0.106 -0.149 -0.213 -0.507 -0.680 -0.664 -0.587 -0.691 -0.483 -0.443 -0.095
1957 -0.691 -0.676 -0.489 -0.659 -0.762 -0.471 -0.442 -0.124 -0.144 -0.075 -0.099 0.016
1958 0.100 0.623 0.888 0.833 0.451 0.421 0.157 0.123 -0.015 -0.202 -0.099 -0.100
1959 0.013 0.111 -0.367 -0.424 -0.591 -0.496 -0.612 -0.616 -0.548 -0.520 -0.420 -0.532
1960 -0.442 -0.128 -0.201 -0.200 -0.157 -0.100 -0.184 -0.279 -0.431 -0.385 -0.237 -0.367
1961 -0.183 -0.395 -0.308 -0.072 -0.118 -0.416 -0.315 -0.206 -0.258 -0.460 -0.335 0.032
1962 0.015 -0.106 0.167 0.022 0.091 -0.207 -0.128 -0.233 -0.295 -0.384 0.070 0.242
1963 0.379 0.325 0.041 0.163 -0.166 -0.196 -0.218 -0.196 -0.320 -0.319 -0.194 -0.334
1964 -0.325 0.036 -0.094 -0.518 -0.226 -0.230 -0.371 -0.506 -0.702 -0.673 -0.462 -0.507
1965 -0.681 -0.488 -0.412 -0.456 -0.534 -0.656 -0.530 -0.617 -0.512 -0.526 -0.358 -0.153
1966 -0.358 0.218 0.233 0.268 0.125 -0.009 -0.101 -0.372 -0.257 -0.367 0.090 0.026
1967 -0.037 -0.213 -0.419 -0.249 -0.554 -0.610 -0.566 -0.634 -0.509 -0.552 -0.665 -0.658
1968 -0.628 -0.430 -0.362 -0.336 -0.574 -0.816 -0.727 -0.598 -0.509 -0.334 -0.225 -0.076
1969 0.101 0.576 0.943 0.576 0.374 -0.096 0.001 -0.082 -0.120 -0.311 0.038 0.149
1970 0.389 0.378 0.621 0.334 0.305 -0.029 -0.396 -0.423 -0.376 -0.397 -0.322 -0.230
1971 -0.157 -0.262 -0.557 -0.738 -0.857 -1.115 -0.831 -0.732 -0.589 -0.486 -0.323 -0.603
1972 -0.519 -0.500 -0.795 -0.648 -0.794 -0.708 -0.676 -0.771 -0.726 -0.378 -0.383 -0.626
1973 -0.593 -0.455 -0.592 -0.416 -0.262 -0.347 -0.379 -0.444 -0.521 -0.645 -0.526 -0.375
1974 -0.423 -0.719 -1.080 -1.507 -1.314 -1.062 -0.786 -0.777 -0.736 -0.802 -0.756 -0.789
1975 -0.367 -0.506 -0.736 -0.685 -1.025 -0.768 -0.565 -0.424 -0.580 -0.599 -0.690 -0.519
1976 -0.381 -0.614 -0.976 -0.770 -1.029 -0.925 -0.723 -0.185 -0.170 -0.160 -0.310 -0.643
1977 -0.465 -0.532 -0.335 -0.239 -0.379 -0.195 -0.450 -0.518 -0.484 -0.490 -0.466 -0.485
1978 0.002 0.165 0.080 0.122 -0.177 -0.361 -0.585 -0.441 -0.464 -0.271 -0.082 -0.267
1979 0.024 0.257 0.061 0.256 0.284 0.243 0.023 -0.108 -0.111 -0.156 -0.075 0.039
1980 0.290 0.282 0.070 0.388 0.543 0.287 -0.119 0.008 0.055 -0.181 -0.230 -0.275
1981 0.137 -0.072 0.527 0.171 0.148 -0.025 -0.076 -0.227 -0.202 -0.298 -0.014 0.160
1982 0.086 -0.207 -0.134 -0.327 -0.121 -0.148 -0.244 -0.476 -0.392 -0.529 -0.641 -0.695
1983 -0.412 0.053 0.531 0.618 0.153 0.141 -0.163 -0.260 -0.200 -0.355 -0.108 0.136
1984 -0.187 -0.181 -0.312 -0.409 -0.247 -0.496 -0.458 -0.336 -0.299 -0.490 -0.559 -0.499
1985 -0.498 -0.443 -0.809 -0.892 -0.960 -0.408 -0.167 -0.128 -0.315 -0.324 -0.193 -0.365
1986 -0.723 -0.668 -0.771 -0.749 -0.653 -0.608 -0.463 -0.535 -0.297 -0.423 -0.518 -0.854
1987 -0.391 -0.306 0.126 0.301 0.395 0.595 0.262 0.442 0.157 0.353 0.285 0.524
1988 0.050 -0.106 0.175 0.384 0.220 0.340 0.298 -0.073 -0.110 -0.278 -0.235 -0.242
1989 -0.262 -0.266 -0.580 -0.837 -0.648 -0.279 0.156 0.392 -0.110 -0.091 -0.184 0.126
1990 -0.228 0.052 0.110 0.177 0.142 -0.129 0.042 0.118 0.287 0.285 0.154 -0.050
1991 -0.126 -0.088 -0.458 -0.451 -0.501 -0.432 -0.562 -0.557 -0.244 -0.324 -0.305 -0.276
1992 0.035 -0.006 -0.259 -0.330 -0.208 -0.299 -0.114 -0.385 -0.343 -0.326 -0.421 -0.422
1993 -0.247 -0.362 -0.327 -0.132 -0.023 -0.069 -0.387 -0.306 -0.310 -0.322 -0.460 -0.544
1994 -0.709 -0.710 -0.672 -0.532 -0.682 -0.586 -0.494 -0.490 -0.624 -0.424 -0.208 -0.428
1995 -0.151 -0.224 -0.174 0.034 0.328 0.158 0.345 0.358 0.198 0.146 0.376 0.211
1996 0.550 0.397 0.117 0.274 0.205 0.057 -0.036 -0.030 -0.120 -0.239 -0.350 -0.208
1997 0.191 0.274 0.096 0.165 0.273 0.258 -0.006 -0.159 0.045 0.257 0.288 0.166
1998 0.231 0.660 0.541 0.468 0.373 0.442 0.177 0.339 0.054 0.162 0.123 -0.013
1999 -0.440 -0.308 -0.523 -0.435 -0.174 -0.153 -0.150 -0.051 0.112 -0.049 -0.007 0.143
2000 -0.227 -0.110 0.086 -0.080 -0.243 -0.236 -0.191 -0.178 -0.301 -0.274 -0.453 -0.540
2001 -0.338 -0.166 0.117 -0.131 -0.016 -0.035 0.061 0.022 0.154 0.111 0.394 0.527
2002 0.847 0.627 0.404 -0.051 -0.327 -0.275 -0.506 -0.330 -0.210 0.105 0.041 -0.134
2003 0.038 -0.271 -0.250 -0.268 -0.048 -0.088 0.140 0.426 0.492 0.697 0.351 0.418
2004 0.507 0.520 0.331 0.356 0.009 0.034 0.212 0.367 0.476 0.474 0.544 0.579
2005 0.597 0.372 0.749 0.915 1.046 0.882 0.771 0.565 0.565 0.351 0.328 0.559
2006 0.422 0.155 0.033 0.338 0.250 0.213 0.190 0.286 0.378 0.458 0.555 0.322
2007 0.444 0.572 0.259 0.305 0.085 -0.119 -0.189 -0.237 -0.181 -0.046 -0.049 -0.079
2008 0.148 0.241 0.292 0.110 0.215 0.322 0.333 0.299 0.404 0.376 0.213 0.167
2009 -0.025 -0.413 -0.488 -0.425 -0.341 -0.147 0.223 0.247 0.273 0.418 0.313 0.374
2010 0.678 0.982 1.263 1.435 1.351 1.093 0.998 0.900 0.663 0.598 0.740 0.939
2011 0.984 0.583 0.360 0.367 0.413 0.586 0.388 0.314 0.188 0.280 0.081 0.103
2012 -0.005 -0.114 -0.301 -0.141 0.022 0.084 0.286 0.340 0.627 0.614 0.651 0.507
2013 0.325 0.295 0.622 0.463 0.671 0.407 0.352 0.412 0.435 0.409 0.141 0.155
2014 -0.048 -0.223 -0.488 -0.346 -0.186 -0.120 -0.088 -0.034 0.315 0.447 0.198 0.189
2015 -0.003 0.009 -0.208 -0.340 -0.041 -0.083 0.080 0.354 0.562 0.680 0.469 0.290
2016 0.525 0.517 0.333 0.237 0.259 0.204 0.269 0.375 0.324 0.372 0.387 0.364
2017 0.552 0.311 0.156 0.447 0.704 0.713 0.679 0.728 0.534 0.394 0.575 0.439
2018 0.177 -0.242 -0.094 -0.295 -0.455 -0.687 -0.471 -0.062 -0.149 0.174 -0.117 -0.112
2019 -0.057 0.095 -0.127 -0.181 -0.082 0.155 0.010 0.109 0.290 0.242 0.088 0.004
2020 0.260 0.584 0.694 0.621 0.457 0.619 0.569 0.470 0.417 0.433 0.385 0.349
2021 0.427 0.278 0.045 0.267 0.122 0.060 0.139 0.215 0.393 0.278 0.452 0.324
2022 0.550 0.638 -0.018 -0.080 0.307 0.429 0.254 0.339 0.425 0.376 0.171 0.221
2023 0.358 0.350 0.706 0.869 1.171 1.466 1.431 1.345 1.361 1.218 1.096 1.232
2024 1.506 1.690 1.440 1.373 1.479 1.288 0.988 0.892 0.889 0.831 0.913 0.869
2025 0.892 0.522 0.199 0.133 0.291 0.312 0.406 0.550 0.600 0.602 0.682 0.298
