1951 2025
1951 19.876 19.931 18.962 17.930 19.512 17.935 15.114 15.160 18.092 19.602 20.040 18.753
1952 19.393 20.259 19.019 19.622 18.748 19.019 14.694 14.906 18.064 18.190 18.940 20.259
1953 19.774 19.131 19.767 19.931 20.259 19.184 16.480 15.720 16.886 19.465 20.043 19.293
1954 20.205 19.560 18.805 17.568 19.617 20.259 16.993 15.359 17.080 19.667 19.572 19.881
1955 18.780 18.290 19.022 19.067 19.336 18.962 16.696 14.904 17.053 19.331 19.712 19.986
1956 19.931 19.124 20.040 18.338 18.398 19.712 16.246 16.456 17.411 18.424 18.168 18.925
1957 15.528 18.763 20.259 18.385 19.347 19.771 16.093 17.486 17.491 19.986 18.987 19.986
1958 19.677 20.205 19.283 19.712 18.500 17.410 16.489 16.726 18.429 18.853 19.712 19.358
1959 19.876 19.500 19.712 17.469 19.338 20.150 14.984 16.305 19.219 19.186 18.681 19.617
1960 19.607 20.040 20.040 19.936 20.259 18.915 16.909 16.482 17.220 19.338 20.150 18.764
1961 19.125 19.986 20.259 16.689 19.719 18.565 14.894 15.762 16.796 18.039 19.767 18.860
1962 17.838 20.205 19.602 16.106 18.751 17.688 17.212 17.130 16.883 19.774 20.040 19.206
1963 16.107 19.329 18.357 18.322 19.012 18.643 16.209 13.928 19.274 19.602 20.150 19.062
1964 19.821 18.367 18.858 17.329 15.950 20.205 17.999 16.925 18.073 19.348 19.767 20.259
1965 19.395 18.860 17.159 18.016 18.858 19.236 16.983 17.222 16.402 19.184 19.445 19.767
1966 19.876 20.259 20.150 17.313 17.991 20.205 16.578 16.577 18.666 19.343 18.584 20.040
1967 19.821 19.077 18.037 17.078 17.787 17.995 14.744 17.174 18.721 19.986 18.541 19.074
1968 18.796 19.470 20.150 18.424 20.205 19.931 18.283 18.312 17.727 20.259 20.040 20.259
1969 18.569 20.259 18.987 19.886 19.065 18.001 16.297 16.653 19.114 20.040 19.196 19.936
1970 19.931 18.975 18.982 18.907 18.798 18.995 17.610 15.454 18.551 18.671 18.454 19.602
1971 18.810 19.657 20.259 19.659 19.034 19.986 16.237 17.481 18.372 19.069 19.548 18.454
1972 18.233 20.040 19.664 17.130 19.159 19.224 17.282 17.068 17.981 18.265 20.040 19.767
1973 20.040 20.095 19.602 18.362 19.617 20.095 17.887 16.383 19.249 19.657 18.721 20.095
1974 18.673 20.259 20.259 19.500 20.259 19.557 18.641 16.035 17.291 19.097 19.986 19.767
1975 19.019 20.259 19.876 18.325 19.450 18.753 18.066 17.030 16.541 20.259 20.259 19.291
1976 18.887 20.259 19.712 20.150 19.881 19.657 19.826 18.312 18.517 19.044 18.764 18.995
1977 17.773 19.465 18.912 17.875 19.657 19.405 16.664 16.458 16.139 19.933 19.821 19.986
1978 19.627 20.205 19.667 19.493 18.950 16.831 15.241 17.095 19.493 18.731 18.248 18.342
1979 18.566 20.259 18.519 17.280 19.191 17.226 16.311 15.884 19.363 19.612 19.329 19.667
1980 19.395 20.043 19.602 19.488 19.353 17.623 15.202 15.804 17.824 19.368 19.774 19.144
1981 18.744 19.450 19.990 18.741 19.714 20.040 14.977 15.577 18.796 19.274 20.150 20.095
1982 18.860 19.931 19.181 17.998 18.862 18.652 17.849 16.017 17.124 19.440 20.259 19.986
1983 19.779 20.259 20.259 19.221 18.492 20.205 19.167 15.779 17.563 19.667 20.259 20.259
1984 17.909 19.881 19.560 20.095 20.095 19.274 15.144 16.274 19.328 19.986 20.259 18.295
1985 17.565 18.648 19.657 17.770 18.845 19.612 17.300 15.286 16.578 19.000 18.564 17.787
1986 19.627 20.040 19.829 17.842 19.498 19.512 17.413 15.652 17.649 18.764 18.755 19.308
1987 19.465 19.826 20.095 19.418 18.577 18.763 18.589 16.396 16.429 18.390 19.460 20.259
1988 19.560 18.736 19.346 19.620 20.098 20.098 17.116 15.618 16.786 18.900 20.259 18.519
1989 18.648 14.790 20.259 18.149 17.712 18.980 16.112 16.475 16.477 18.402 18.970 18.019
1990 19.074 19.493 19.308 17.835 19.493 19.548 15.755 16.496 17.084 18.398 16.744 18.043
1991 17.676 19.259 19.129 19.500 19.017 19.067 17.742 16.744 17.812 18.153 19.346 19.453
1992 19.465 19.834 18.913 19.729 18.621 18.900 17.073 16.553 17.461 19.612 19.346 18.912
1993 19.610 20.259 19.722 20.043 19.514 20.205 17.984 16.436 16.374 18.398 17.929 19.410
1994 18.309 20.259 19.249 19.003 19.512 19.493 15.988 13.130 17.083 19.602 17.804 20.150
1995 19.891 19.094 20.259 19.769 18.380 19.988 17.140 17.309 17.406 19.498 19.505 19.774
1996 19.443 20.150 18.683 19.779 20.259 18.893 16.121 14.493 18.591 19.602 19.657 20.259
1997 19.308 18.887 19.931 19.453 19.470 20.205 17.882 16.093 18.962 19.712 19.933 19.410
1998 20.150 20.259 20.095 18.746 17.634 17.219 15.606 14.977 16.901 19.281 20.259 19.338
1999 19.184 20.259 20.259 17.426 19.274 19.164 14.883 16.682 17.815 19.234 19.388 18.275
2000 19.055 20.150 19.503 18.930 19.821 18.967 15.650 14.529 16.716 19.552 19.077 18.892
2001 19.070 19.610 19.181 18.203 19.136 19.122 15.587 15.704 17.197 18.853 20.043 20.095
2002 18.862 19.453 18.604 13.435 19.164 19.562 17.272 16.579 16.629 18.092 19.070 20.150
2003 18.743 18.286 19.986 18.753 18.893 18.878 13.763 16.632 18.208 19.562 17.336 20.150
2004 19.398 19.936 18.930 18.084 16.637 16.647 16.844 17.670 16.821 18.524 18.412 18.611
2005 18.270 18.838 19.453 18.970 19.737 19.234 15.750 15.213 16.433 19.167 19.012 19.565
2006 19.878 19.184 19.127 18.479 18.382 18.997 17.018 13.529 16.307 18.098 19.876 19.722
2007 18.241 20.040 19.455 19.562 18.977 19.331 18.565 16.427 16.390 19.767 19.291 19.548
2008 18.798 19.346 19.876 16.350 18.181 18.676 15.349 17.294 17.001 19.348 19.249 18.703
2009 17.637 18.611 18.265 17.670 19.500 18.917 15.113 15.813 18.500 19.500 19.602 19.251
2010 19.784 20.043 20.043 19.493 19.986 19.498 14.171 14.637 17.972 19.669 19.219 18.529
2011 18.367 17.862 20.259 19.602 19.712 18.641 16.157 15.999 17.603 19.767 18.581 18.077
2012 19.343 19.398 19.767 19.396 18.793 19.493 14.576 13.660 15.926 19.341 19.336 19.821
2013 17.503 18.915 18.970 17.396 17.860 19.122 12.475 16.341 16.771 17.629 17.637 17.373
2014 17.450 20.259 19.878 19.288 15.475 17.675 14.610 15.867 17.803 19.881 19.199 19.560
2015 18.042 18.411 18.861 17.984 15.880 18.547 16.765 15.185 15.553 19.206 17.891 20.259
2016 19.580 19.520 20.095 18.315 17.452 18.108 11.977 12.857 17.299 20.259 19.990 19.109
2017 19.986 20.259 19.988 19.988 18.733 19.460 15.343 15.805 17.496 17.710 17.251 18.311
2018 19.465 16.636 17.667 19.186 17.874 19.498 12.998 14.605 15.543 18.780 18.883 19.662
2019 18.709 17.567 19.831 18.870 17.557 18.867 16.477 14.483 17.237 17.897 17.982 19.719
2020 19.659 18.399 16.213 17.116 19.478 19.224 16.261 16.778 16.849 17.660 18.893 19.201
2021 19.562 18.402 17.727 15.406 18.407 18.391 14.166 15.867 17.986 19.219 19.612 16.984
2022 18.390 17.302 19.246 19.328 19.767 19.988 14.086 13.467 15.391 16.563 17.844 19.226
2023 19.097 18.698 18.108 18.151 16.593 18.321 13.455 14.860 15.750 19.044 18.646 19.622
2024 19.398 19.876 19.821 16.562 16.838 19.714 14.198 13.168 16.171 17.832 19.438 19.572
2025 17.117 20.259 20.150 16.947 18.592 16.998 14.773 14.274 16.566 19.274 19.455 17.216
