1951 2025
1951 0.000 0.000 0.000 0.000 158.207 139.438 128.620 130.635 122.871 138.247 122.829 140.372
1952 0.000 131.191 0.000 0.000 0.000 128.312 149.231 127.047 128.048 149.760 142.375 0.000
1953 0.000 135.722 0.000 157.793 158.195 126.180 164.556 137.863 137.429 158.834 125.532 158.254
1954 0.000 0.000 0.000 0.000 0.000 150.615 174.934 153.493 141.961 173.943 165.747 0.000
1955 0.000 0.000 0.000 0.000 156.700 136.775 142.381 0.000 148.265 153.810 0.000 0.000
1956 0.000 0.000 0.000 0.000 0.000 135.759 168.913 0.000 144.251 0.000 141.336 0.000
1957 0.000 0.000 0.000 0.000 0.000 137.150 124.106 139.801 142.912 149.440 145.490 142.613
1958 131.352 0.000 124.200 125.988 141.773 144.547 143.066 141.863 139.807 163.207 149.111 154.680
1959 0.000 0.000 167.907 0.000 0.000 141.909 130.318 145.941 139.613 139.750 147.555 150.594
1960 0.000 0.000 0.000 0.000 0.000 138.993 159.510 138.381 127.672 152.488 0.000 148.245
1961 0.000 0.000 0.000 0.000 144.453 0.000 158.683 130.976 138.971 0.000 0.000 0.000
1962 0.000 0.000 0.000 0.000 140.000 152.381 141.364 129.945 133.059 153.195 150.585 0.000
1963 0.000 0.000 0.000 0.000 0.000 141.716 157.414 0.000 133.553 153.731 0.000 150.644
1964 0.000 138.370 0.000 0.000 0.000 148.584 129.041 158.963 127.631 161.167 0.000 0.000
1965 0.000 0.000 0.000 0.000 150.344 136.563 127.783 147.799 144.721 164.074 121.719 139.924
1966 140.613 0.000 0.000 0.000 0.000 138.131 126.757 152.450 148.857 0.000 136.034 0.000
1967 0.000 0.000 0.000 0.000 0.000 170.914 0.000 116.000 160.033 150.490 132.645 0.000
1968 0.000 0.000 0.000 0.000 0.000 133.051 156.512 140.346 0.000 164.388 163.295 0.000
1969 0.000 0.000 130.473 102.435 120.129 130.284 122.348 129.100 125.727 161.993 139.547 145.720
1970 0.000 0.000 150.515 135.965 0.000 129.682 129.893 137.185 131.895 0.000 0.000 0.000
1971 0.000 0.000 0.000 0.000 0.000 127.325 166.007 145.834 166.216 139.650 151.096 0.000
1972 0.000 0.000 0.000 0.000 0.000 0.000 0.000 130.827 147.805 103.530 123.402 137.754
1973 0.000 101.887 112.350 134.231 113.513 140.663 168.690 119.096 115.563 148.542 142.972 155.458
1974 0.000 0.000 0.000 0.000 0.000 0.000 177.363 159.770 0.000 130.567 142.541 148.477
1975 0.000 0.000 0.000 0.000 0.000 137.418 140.246 141.655 154.974 170.800 0.000 0.000
1976 0.000 0.000 0.000 0.000 0.000 0.000 148.459 118.265 159.348 137.571 143.959 0.000
1977 0.000 145.234 100.092 0.000 0.000 130.514 122.222 163.838 145.839 98.322 140.480 124.175
1978 0.000 109.319 0.000 128.215 0.000 132.033 129.687 130.598 129.952 131.033 145.232 128.533
1979 0.000 0.000 0.000 140.322 124.808 117.287 112.449 129.956 118.162 137.983 131.856 0.000
1980 0.000 0.000 0.000 105.116 125.425 109.076 117.083 117.198 132.887 105.143 129.565 0.000
1981 169.716 0.000 116.708 109.472 138.199 129.324 126.432 0.000 108.243 111.317 110.758 119.547
1982 0.000 0.000 0.000 0.000 104.696 123.785 128.021 141.961 139.850 152.284 127.064 123.202
1983 103.013 88.656 88.652 88.655 101.429 111.336 109.806 135.553 110.619 106.654 138.593 145.688
1984 0.000 0.000 133.084 0.000 168.474 0.000 0.000 129.132 126.467 147.106 133.979 0.000
1985 0.000 0.000 0.000 0.000 0.000 139.940 128.550 131.028 119.460 124.313 148.335 149.000
1986 0.000 0.000 0.000 109.805 0.000 164.028 119.348 0.000 130.771 99.219 124.167 112.412
1987 110.350 108.416 112.373 88.298 102.269 118.539 120.000 109.830 97.349 97.562 97.470 106.009
1988 109.045 138.798 105.779 89.063 105.883 120.245 116.641 127.353 129.067 115.626 115.853 143.425
1989 0.000 0.000 0.000 0.000 125.484 117.074 135.201 152.316 129.526 106.786 130.862 163.270
1990 0.000 0.000 117.001 109.553 122.511 124.330 123.628 128.689 131.333 103.002 131.118 143.078
1991 0.000 0.000 110.724 108.644 104.067 118.802 117.344 163.707 131.481 148.373 139.346 135.580
1992 150.386 0.000 88.917 133.335 0.000 142.335 117.358 136.948 131.072 0.000 143.986 0.000
1993 0.000 0.000 158.141 115.537 111.056 117.065 128.453 118.526 133.780 130.420 123.070 132.772
1994 0.000 0.000 0.000 0.000 141.632 122.640 164.270 124.457 0.000 145.806 109.651 114.191
1995 118.383 0.000 0.000 111.567 133.177 117.051 122.175 119.874 113.794 113.737 132.701 140.902
1996 0.000 0.000 0.000 0.000 134.891 113.638 126.352 0.000 151.501 129.515 135.208 0.000
1997 0.000 0.000 0.000 159.664 131.269 139.219 133.760 130.884 112.066 89.574 97.292 88.230
1998 88.684 88.868 88.735 89.093 89.699 104.678 112.475 102.500 134.056 97.729 120.705 122.170
1999 0.000 135.005 0.000 140.220 146.350 127.008 142.382 136.921 131.351 120.443 121.053 131.636
2000 0.000 0.000 140.543 123.322 0.000 125.968 149.207 143.588 146.760 118.952 121.722 132.222
2001 139.615 0.000 140.836 101.283 121.598 126.438 120.370 163.766 149.120 104.835 133.136 116.810
2002 125.594 102.630 110.751 113.929 117.079 124.583 134.256 142.155 142.352 112.752 99.621 106.629
2003 105.252 135.092 113.821 106.151 0.000 129.458 109.689 108.140 114.652 95.992 98.334 109.268
2004 136.350 137.315 100.849 108.882 127.403 142.070 124.818 134.402 104.665 96.777 113.127 133.905
2005 138.266 92.387 93.525 90.550 108.546 123.420 118.151 126.971 95.517 99.175 107.176 125.973
2006 0.000 125.503 0.000 111.945 119.389 117.296 123.441 114.965 147.246 96.469 117.451 89.132
2007 88.878 0.000 120.784 108.795 111.515 121.695 117.010 123.048 129.539 126.648 137.205 125.189
2008 123.010 0.000 0.000 0.000 142.118 123.834 123.821 154.805 108.990 99.820 117.929 132.669
2009 136.206 120.578 118.001 124.397 145.306 133.828 118.949 120.706 104.618 96.836 106.049 142.322
2010 96.694 87.649 88.758 88.831 96.778 103.767 108.812 88.657 100.520 133.645 127.667 0.000
2011 0.000 0.000 0.000 143.969 124.803 123.258 141.110 131.896 142.177 121.175 121.250 123.020
2012 0.000 140.626 0.000 115.370 144.945 130.668 128.427 129.520 133.112 147.462 109.616 123.078
2013 115.747 108.946 107.858 110.501 111.875 124.920 119.877 116.980 116.765 139.591 123.365 130.477
2014 149.605 0.000 106.846 119.434 103.224 121.997 115.358 116.334 106.275 106.896 104.679 97.483
2015 121.126 0.000 93.740 108.201 97.194 110.500 133.045 128.030 93.201 88.772 87.507 88.926
2016 88.362 88.818 88.709 88.873 97.088 106.875 111.530 91.463 125.251 110.079 97.718 113.775
2017 148.113 142.745 130.545 103.672 97.103 109.609 113.138 110.809 92.302 98.741 107.224 93.720
2018 0.000 140.243 0.000 0.000 106.584 131.402 121.103 124.403 91.264 89.766 89.685 89.796
2019 92.704 89.429 88.771 87.640 89.536 104.680 122.070 88.891 89.512 88.493 88.590 87.734
2020 88.603 88.209 89.445 88.347 89.310 109.831 108.925 116.073 92.500 94.306 87.685 105.722
2021 135.784 145.551 0.000 105.000 100.819 119.629 137.117 110.663 89.210 97.527 95.926 100.744
2022 0.000 141.928 115.685 143.095 119.124 124.516 113.150 87.780 89.357 91.702 96.184 142.419
2023 137.559 133.114 103.113 102.452 94.705 114.050 104.728 113.608 89.127 88.556 88.013 88.748
2024 88.924 88.660 88.695 88.667 89.809 92.874 111.613 88.649 88.642 88.378 103.279 88.789
2025 88.831 89.157 89.103 96.708 103.103 114.925 129.911 88.701 92.956 91.722 89.388 137.761
