1951 2025
1951 -0.867 -0.753 -0.284 -0.106 -0.075 0.169 0.746 0.439 0.444 0.631 0.869 0.626
1952 0.126 -0.036 -0.104 -0.210 -0.515 -0.799 -0.875 -0.663 -0.669 -0.588 -0.960 -0.532
1953 0.053 0.221 0.364 0.254 0.229 0.383 0.060 -0.028 0.262 0.152 0.115 0.230
1954 -0.169 -0.136 -0.591 -1.859 -1.543 -1.465 -1.355 -1.541 -1.748 -1.628 -1.386 -1.513
1955 -0.865 -0.711 -0.861 -1.203 -1.718 -1.554 -1.288 -1.430 -1.697 -2.359 -2.321 -2.060
1956 -1.072 -0.711 -0.493 -0.559 -0.671 -0.735 -0.909 -1.038 -1.054 -1.041 -1.264 -1.185
1957 -0.739 -0.202 0.315 0.388 0.645 0.820 1.193 0.903 0.627 0.644 0.972 1.278
1958 1.291 1.038 0.578 0.345 0.136 0.073 -0.115 -0.188 -0.532 -0.462 -0.146 -0.385
1959 -0.077 -0.050 -0.064 -0.011 -0.309 -0.439 -0.743 -0.849 -0.754 -0.406 -0.454 -0.448
1960 -0.356 -0.477 -0.287 -0.344 -0.451 -0.639 -0.484 -0.317 -0.358 -0.835 -0.871 -0.624
1961 -0.547 -0.195 -0.335 -0.174 -0.180 -0.210 -0.856 -1.002 -1.400 -1.252 -0.752 -0.621
1962 -0.579 -0.437 -0.700 -1.022 -0.990 -0.837 -0.646 -0.459 -0.812 -0.818 -1.045 -1.117
1963 -0.820 -0.613 -0.249 -0.061 -0.196 0.069 0.539 0.581 0.433 0.454 0.625 0.777
1964 0.355 -0.101 -0.434 -1.280 -1.735 -1.500 -1.000 -1.541 -1.184 -1.192 -1.117 -1.474
1965 -0.958 -0.541 -0.228 0.001 0.411 0.602 0.818 1.037 1.047 1.134 1.338 1.245
1966 1.022 0.487 0.023 -0.185 -0.958 -0.611 -0.422 -0.744 -0.916 -0.707 -0.913 -1.054
1967 -0.739 -0.495 -0.846 -1.116 -0.564 -0.272 -0.572 -0.969 -1.415 -1.323 -1.130 -1.205
1968 -1.398 -1.557 -1.388 -0.991 -1.127 -0.319 0.179 0.050 -0.100 0.014 0.126 0.426
1969 0.440 0.317 0.270 0.294 0.564 0.355 0.023 0.248 0.419 0.566 0.578 0.662
1970 0.413 -0.000 -0.341 -0.435 -0.888 -1.336 -1.809 -1.716 -1.288 -1.230 -1.399 -1.289
1971 -1.580 -1.562 -1.249 -0.933 -1.022 -1.119 -1.004 -1.301 -1.063 -1.296 -1.232 -1.438
1972 -0.735 -0.511 -0.235 0.115 0.313 0.734 1.322 1.644 1.391 1.760 2.042 2.268
1973 1.772 0.792 0.129 -0.733 -1.226 -1.290 -1.535 -1.599 -1.548 -1.654 -1.747 -1.823
1974 -1.806 -1.337 -0.917 -0.707 -0.796 -0.718 -0.478 -0.384 -0.658 -0.999 -1.040 -1.023
1975 -0.553 -0.849 -0.810 -0.468 -0.995 -1.280 -1.080 -1.066 -1.436 -1.590 -1.381 -1.788
1976 -1.897 -1.097 -0.626 -0.554 -0.245 0.444 0.554 0.774 0.781 0.927 0.841 0.676
1977 0.861 0.540 0.256 -0.543 -0.295 -0.081 -0.119 -0.371 -0.068 0.296 0.257 0.280
1978 0.134 0.001 -0.416 -0.835 -1.056 -0.856 -0.738 -1.000 -0.752 -0.386 -0.243 0.039
1979 -0.321 -0.293 -0.019 0.171 0.041 -0.025 -0.197 0.141 0.548 0.466 0.450 0.444
1980 0.368 0.026 -0.127 -0.095 -0.057 0.198 -0.121 -0.320 -0.209 -0.394 -0.040 0.023
1981 -0.718 -0.886 -0.542 -0.423 -0.450 -0.316 -0.488 -0.721 -0.273 -0.163 -0.345 -0.035
1982 0.181 -0.018 -0.065 0.084 0.482 0.657 0.534 0.962 1.845 2.307 2.463 2.865
1983 2.965 2.284 1.722 1.649 1.823 1.656 0.941 0.678 0.098 -0.573 -0.954 -0.803
1984 -0.588 -0.163 -0.194 -0.391 -0.836 -1.051 -0.665 -0.395 -0.368 -0.650 -0.924 -1.234
1985 -1.262 -0.914 -0.747 -0.959 -0.983 -0.903 -0.987 -0.863 -0.890 -0.771 -0.634 -0.695
1986 -0.797 -0.525 -0.329 -0.282 -0.513 -0.342 -0.027 0.185 0.267 0.550 0.838 0.948
1987 1.012 1.140 1.049 0.876 0.984 0.982 1.229 1.459 1.625 1.187 1.056 1.019
1988 0.674 -0.008 -0.107 -0.556 -1.473 -2.051 -1.935 -1.453 -1.121 -1.526 -1.596 -1.577
1989 -1.436 -0.967 -0.964 -0.758 -0.742 -0.215 -0.351 -0.383 -0.337 -0.372 -0.523 -0.352
1990 -0.299 0.007 -0.234 0.001 0.250 0.072 0.109 0.129 0.086 -0.119 -0.132 -0.053
1991 0.119 0.003 -0.108 0.047 0.332 0.789 0.942 0.529 0.334 0.642 1.015 1.277
1992 1.352 1.261 1.104 1.284 1.295 0.665 0.060 -0.068 -0.101 -0.310 -0.391 -0.322
1993 -0.110 0.389 0.449 0.938 1.164 0.562 0.365 0.264 0.292 0.163 0.056 0.106
1994 0.181 -0.082 -0.308 -0.286 -0.017 0.055 -0.165 -0.237 -0.077 0.555 0.957 0.856
1995 0.770 0.451 0.022 -0.309 -0.624 -0.434 -0.326 -0.877 -1.054 -0.959 -0.992 -0.952
1996 -0.818 -0.678 -0.480 -0.734 -0.653 -0.647 -0.526 -0.415 -0.534 -0.565 -0.593 -0.983
1997 -0.890 -0.668 -0.285 0.002 0.765 1.633 2.217 2.607 2.811 3.100 3.321 3.311
1998 3.066 2.480 1.958 1.733 1.482 0.500 -0.251 -0.638 -0.967 -0.949 -0.796 -1.073
1999 -1.261 -0.892 -0.474 -0.775 -0.711 -0.781 -0.642 -0.814 -1.140 -1.346 -1.433 -1.517
2000 -1.655 -1.139 -0.463 -0.077 -0.282 -0.470 -0.500 -0.461 -0.345 -0.470 -0.647 -0.640
2001 -0.432 -0.293 0.031 -0.024 -0.053 -0.166 -0.152 -0.205 -0.619 -0.404 -0.611 -0.590
2002 -0.492 -0.231 0.201 0.117 0.361 0.687 0.496 0.532 0.832 1.019 1.369 1.239
2003 0.564 0.442 0.242 -0.337 -0.858 -0.469 0.224 0.275 0.117 0.428 0.704 0.793
2004 0.407 0.291 0.167 0.030 -0.370 -0.150 0.092 0.254 0.419 0.570 0.701 0.715
2005 0.320 -0.099 -0.034 0.049 0.253 0.175 0.213 0.192 -0.114 -0.327 -1.065 -1.188
2006 -0.811 -0.346 -0.501 -0.331 0.013 0.111 0.134 0.415 0.802 0.912 1.062 1.164
2007 0.863 0.085 -0.349 -0.530 -0.793 -0.608 -0.837 -1.156 -1.289 -1.398 -1.546 -1.626
2008 -1.460 -1.228 -0.696 -0.353 -0.157 -0.040 0.390 0.519 0.270 0.117 -0.061 -0.542
2009 -0.514 -0.576 -0.666 -0.061 0.379 0.676 0.804 0.818 0.755 0.806 1.148 1.353
2010 1.068 0.878 0.601 0.375 -0.068 -0.576 -0.897 -1.131 -1.323 -1.453 -1.447 -1.466
2011 -1.261 -0.768 -0.684 -0.231 -0.194 0.002 -0.086 -0.371 -0.642 -1.032 -1.053 -0.896
2012 -0.568 -0.191 -0.137 0.078 0.178 0.548 0.666 0.526 0.302 0.039 0.043 -0.403
2013 -0.664 -0.568 -0.091 -0.271 -0.736 -0.782 -0.597 -0.637 -0.360 -0.177 -0.140 -0.128
2014 -0.427 -0.772 -0.267 0.157 0.487 0.659 0.430 0.210 0.344 0.606 0.836 0.709
2015 0.342 0.061 0.156 0.733 1.044 1.576 1.970 2.087 2.461 2.632 2.895 2.855
2016 2.566 1.965 1.581 0.718 0.073 -0.018 -0.494 -0.505 -0.281 -0.530 -0.551 -0.447
2017 -0.086 0.417 0.403 0.551 0.376 0.181 0.157 -0.226 -0.745 -0.683 -1.017 -1.201
2018 -1.186 -0.903 -0.886 -0.530 -0.244 0.121 0.233 -0.034 0.326 0.775 0.960 0.940
2019 0.597 0.590 0.682 0.649 0.591 0.319 0.018 -0.302 -0.292 0.176 0.390 0.274
2020 0.210 0.101 0.251 0.376 -0.229 -0.562 -0.474 -0.599 -1.018 -1.060 -1.125 -0.789
2021 -0.629 -0.725 -0.636 -0.686 -0.466 -0.199 -0.196 -0.431 -0.463 -0.753 -0.955 -1.246
2022 -1.315 -1.148 -0.689 -0.819 -0.954 -0.692 -0.421 -0.651 -0.987 -1.081 -0.875 -0.786
2023 -0.563 -0.094 0.355 0.589 0.946 1.388 1.732 2.030 2.074 2.180 2.173 2.044
2024 1.847 1.515 0.872 0.594 -0.099 -0.151 -0.027 -0.270 -0.226 -0.126 -0.094 -0.362
2025 -0.296 0.024 0.502 0.160 -0.029 0.051 0.104 -0.223 -0.522 -0.378 -0.566 -0.769
