1951 2021
1951 -999.000 -999.000 -999.000 -999.000 -999.000 -999.000 -999.000 -999.000 -999.000 -999.000 -999.000 -999.000
1952 -999.000 -999.000 -999.000 -999.000 -999.000 -999.000 -999.000 -999.000 -999.000 -999.000 -999.000 -999.000
1953 -999.000 -999.000 -999.000 -999.000 -999.000 -999.000 -999.000 -999.000 -999.000 -999.000 -999.000 -999.000
1954 -999.000 -999.000 -999.000 -999.000 -999.000 -999.000 -999.000 -999.000 -999.000 -999.000 -999.000 -999.000
1955 -999.000 -999.000 -999.000 -999.000 -999.000 -999.000 -999.000 -999.000 -999.000 -999.000 -999.000 -999.000
1956 -999.000 -999.000 -999.000 -999.000 -999.000 -999.000 -999.000 -999.000 -999.000 -999.000 -999.000 -999.000
1957 -999.000 -999.000 -999.000 -999.000 -999.000 -999.000 -999.000 -999.000 -999.000 -999.000 -999.000 -999.000
1958 -999.000 -999.000 -999.000 -999.000 -999.000 -999.000 -999.000 -999.000 -999.000 -999.000 -999.000 -999.000
1959 -999.000 -999.000 -999.000 -999.000 -999.000 -999.000 -999.000 -999.000 -999.000 -999.000 -999.000 -999.000
1960 -999.000 -999.000 -999.000 -999.000 -999.000 -999.000 -999.000 -999.000 -999.000 -999.000 -999.000 -999.000
1961 -999.000 -999.000 -999.000 -999.000 -999.000 -999.000 -999.000 -999.000 -999.000 -999.000 -999.000 -999.000
1962 -999.000 -999.000 -999.000 -999.000 -999.000 -999.000 -999.000 -999.000 -999.000 -999.000 -999.000 -999.000
1963 -999.000 -999.000 -999.000 -999.000 -999.000 -999.000 -999.000 -999.000 -999.000 -999.000 -999.000 -999.000
1964 -999.000 -999.000 -999.000 -999.000 -999.000 -999.000 -999.000 -999.000 -999.000 -999.000 -999.000 -999.000
1965 -999.000 -999.000 -999.000 -999.000 -999.000 -999.000 -999.000 -999.000 -999.000 -999.000 -999.000 -999.000
1966 -999.000 -999.000 -999.000 -999.000 -999.000 -999.000 -999.000 -999.000 -999.000 -999.000 -999.000 -999.000
1967 -999.000 -999.000 -999.000 -999.000 -999.000 -999.000 -999.000 -999.000 -999.000 -999.000 -999.000 -999.000
1968 -999.000 -999.000 -999.000 -999.000 -999.000 -999.000 -999.000 -999.000 -999.000 -999.000 -999.000 -999.000
1969 -999.000 -999.000 -999.000 -999.000 -999.000 -999.000 -999.000 -999.000 -999.000 -999.000 -999.000 -999.000
1970 -999.000 -999.000 -999.000 -999.000 -999.000 -999.000 -999.000 -999.000 -999.000 -999.000 -999.000 -999.000
1971 -999.000 -999.000 -999.000 -999.000 -999.000 -999.000 -999.000 -999.000 -999.000 -999.000 -999.000 -999.000
1972 -999.000 -999.000 -999.000 -999.000 -999.000 -999.000 -999.000 -999.000 -999.000 -999.000 -999.000 -999.000
1973 -999.000 -999.000 -999.000 -999.000 -999.000 -999.000 -999.000 -999.000 -999.000 -999.000 -999.000 -999.000
1974 -999.000 -999.000 -999.000 -999.000 -999.000 -999.000 -999.000 -999.000 -999.000 -999.000 -999.000 -999.000
1975 -999.000 -999.000 -999.000 -999.000 -999.000 -999.000 -999.000 -999.000 -999.000 -999.000 -999.000 -999.000
1976 -999.000 -999.000 -999.000 -999.000 -999.000 -999.000 -999.000 -999.000 -999.000 -999.000 -999.000 -999.000
1977 -999.000 -999.000 -999.000 -999.000 -999.000 -999.000 -999.000 -999.000 -999.000 -999.000 -999.000 -999.000
1978 -999.000 -999.000 -999.000 -999.000 -999.000 -999.000 -999.000 -999.000 -999.000 -999.000 -999.000 -999.000
1979 0.560 0.830 0.380 0.010 0.170 0.240 0.140 0.340 0.710 0.630 0.660 0.770
1980 0.580 0.480 0.460 0.510 0.630 0.750 0.210 0.140 0.050 0.180 0.410 0.460
1981 0.330 0.260 0.640 0.530 0.230 -0.110 -0.380 -0.290 0.180 0.260 0.090 0.100
1982 0.330 0.590 0.740 0.690 0.720 0.760 0.790 1.040 1.150 1.330 1.200 0.800
1983 -0.100 -0.660 -0.940 -0.120 -0.360 -0.790 -1.070 -1.230 -1.540 -1.630 -1.360 -0.960
1984 -0.700 -0.610 -0.480 -0.420 -0.630 -0.630 -0.160 -0.120 -0.190 -0.560 -0.370 -0.210
1985 0.020 -0.230 -0.340 -0.060 0.190 0.150 0.060 0.180 0.070 -0.050 0.110 0.240
1986 0.250 0.450 0.370 0.140 0.420 0.530 0.440 0.300 0.450 0.600 0.380 0.590
1987 0.540 0.150 0.180 0.000 0.130 -0.090 -0.420 -0.280 -0.470 -0.430 -0.510 -0.520
1988 -0.470 -0.770 -0.940 -1.100 -1.000 -0.800 -0.520 -0.400 -0.590 -1.050 -0.990 -0.800
1989 -0.340 0.170 0.520 0.550 0.620 0.700 0.630 0.370 0.360 0.110 0.040 0.460
1990 0.630 0.860 0.680 0.370 0.100 -0.050 0.220 0.380 0.270 0.350 0.340 0.510
1991 0.510 0.290 0.200 0.360 0.580 0.510 0.530 0.350 0.380 0.770 0.760 0.850
1992 0.830 0.940 0.250 -0.190 -0.690 -1.040 -0.890 -0.780 -0.680 -0.560 -0.420 -0.240
1993 -0.180 -0.050 0.080 0.230 0.000 -0.470 -0.660 -0.580 -0.290 -0.230 -0.240 -0.360
1994 -0.530 -0.530 -0.450 -0.220 0.040 0.040 0.030 0.280 0.310 0.500 0.670 0.390
1995 0.090 -0.170 -0.470 -0.520 -0.460 -0.270 -0.230 -0.400 -0.530 -0.460 -0.440 -0.310
1996 0.040 0.130 0.210 0.170 0.120 0.140 0.000 0.040 -0.020 -0.070 -0.100 0.080
1997 0.540 0.840 1.090 1.490 1.380 1.550 1.340 1.070 1.250 1.350 1.190 0.560
1998 -0.240 -0.660 -0.760 -1.080 -1.430 -1.680 -1.740 -1.680 -1.440 -1.550 -1.530 -1.340
1999 -1.160 -0.930 -0.540 -0.420 -0.290 -0.150 -0.310 -0.560 -0.520 -0.500 -0.720 -0.770
2000 -0.500 -0.260 -0.040 0.220 0.340 0.340 0.250 0.140 0.080 -0.110 -0.300 -0.360
2001 -0.070 -0.040 0.220 0.420 0.270 0.330 0.430 0.090 0.220 0.170 0.180 0.220
2002 0.490 0.510 0.450 0.230 0.100 0.430 0.530 0.700 0.930 1.040 0.780 0.260
2003 -0.100 -0.340 -0.290 -0.440 -0.600 0.080 0.450 0.240 0.280 0.420 0.520 0.300
2004 0.260 0.200 0.010 0.200 0.170 0.220 0.530 0.560 0.620 0.540 0.530 0.590
2005 0.400 0.290 0.490 0.240 0.060 0.100 0.010 -0.050 -0.020 0.010 -0.210 -0.280
2006 -0.280 -0.190 0.090 0.460 0.640 0.760 0.690 0.800 0.850 0.650 0.740 0.510
2007 -0.180 -0.480 -0.470 -0.290 -0.230 -0.040 -0.100 -0.160 -0.350 -0.520 -0.540 -0.490
2008 -0.500 -0.300 0.210 0.480 0.600 0.650 0.500 0.170 -0.120 -0.110 -0.370 -0.650
2009 -0.320 0.000 0.240 0.590 0.790 1.010 0.930 0.720 0.640 0.700 1.000 0.960
2010 0.660 0.600 0.410 -0.060 -0.660 -0.830 -0.800 -0.880 -0.920 -0.890 -0.760 -0.670
2011 -0.350 0.300 0.720 0.890 0.740 0.520 0.250 -0.070 -0.370 -0.510 -0.360 -0.400
2012 -0.280 0.160 0.400 0.670 0.670 0.710 0.730 0.690 0.400 0.310 0.150 -0.110
2013 -0.240 -0.050 0.130 0.180 0.150 0.310 0.340 0.300 0.400 0.370 0.450 0.330
2014 0.180 0.430 0.930 1.000 0.740 0.310 0.050 0.360 0.550 0.510 0.620 0.500
2015 0.280 0.540 0.850 1.050 1.030 0.870 0.920 0.990 1.040 1.040 0.920 0.580
2016 0.440 -0.040 -0.520 -0.920 -1.030 -0.860 -0.630 -0.500 -0.480 -0.590 -0.350 -0.060
2017 0.180 0.360 0.430 0.340 0.370 0.210 0.130 -0.190 -0.450 -0.540 -0.410 -0.310
2018 0.010 0.290 0.460 0.580 0.720 0.770 0.740 0.750 0.880 1.080 0.970 0.710
2019 0.530 0.590 0.700 0.210 0.010 -0.080 -0.110 -0.140 0.070 0.380 0.340 0.370
2020 0.330 0.320 0.100 -0.200 -0.510 -0.350 -0.120 -0.290 -0.350 -0.490 -0.440 -0.300
2021 -0.210 0.060 0.540 0.670 0.580 0.330 -0.090 -0.300 -0.560 -0.690 -0.510 -0.370
