1951 2025
1951 -0.429 -0.625 -0.064 0.091 0.378 0.342 -0.473 0.055 0.223 -0.006 -0.017 -0.471
1952 -0.537 0.179 -0.204 0.116 0.092 0.195 -0.434 0.139 0.414 0.274 0.304 0.064
1953 0.042 0.237 -0.226 0.313 0.506 -0.218 0.003 -0.207 -0.219 0.388 0.387 0.052
1954 -0.631 -0.396 -0.452 -0.730 0.537 0.429 -0.591 0.327 0.004 0.019 0.372 -0.479
1955 0.064 -0.500 -0.531 -0.299 -0.063 0.272 -0.954 -0.314 0.245 -0.148 -0.337 -0.758
1956 -0.446 -0.513 -0.458 0.046 -0.336 0.039 -0.667 0.122 0.154 -0.634 0.279 -0.268
1957 -0.807 -0.325 0.201 -0.233 0.522 0.438 -0.578 -0.208 0.061 0.084 0.101 -0.341
1958 0.337 0.223 0.152 0.053 0.188 0.724 -0.454 0.801 -0.325 -0.050 0.013 0.110
1959 -0.128 -0.534 -0.171 -0.162 0.061 0.415 -0.790 0.648 0.436 -0.085 0.152 0.034
1960 0.119 0.289 -0.402 -0.150 0.413 0.538 -0.413 0.976 0.166 -0.117 -0.127 0.179
1961 0.263 -0.101 0.099 -0.304 -0.202 0.533 -0.908 0.224 0.298 -0.569 -0.225 -0.643
1962 -0.314 0.014 0.051 -0.829 -0.344 0.290 -0.704 0.363 -0.398 0.132 0.160 -0.309
1963 0.042 0.357 -0.726 -0.453 -0.256 0.469 -0.934 -0.012 0.235 0.031 -0.214 0.199
1964 -0.442 0.091 -0.654 -0.655 -0.932 0.449 -0.645 0.777 0.424 0.084 -0.282 -0.813
1965 -0.268 -0.272 -0.114 -0.678 -0.235 0.715 -0.937 0.347 0.455 0.154 -0.162 -0.439
1966 0.029 -0.332 0.091 -0.156 -0.465 0.037 -0.840 0.627 0.295 -0.336 -0.443 -0.191
1967 -0.353 -0.270 -0.631 -0.885 -0.156 0.244 -0.590 -0.236 0.031 0.117 -0.098 -0.474
1968 -0.433 0.263 0.043 -0.342 0.050 0.324 -0.423 0.437 -0.270 -0.116 0.206 -0.672
1969 -0.725 -0.266 0.092 -0.013 0.290 0.667 -0.089 0.065 0.298 0.147 0.026 0.306
1970 0.055 0.313 0.299 -0.206 -0.272 0.011 -0.365 0.012 -0.141 -0.383 -0.340 -0.478
1971 -0.608 -0.249 -0.090 0.014 0.145 0.532 -1.023 -0.473 0.096 -0.470 -0.178 -0.648
1972 -0.940 -0.756 -0.197 -0.823 0.028 0.134 -0.783 -0.118 0.332 -0.374 0.178 -0.380
1973 -0.474 0.091 0.086 0.294 0.070 0.325 -0.483 -0.295 -0.168 -0.332 -0.452 -0.031
1974 -0.675 -0.414 -0.514 -0.377 -0.021 0.004 -0.630 0.372 0.410 0.043 0.152 -0.160
1975 -0.495 -0.219 -0.270 -0.206 0.199 0.382 -0.865 -0.370 -0.107 -0.374 -0.229 -0.382
1976 -0.073 -0.717 -0.603 0.000 0.093 0.039 -0.587 -0.600 0.140 0.091 0.456 -0.124
1977 0.458 0.451 -0.156 -0.350 -0.015 0.323 -0.514 0.840 -0.275 0.307 -0.036 -0.332
1978 0.080 0.580 -0.109 0.062 -0.110 -0.172 -0.663 0.026 0.464 0.037 -0.265 -0.165
1979 -0.151 -0.618 0.124 0.126 0.296 -0.471 0.225 0.373 0.560 0.439 0.228 -0.245
1980 -0.174 0.452 -0.139 0.433 0.218 -0.308 -0.070 -0.655 -0.167 0.669 0.285 -0.218
1981 0.636 0.032 0.489 -0.124 0.228 0.167 -0.194 -0.424 0.088 -0.163 0.324 -0.016
1982 -0.358 -0.369 -0.536 -0.709 -0.066 0.456 -0.181 0.087 0.032 -0.199 -0.122 0.091
1983 0.204 0.327 0.510 0.170 0.094 0.132 0.115 -0.039 -0.529 0.090 0.344 -0.138
1984 0.103 0.055 0.227 0.256 -0.015 -0.009 -0.858 -0.279 0.187 -0.090 0.098 -0.686
1985 0.484 -0.427 -0.459 -0.479 0.003 0.379 -0.265 0.039 -0.105 -0.402 -0.398 0.399
1986 0.259 0.166 -0.195 -0.228 0.031 0.146 -0.001 -0.248 -0.110 0.352 -0.147 0.303
1987 0.233 0.229 0.165 0.379 -0.329 0.301 -0.127 0.347 -0.923 0.339 0.336 0.302
1988 -0.016 0.217 0.180 0.280 0.507 0.226 0.469 -0.108 -0.637 0.088 -0.051 0.039
1989 -0.676 -0.321 -0.528 -0.262 -0.176 -0.176 -0.064 0.021 0.060 -0.175 -0.242 0.062
1990 -0.277 -0.741 0.077 -0.636 -0.131 -0.356 -0.194 0.657 0.154 -0.210 -0.514 -0.498
1991 -0.132 0.107 -0.354 -0.178 -0.252 -0.293 0.133 -0.356 0.498 -0.534 0.044 -0.122
1992 0.061 -0.046 0.178 -0.115 -0.382 0.391 -0.173 -0.410 -0.308 -0.086 0.273 -0.517
1993 -0.520 0.184 0.090 0.202 0.780 0.146 0.012 0.181 -0.062 0.000 -0.058 0.203
1994 -0.007 -0.470 0.034 -0.105 -0.015 -0.396 -0.258 -0.664 -0.697 -0.153 -0.499 0.144
1995 0.242 0.161 -0.031 0.440 0.170 0.217 -0.441 -0.156 0.580 -0.052 -0.234 0.007
1996 -0.424 -0.025 -0.232 0.322 -0.051 -0.387 -0.020 -0.358 0.018 -0.208 -0.029 -0.424
1997 -0.128 -0.011 -0.317 -0.165 0.364 0.329 0.013 -0.520 0.096 -0.223 0.207 0.109
1998 0.167 0.318 0.266 0.490 -0.490 -0.088 0.519 -0.042 0.236 0.264 0.285 0.091
1999 -0.119 0.241 0.058 0.085 0.111 -0.056 -0.355 0.713 0.063 0.170 0.073 0.081
2000 -0.421 0.228 0.415 -0.034 -0.245 -0.265 -0.618 -0.030 -0.446 0.170 0.277 0.341
2001 0.295 -0.117 0.167 -0.318 -0.145 -0.399 -0.024 -0.033 0.167 0.022 0.185 0.095
2002 -0.194 0.049 -0.242 -0.927 -0.049 -0.180 0.295 0.236 0.110 -0.101 0.429 0.331
2003 0.473 -0.144 -0.203 0.057 -0.499 -0.077 0.343 -0.280 -0.079 0.320 -0.386 0.173
2004 0.064 0.286 -0.070 0.384 -0.189 -0.079 -0.194 0.320 -0.087 -0.363 -0.008 -0.088
2005 -0.090 -0.004 0.235 0.294 0.529 0.138 0.310 0.210 0.183 0.204 -0.154 0.312
2006 -0.129 0.083 0.017 0.264 -0.153 -0.424 0.442 -0.470 -0.049 -0.069 -0.358 0.468
2007 0.228 -0.063 -0.142 0.306 -0.142 0.083 0.339 0.597 0.428 0.120 0.165 -0.003
2008 -0.430 0.020 -0.095 -0.045 0.522 -0.383 -0.093 0.334 0.434 0.264 0.267 -0.472
2009 0.082 -0.226 -0.294 -0.222 -0.271 0.369 0.342 0.249 0.307 0.151 0.105 0.023
2010 0.390 0.261 0.590 0.618 0.263 0.091 0.727 0.426 0.392 0.478 -0.212 -0.610
2011 0.235 -0.705 0.089 -0.696 0.226 0.097 -0.186 0.804 -0.196 0.174 -0.302 0.095
2012 -0.091 0.136 -0.107 0.099 0.013 -0.117 0.046 0.128 0.087 -0.277 -0.306 -0.300
2013 0.090 0.008 0.191 -0.399 -0.071 -0.422 -0.083 -0.314 0.355 0.004 -0.371 -0.254
2014 0.174 -0.425 -0.096 -0.139 -0.230 -0.201 0.456 0.533 0.104 0.275 0.152 0.259
2015 0.122 0.075 -0.167 0.117 -0.184 -0.254 0.369 0.387 -0.337 0.510 -0.069 0.293
2016 0.718 0.595 0.165 0.547 -0.013 -0.661 0.683 -0.466 -0.058 0.452 0.446 0.008
2017 -0.049 -0.094 -0.078 0.229 0.025 -0.132 0.609 -0.222 0.030 0.073 -0.431 0.417
2018 0.158 -0.458 -0.211 -0.114 -0.302 -0.072 0.318 0.177 0.302 0.215 0.074 0.232
2019 0.183 -0.261 0.147 -0.042 0.431 0.055 0.411 0.372 0.440 -0.220 0.042 0.075
2020 -0.246 -0.013 -0.649 -0.311 0.151 -0.008 0.532 0.654 0.116 -0.064 0.031 0.351
2021 0.232 -0.216 -0.350 -0.117 -0.138 -0.141 0.528 0.248 0.131 0.238 0.096 -0.549
2022 0.106 0.092 -0.053 0.146 -0.417 -0.130 0.685 0.157 0.194 0.132 -0.082 -0.126
2023 0.081 -0.278 -0.402 -0.042 -0.569 -0.040 0.909 0.207 0.091 0.388 0.175 0.525
2024 0.227 -0.003 0.047 -0.061 -0.336 -0.048 0.968 -0.397 0.253 0.244 -0.033 0.537
2025 0.371 0.226 0.012 0.048 -0.316 -0.545 0.473 0.028 0.071 0.381 0.207 -0.414
