1951 2025
1951 5997.545 6096.289 3499.470 2746.351 2316.105 2260.990 2741.321 2451.882 3228.396 4911.451 5107.354 6980.679
1952 5441.559 5421.196 4625.679 3014.842 1794.029 2505.733 2352.059 2667.046 3149.492 5020.785 3927.687 4029.887
1953 5403.760 5976.581 4926.461 2136.789 2683.922 2944.433 2323.698 2518.419 3568.258 4738.328 4685.438 6774.696
1954 5969.098 6245.860 5423.169 4110.358 1992.746 2367.469 1924.305 2281.163 3345.338 5028.954 5204.470 5697.469
1955 4870.369 5537.986 5591.867 3131.022 2825.577 2034.169 2745.026 2964.321 3693.399 3651.327 4698.732 5788.528
1956 3898.238 6445.415 6191.312 3093.217 3907.186 2238.674 2154.941 2743.814 3732.396 4816.180 4827.729 6589.916
1957 7562.570 5898.037 4265.258 3499.065 2763.282 2706.343 1979.929 2576.024 2998.512 4477.258 4978.685 5567.527
1958 3883.851 5139.318 3316.144 3308.948 2437.238 2767.089 2323.372 2577.045 3920.346 4619.976 5767.113 5588.318
1959 4629.228 8049.370 6352.630 3382.924 2849.158 2676.925 2395.862 2635.494 3717.703 5361.661 4948.429 5193.403
1960 4861.665 4302.848 5704.084 3546.018 2227.955 2409.966 2348.583 2303.293 3651.414 4184.656 5448.734 5640.746
1961 5822.633 6673.996 5455.569 3411.575 2747.987 2819.964 1992.155 2940.600 3956.673 4456.765 4497.487 5101.164
1962 6603.699 6253.998 3338.319 3946.951 2807.178 2586.649 1785.458 2688.929 3630.541 4487.102 4669.496 5563.753
1963 5370.309 5766.456 6306.702 3164.905 3432.448 2651.544 2111.756 2641.158 3861.256 4921.192 4632.219 5448.178
1964 5837.018 6736.357 6758.220 3602.606 3141.422 3328.559 2549.778 2280.276 3702.311 4839.138 4892.167 5584.242
1965 5686.071 5845.078 5005.674 3756.732 2805.718 2794.235 2429.183 3104.413 4047.824 5148.993 4212.744 5649.126
1966 5006.446 5855.662 4375.864 3500.354 2954.694 3031.416 2300.540 2168.336 3336.417 4644.068 5066.357 4939.425
1967 5192.245 7856.123 6316.551 4106.378 2870.045 3015.325 2310.838 2865.374 3345.517 4738.276 5661.129 4663.192
1968 5204.786 5586.366 5071.132 3264.952 2630.522 2946.444 2390.451 2895.755 2641.254 3959.974 5266.663 5296.173
1969 4107.805 4214.782 5156.340 3719.742 3115.756 3258.157 2703.580 2302.484 3713.110 5053.476 4233.312 4161.347
1970 5874.821 5948.600 4193.482 3701.012 3196.412 3032.164 2351.921 2536.125 3771.103 3687.566 4667.744 5801.027
1971 6214.263 6211.626 4790.427 2743.612 3024.863 2083.101 2470.918 3026.280 3724.483 4672.028 4677.431 6760.842
1972 7426.247 7593.637 5472.255 3840.464 3018.874 2890.454 2391.380 3004.346 3958.024 5190.284 5142.549 7134.811
1973 5935.202 6045.848 4997.446 2610.094 2340.520 2434.782 2265.524 2335.193 3552.645 4219.336 4529.833 4850.858
1974 7354.180 6678.982 6781.717 3988.072 3134.619 2709.725 2148.186 2681.528 4442.280 4500.554 4843.921 5977.747
1975 6922.422 7000.139 5763.395 2884.438 2449.139 2136.363 2611.020 2740.295 3764.725 4749.809 5114.738 5821.611
1976 5704.835 7820.726 6790.848 2933.458 2759.833 3040.448 2178.948 2989.289 2988.447 5380.146 5590.075 6022.358
1977 4723.361 5949.767 4817.512 3298.823 2367.647 2282.960 2422.648 2895.882 3790.254 4742.718 4859.297 6111.664
1978 5488.221 4696.938 6365.554 3131.038 2999.591 3254.834 2211.794 2998.774 3574.188 5393.915 6304.875 5412.151
1979 4477.182 7143.793 4504.390 2298.825 2209.169 2887.567 2115.964 2953.874 3580.804 4637.319 4728.783 6036.846
1980 4925.312 5851.768 5053.103 3054.997 2252.066 2628.284 2512.430 2437.656 4055.365 4120.031 4942.110 5882.007
1981 4435.646 5615.508 4483.288 3402.365 2730.207 2634.519 2352.432 2571.880 2836.812 3970.576 4424.065 4770.642
1982 6037.157 7169.875 6183.797 4204.180 2252.986 2343.381 2501.495 2961.742 3832.615 4529.788 5735.723 6002.709
1983 5634.204 5440.262 4787.453 2564.700 2846.103 2657.837 2309.957 2939.905 3389.036 4651.864 4197.784 6441.242
1984 6477.295 5587.680 4705.907 2688.385 2818.472 2383.097 2224.683 2848.644 3929.502 4733.974 5103.333 7010.207
1985 5084.736 6225.847 5710.327 3849.500 2734.853 2463.742 2671.890 2566.293 3299.811 5150.548 4955.626 5587.981
1986 5525.404 5674.573 6670.046 2623.481 2416.900 3427.902 2530.350 2695.851 3208.286 5592.947 6171.127 5905.358
1987 5321.311 5461.877 4209.278 3267.366 3017.653 2251.233 2319.802 2820.833 3273.980 4632.854 4745.035 4843.679
1988 6240.563 6271.632 4628.931 2592.305 2514.786 2631.807 2090.350 2903.637 3376.298 4342.842 5055.188 6378.358
1989 6813.076 7404.258 6740.768 3393.063 2911.331 2223.891 2294.180 2614.835 3896.015 4670.429 5887.491 6378.873
1990 6393.707 8026.777 5535.011 3853.066 2854.222 2758.989 2469.492 2534.875 3613.758 5160.312 4935.294 6489.399
1991 7028.316 6418.533 5175.917 2944.239 2533.495 2367.771 2326.625 2935.313 3283.691 4393.774 4867.413 6342.491
1992 5743.173 6741.044 4994.109 3709.647 3585.619 2629.441 2910.280 2973.949 3711.638 3876.965 5265.060 6232.230
1993 6690.905 6031.000 5510.985 3192.189 1881.117 2653.760 1769.995 2459.627 4046.460 4530.732 6562.788 5395.320
1994 5884.511 7102.289 5775.229 3340.881 2439.933 3087.773 2467.628 2707.654 3104.949 3948.326 5590.482 5194.596
1995 4695.123 7167.348 4674.333 2255.258 2448.770 2245.935 2509.953 2859.328 3491.365 4620.307 4457.903 5209.292
1996 6186.421 5615.957 5066.754 2653.623 2899.295 2646.452 2366.704 2862.245 2927.737 4578.818 4050.363 4798.040
1997 5757.489 7035.574 6061.157 3200.480 2800.628 2152.309 2295.951 2981.371 3245.695 4183.717 4860.903 5641.241
1998 4677.252 5074.565 4635.772 2288.688 2053.345 1544.337 1940.321 2465.897 2895.623 4020.738 4342.156 6249.439
1999 5731.927 5076.986 3612.178 2493.321 2530.426 2806.971 2509.104 2639.496 3217.147 5096.556 4694.432 5381.807
2000 5526.044 6416.466 4249.980 3039.822 3093.811 2862.896 1811.088 2344.796 3917.660 4507.070 4043.108 5236.146
2001 5395.289 6289.722 4345.738 3164.714 2208.765 2337.646 2112.692 2636.420 2776.852 4823.910 4522.566 4258.939
2002 6338.171 6455.541 5716.712 3901.534 3149.381 2613.326 2322.848 2469.509 3196.229 4476.073 5194.382 5215.417
2003 5046.083 7430.243 5869.360 3228.098 2512.370 2721.904 2147.411 2172.077 2860.517 3775.359 5237.226 4531.756
2004 5590.032 5246.174 5288.194 2996.956 2931.266 2544.606 2480.881 2476.357 3439.564 3747.335 4587.548 6168.330
2005 5280.650 4748.070 4597.267 2255.366 1749.284 2518.641 2127.611 2528.271 3325.526 3729.089 4508.492 4976.977
2006 5308.184 5571.092 3387.703 2655.182 1796.383 2425.217 2293.216 2319.615 2842.478 3796.195 4791.966 5620.786
2007 5411.158 5964.082 5344.400 2897.011 2900.964 1886.945 1928.619 2385.470 3452.652 4168.766 4889.322 6165.110
2008 5650.139 6600.203 5375.318 2595.099 2097.461 2025.182 2009.365 2226.873 3470.626 4185.838 3930.305 6311.118
2009 5890.268 5228.785 4713.593 2975.943 3648.726 2195.894 1661.245 2521.929 3199.753 4552.885 4651.471 4299.935
2010 4049.025 3996.417 3881.396 2006.074 2084.167 2454.457 2125.895 1870.717 3106.365 4155.107 3774.238 3205.835
2011 4766.369 7649.919 5137.619 5415.261 2257.640 1797.772 2075.154 2104.825 3612.381 4370.276 5555.302 6233.329
2012 5639.658 5630.675 5020.452 2445.426 1976.036 1521.536 1753.249 2175.092 2902.608 3811.095 4512.772 4669.116
2013 5824.191 5687.782 3442.849 3410.743 2489.439 2470.583 2262.604 2665.533 2968.115 4215.693 5440.845 6823.365
2014 5737.033 6943.252 6164.049 3570.938 2211.476 1999.422 1839.295 1957.049 3821.047 3662.096 5384.695 4737.683
2015 6001.842 6983.998 6092.594 3557.507 2901.932 2459.966 1663.370 2199.670 3239.826 4645.295 4927.814 5616.889
2016 4741.636 5679.009 4962.956 2504.654 2081.927 2065.637 1779.906 2032.266 3272.638 4098.848 3650.643 6289.517
2017 4953.671 6263.832 5287.792 3061.836 1885.638 2646.200 2632.536 2122.049 2957.267 4208.451 4812.093 5376.631
2018 4844.153 7350.184 3930.865 3682.584 3830.320 2585.897 2234.055 2889.906 3909.865 4856.346 4825.040 5086.589
2019 5089.760 6329.847 5391.235 3456.016 2116.677 1762.908 1948.472 2117.190 2855.835 3845.877 4862.608 5559.517
2020 5562.665 7175.713 5617.400 3538.836 2641.079 1870.005 1632.989 2281.189 3796.368 4503.589 5474.312 4339.909
2021 3596.608 6007.463 4957.540 2180.188 2573.163 2519.824 2090.242 2270.751 2850.897 2783.139 4190.423 5837.748
2022 5758.843 7043.041 5521.321 2821.939 2677.629 2040.540 2021.444 2301.450 2338.575 3981.315 5146.924 3839.834
2023 4715.666 7249.756 4313.109 2671.524 2555.994 1965.776 1264.521 2108.298 2431.452 3741.918 4812.604 4347.773
2024 4940.787 5537.240 4202.521 2378.897 2220.503 2359.150 2441.135 2293.696 1939.185 4043.599 3811.167 4617.385
2025 5240.671 6453.773 5078.711 2980.376 2590.069 2727.284 2500.372 2208.182 2589.460 3283.481 4161.921 6098.022
