1951 2025
1951 1.056 1.138 1.131 0.581 0.261 0.568 -0.387 0.492 -0.347 -0.193 -0.244 0.970
1952 1.772 1.012 1.304 1.034 1.466 0.939 0.858 0.572 0.158 0.249 -0.069 0.346
1953 0.172 0.198 0.518 0.163 0.121 -0.194 -0.707 0.460 0.367 0.611 -0.142 -0.435
1954 0.319 0.414 0.567 0.760 0.289 -0.751 0.522 0.042 0.657 -0.469 -1.104 -0.293
1955 -0.235 0.593 0.790 1.187 0.456 0.747 1.278 1.560 1.431 1.924 1.062 0.753
1956 1.700 1.767 2.177 1.751 1.217 1.479 1.476 1.183 -0.170 1.085 1.139 0.694
1957 1.089 1.314 0.975 0.773 0.596 -0.465 -0.176 -0.181 -1.474 -1.185 -1.443 -0.137
1958 -0.149 -0.040 0.217 -0.085 -0.455 -0.716 -0.124 -0.514 -0.881 -0.225 -0.334 -0.536
1959 -0.033 0.225 0.204 0.315 0.084 -0.146 0.250 0.349 0.496 -1.301 -1.567 -1.192
1960 -0.595 -0.499 -0.278 -0.200 -0.561 -1.090 0.096 -0.426 0.033 -0.001 -0.730 -0.222
1961 -0.586 -0.487 -0.584 -0.219 0.121 0.746 0.912 0.659 0.467 1.121 0.409 0.886
1962 0.647 0.721 0.727 0.620 0.727 1.134 1.376 0.714 1.056 1.249 0.072 0.106
1963 0.327 0.839 0.739 0.937 1.684 0.772 1.445 1.126 -0.441 0.322 0.395 -0.174
1964 -0.156 -0.241 0.128 0.350 1.203 0.598 0.786 1.140 0.311 0.218 0.260 0.304
1965 0.598 0.194 0.121 0.178 0.227 -0.344 -0.221 -0.734 -0.972 -0.420 -0.133 0.142
1966 0.591 0.178 0.629 0.378 0.640 0.175 -0.288 -0.260 -0.239 -0.004 0.089 0.347
1967 0.353 0.144 0.770 0.940 1.516 1.185 1.168 1.661 1.067 0.133 -0.078 0.484
1968 0.615 0.732 0.551 0.722 0.700 0.029 -0.261 -0.473 -0.543 -0.017 -0.412 -0.146
1969 0.720 0.869 0.568 0.839 0.696 -0.256 0.027 0.575 0.454 -1.177 -1.034 -0.811
1970 -0.683 -0.443 -0.640 -0.271 0.139 -0.317 0.387 1.191 0.547 0.422 0.817 1.252
1971 0.934 0.993 0.822 0.858 0.397 0.297 1.209 0.082 -0.120 -0.520 -0.014 0.446
1972 0.552 0.681 0.829 1.093 1.199 1.325 0.780 -0.118 -0.222 -0.475 -0.571 -0.007
1973 -0.187 0.110 0.190 0.201 0.484 0.350 0.259 0.098 -0.297 0.139 0.397 0.641
1974 0.819 0.993 0.893 0.486 0.242 -0.093 -0.218 -0.424 -0.622 -0.703 -0.979 -0.544
1975 -0.119 0.061 0.264 0.420 0.495 -0.194 -0.656 -0.453 -0.221 -0.059 -0.099 0.197
1976 0.230 0.312 0.438 0.348 0.118 0.375 -0.642 -1.506 -0.909 -1.117 -1.188 -0.857
1977 -0.720 -0.835 -0.638 -0.240 -0.018 -0.293 -0.661 -0.237 0.409 0.551 -0.437 -0.291
1978 -0.046 -0.361 -0.568 -0.411 -0.671 0.097 0.795 0.228 0.476 -0.202 -0.236 0.015
1979 0.080 0.535 0.250 0.108 -0.546 -0.123 -0.003 -0.023 -0.487 -1.050 -0.480 0.189
1980 0.562 0.194 0.060 -0.423 -0.525 0.363 0.333 0.238 -0.115 -1.250 -0.860 -0.502
1981 -0.153 -0.220 -0.471 -0.627 -0.612 -1.193 -0.915 -0.050 -0.172 0.442 0.055 -0.092
1982 0.280 0.590 0.648 0.956 0.796 0.687 -0.670 -0.493 -0.833 -0.450 0.347 0.058
1983 0.062 -0.301 -0.696 -0.737 -0.609 -1.203 -1.847 -0.568 -0.323 -0.593 -0.822 -0.942
1984 -0.395 -0.221 -0.427 -0.599 -0.913 -0.498 -0.739 -0.773 -0.067 -0.431 -0.608 -0.496
1985 -0.482 -0.285 -0.113 -0.140 0.091 -0.409 -0.048 -0.463 -0.221 -0.553 0.222 -0.189
1986 -0.416 -0.663 -0.474 -0.463 -0.249 -0.053 -0.694 -0.015 -0.660 -1.043 -1.340 -1.114
1987 -1.064 -1.219 -1.048 -1.229 -0.391 0.154 -1.771 -2.104 -1.477 -0.349 -0.502 -0.749
1988 -0.434 -0.661 -0.705 -0.679 -0.470 -0.799 -0.364 -0.051 -0.336 -0.179 0.028 -0.017
1989 0.348 0.521 0.630 0.337 0.396 0.310 0.039 0.313 0.091 0.391 0.609 0.386
1990 0.522 0.557 0.701 0.320 0.574 0.571 0.944 0.833 0.397 0.711 1.276 1.768
1991 1.642 1.331 1.176 1.049 0.680 1.157 0.958 0.128 -0.914 -0.736 -0.668 -0.179
1992 -0.190 0.250 0.220 0.162 0.139 -0.181 -0.514 -0.517 -0.277 -0.407 -0.656 -0.284
1993 0.360 0.264 0.131 -0.411 -0.946 -0.915 -1.200 -1.563 -1.581 -1.096 -0.715 -0.370
1994 -0.335 0.101 0.253 -0.085 -0.211 0.386 1.098 0.654 1.157 0.490 1.036 1.140
1995 0.254 -0.054 0.043 -0.148 -0.335 -0.811 -1.164 -0.272 -0.721 -0.718 -0.313 -0.023
1996 -0.239 0.066 0.034 -0.351 -0.639 -0.288 -0.259 0.688 -0.134 -0.635 -0.395 0.083
1997 -0.177 -0.124 -0.321 -0.516 -0.524 -1.134 -0.556 -1.314 -0.609 -1.221 -0.904 -0.377
1998 -0.644 -0.761 -0.754 -0.428 0.182 -0.068 0.642 0.653 0.781 1.258 -0.267 -0.122
1999 -0.159 0.008 0.074 0.292 0.517 0.485 0.449 0.531 0.128 0.692 0.951 0.771
2000 0.914 0.537 -0.120 0.198 0.138 0.004 0.675 1.000 0.605 0.166 -0.666 -0.823
2001 -0.927 -0.501 -0.493 0.253 0.013 0.316 1.191 1.026 1.141 0.841 0.478 0.341
2002 0.152 0.492 0.363 0.450 0.811 0.354 0.326 -0.411 -0.102 -0.491 -0.953 -1.024
2003 -0.871 -0.591 -0.481 -0.060 0.083 0.427 0.620 0.210 0.305 -0.528 0.070 0.601
2004 0.627 0.163 0.099 0.104 0.127 0.865 0.859 0.236 0.260 0.596 0.623 0.020
2005 0.158 0.047 -0.226 -0.095 -0.398 -0.584 0.207 0.160 0.821 0.963 0.864 -0.040
2006 -0.299 -0.432 0.337 0.606 0.613 0.610 0.314 0.783 1.256 0.159 0.459 0.050
2007 -0.002 0.004 0.225 -0.123 -0.141 -0.179 0.034 -0.139 0.378 1.374 0.156 -0.253
2008 0.414 0.199 0.002 0.557 0.262 0.883 1.261 1.094 0.659 0.971 0.580 0.407
2009 0.878 0.783 1.123 1.179 0.945 0.858 0.482 -0.082 -0.391 -0.234 0.388 0.175
2010 0.177 0.119 0.271 0.231 0.071 0.249 0.639 0.508 0.838 0.615 0.668 1.293
2011 1.667 1.259 1.136 0.920 0.764 0.605 1.476 1.496 1.244 1.352 1.765 1.448
2012 1.078 0.819 0.979 0.784 1.269 0.863 1.558 1.537 1.534 0.270 0.257 1.566
2013 0.933 0.709 0.714 0.407 0.555 0.888 1.218 0.996 0.960 1.268 0.963 0.996
2014 1.014 0.981 0.458 0.225 0.130 0.862 0.202 0.139 0.004 -0.368 -0.428 -0.468
2015 -0.061 0.204 0.400 0.348 0.147 0.290 -0.275 -0.113 0.220 0.985 0.688 0.142
2016 -0.266 -0.623 -0.882 -0.933 -1.041 0.177 0.555 1.055 0.603 0.257 -0.523 -0.410
2017 0.059 0.088 0.216 -0.057 -0.283 -0.021 0.392 0.395 0.327 0.794 1.002 0.964
2018 0.561 0.924 1.080 1.050 0.855 1.181 0.872 1.065 0.962 0.982 0.742 0.417
2019 0.532 0.698 0.518 0.328 0.177 0.281 -0.273 0.197 0.411 0.724 0.287 0.235
2020 1.106 0.856 1.023 1.070 0.968 0.688 0.963 1.538 1.234 0.928 1.383 0.695
2021 0.302 0.524 0.997 1.331 1.158 1.420 1.362 0.707 1.450 2.092 1.691 2.025
2022 1.979 1.528 1.059 1.277 1.151 1.072 2.059 2.377 2.412 2.183 1.987 1.833
2023 1.209 1.191 1.725 2.123 2.017 1.766 1.729 1.933 2.055 1.785 1.538 1.769
2024 1.740 1.502 1.657 1.819 2.462 2.376 2.255 2.307 3.007 3.047 2.105 1.659
2025 1.136 1.372 1.253 1.633 1.625 2.220 3.222 2.630 2.281 2.179 1.411 1.115
