1951 2025
1951 -1.171 -1.104 -0.958 -0.869 -0.787 -0.707 -0.423 -0.230 -0.084 -0.297 -0.509 -0.422
1952 -0.289 -0.299 -0.429 -0.602 -0.625 -0.399 -0.483 -0.494 -0.463 -0.519 -0.449 -0.447
1953 -0.585 -0.710 -0.657 -0.794 -0.526 -0.462 -0.415 -0.414 -0.333 -0.294 -0.509 -0.850
1954 -0.857 -0.924 -0.894 -0.781 -0.974 -1.065 -1.252 -0.947 -0.700 -0.481 -0.489 -0.664
1955 -0.748 -0.884 -0.847 -0.843 -0.604 -0.640 -0.642 -0.740 -0.654 -0.661 -0.457 -0.856
1956 -0.733 -0.920 -0.951 -1.016 -0.626 -0.623 -0.639 -0.485 -0.432 -0.777 -0.743 -0.939
1957 -0.893 -0.516 -0.473 -0.513 -0.409 -0.309 -0.629 -0.582 -0.752 -0.832 -0.692 -0.627
1958 -0.680 -0.547 -0.863 -1.068 -1.481 -1.415 -0.888 -0.939 -0.935 -0.901 -0.749 -0.353
1959 -0.244 -0.328 -0.083 -0.032 -0.564 -0.665 -0.677 -0.513 -0.392 -0.310 -0.472 -0.646
1960 -0.704 -0.814 -0.433 -0.482 -0.388 -0.550 -0.363 -0.336 -0.386 -0.528 -0.403 -0.434
1961 -0.427 -0.492 -0.382 -0.505 -0.220 -0.488 -0.538 -0.411 -0.238 -0.278 -0.336 -0.431
1962 -0.266 -0.461 -0.358 -0.345 -0.153 -0.261 -0.476 -0.398 -0.326 -0.256 -0.203 -0.450
1963 -0.344 -0.222 -0.082 -0.025 0.255 0.186 0.156 0.205 0.122 0.073 0.202 0.370
1964 0.267 -0.054 0.064 -0.318 -0.513 -0.485 -0.498 -0.476 -0.836 -1.033 -0.887 -1.072
1965 -0.687 -0.219 -0.070 -0.148 -0.169 -0.504 -0.688 -0.499 -0.282 -0.439 -0.635 -0.576
1966 -0.475 -0.593 -0.657 -0.249 -0.223 0.141 -0.163 -0.459 -0.410 -0.463 -0.217 0.199
1967 -0.066 -0.017 -0.391 -0.416 -0.640 -1.088 -0.969 -0.778 -0.632 -1.022 -0.743 -0.448
1968 -0.377 -0.584 -0.562 -0.284 -0.318 -0.408 -0.218 -0.155 -0.062 0.059 0.133 0.022
1969 -0.169 0.196 0.097 0.007 -0.201 -0.550 -0.562 -0.436 -0.436 -0.467 -0.369 -0.490
1970 -0.608 -0.637 -0.613 -0.637 -0.579 -0.803 -0.602 -0.590 -0.511 -0.684 -0.503 -0.626
1971 -0.313 -0.248 -0.353 -0.109 0.048 -0.222 -0.593 -0.532 -0.389 -0.688 -0.959 -1.141
1972 -0.395 -0.264 -0.362 -0.337 -0.270 -0.182 -0.128 -0.021 -0.014 0.111 0.261 0.632
1973 0.649 0.499 0.393 0.466 0.623 0.482 0.383 0.282 0.491 0.330 0.304 0.141
1974 0.082 -0.175 -0.114 0.122 0.363 0.078 0.269 0.126 -0.098 -0.154 0.006 -0.256
1975 -0.395 -0.425 -0.356 -0.381 -0.213 0.020 -0.155 -0.285 -0.410 -0.463 -0.500 -0.639
1976 -0.685 -0.584 -0.760 -0.972 -0.840 -1.021 -0.943 -0.674 -0.571 -0.518 -0.596 -0.589
1977 -0.460 -0.141 -0.278 -0.298 -0.327 -0.366 -0.337 -0.291 -0.204 -0.319 -0.350 -0.502
1978 -0.450 -0.536 -0.760 -1.036 -0.860 -0.638 -0.373 -0.430 -0.667 -0.725 -0.543 -0.335
1979 -0.215 -0.378 -0.473 -0.266 -0.118 -0.163 -0.118 -0.087 0.101 -0.155 -0.094 -0.200
1980 -0.356 -0.518 -0.418 -0.274 -0.362 -0.479 -0.312 -0.209 -0.057 -0.319 -0.328 -0.824
1981 -0.417 -0.707 -0.958 -0.625 -0.644 -0.519 -0.399 -0.369 -0.037 0.178 0.196 -0.058
1982 -0.265 -0.310 -0.400 -0.458 -0.646 -0.525 -0.518 -0.779 -0.475 -0.347 -0.412 -0.427
1983 0.155 0.172 -0.314 -0.334 -0.651 -0.617 -0.554 -0.263 -0.164 -0.316 -0.048 0.121
1984 0.356 0.440 0.499 0.281 0.060 0.358 0.372 0.673 0.777 0.365 0.125 0.107
1985 0.181 0.277 -0.044 -0.056 0.015 -0.127 0.042 0.022 0.108 0.161 0.102 0.064
1986 -0.060 0.210 0.154 -0.118 0.021 0.235 0.045 0.052 0.139 -0.071 -0.250 -0.205
1987 -0.288 -0.074 -0.060 -0.022 0.167 0.315 0.321 0.254 -0.004 0.356 0.583 0.162
1988 0.363 0.308 0.566 0.264 0.531 0.426 0.360 0.524 0.128 0.185 0.074 0.262
1989 0.476 0.125 0.162 0.084 0.167 0.194 0.151 0.382 0.303 0.156 -0.084 -0.462
1990 -0.536 -0.168 -0.010 0.292 -0.178 0.093 -0.173 -0.307 -0.196 0.028 0.105 0.151
1991 -0.066 -0.125 -0.070 0.160 0.208 0.256 -0.067 -0.122 -0.241 -0.391 -0.449 -0.261
1992 -0.351 -0.419 -0.594 -0.670 -0.822 -0.948 -0.694 -0.805 -0.671 -0.682 -0.831 -0.614
1993 -0.452 -0.346 -0.257 0.030 -0.107 -0.204 -0.111 -0.152 0.372 0.476 0.633 0.389
1994 0.029 -0.229 0.004 -0.084 -0.077 -0.271 -0.503 -0.303 -0.362 -0.183 -0.002 0.008
1995 0.240 0.435 0.441 0.358 0.281 0.295 -0.022 -0.391 -0.376 -0.301 -0.161 -0.239
1996 -0.128 0.095 0.135 0.296 0.391 0.435 0.295 0.178 -0.080 -0.189 -0.306 -0.470
1997 -0.703 -0.765 -0.970 -0.972 -0.941 -0.915 -0.431 -0.236 -0.168 0.413 0.510 0.791
1998 0.554 0.455 0.258 0.182 0.243 0.379 0.461 0.166 -0.089 -0.247 0.047 -0.272
1999 -0.453 -0.537 -0.101 0.063 0.136 -0.107 0.314 0.286 -0.046 -0.113 0.043 0.268
2000 0.014 0.177 0.097 -0.175 -0.075 -0.051 -0.058 0.072 0.072 -0.026 -0.205 -0.241
2001 -0.106 -0.129 -0.109 0.139 0.320 0.274 0.045 -0.088 -0.158 -0.084 -0.121 -0.306
2002 -0.259 -0.257 -0.097 0.088 0.223 0.186 0.019 -0.157 -0.217 -0.078 -0.180 0.124
2003 0.340 0.460 0.459 0.205 0.059 -0.081 0.256 0.480 0.286 0.322 0.263 0.417
2004 0.271 0.007 -0.293 -0.481 -0.349 -0.242 -0.033 0.136 0.261 0.032 0.078 0.115
2005 0.141 0.182 0.280 -0.022 -0.380 -0.552 -0.458 -0.352 -0.294 -0.272 -0.250 -0.327
2006 -0.126 -0.019 0.071 0.149 0.195 0.270 0.265 0.165 0.201 0.065 0.042 0.119
2007 0.125 0.012 -0.184 -0.044 0.141 0.134 0.087 0.027 0.130 -0.072 -0.071 -0.037
2008 0.054 0.107 0.328 0.496 0.611 0.501 0.416 0.451 0.316 0.077 0.135 0.219
2009 0.269 0.123 0.294 0.425 0.584 0.291 0.266 0.148 0.239 0.236 0.219 0.476
2010 0.640 0.501 0.711 0.549 0.517 0.519 0.306 0.308 0.248 0.322 0.213 0.126
2011 0.237 0.437 0.504 0.422 0.227 -0.034 0.080 0.116 0.173 0.111 -0.156 -0.563
2012 -0.686 -0.713 -0.352 -0.352 -0.261 -0.299 -0.242 -0.183 -0.155 -0.229 -0.166 -0.018
2013 0.258 0.066 0.062 0.101 0.170 0.067 -0.029 0.117 -0.079 -0.119 -0.260 -0.148
2014 -0.024 0.116 0.131 0.243 0.398 0.279 -0.051 0.040 0.099 -0.128 -0.290 -0.253
2015 0.101 0.240 0.143 0.270 0.266 0.066 -0.149 -0.348 -0.162 0.060 0.263 0.492
2016 0.712 0.550 0.470 0.283 0.233 0.457 0.573 0.608 0.374 0.338 0.295 0.368
2017 0.355 0.059 0.185 0.330 0.375 0.439 0.329 0.570 0.375 0.289 0.161 0.009
2018 0.101 -0.125 -0.072 0.103 0.185 0.359 0.348 0.326 0.332 0.405 0.288 0.318
2019 0.342 0.492 0.743 0.506 0.512 0.410 0.309 0.116 0.347 0.266 0.816 0.884
2020 1.078 0.768 0.737 0.666 0.713 0.337 0.408 0.482 0.238 0.137 0.052 -0.186
2021 -0.086 -0.128 -0.076 0.173 0.551 0.736 0.880 0.910 0.642 0.558 0.465 0.172
2022 0.400 0.509 0.402 0.293 0.227 0.439 0.250 0.271 0.301 0.355 0.319 0.436
2023 0.640 0.339 0.236 0.362 0.585 0.379 0.379 0.365 0.254 0.108 0.756 1.259
2024 1.151 1.374 1.521 1.348 1.035 0.503 0.214 0.286 0.346 0.327 0.260 0.428
2025 0.462 0.516 0.341 0.276 0.394 0.209 0.050 0.163 0.242 0.039 -0.005 0.118
