1951 2025
1951 5656.318 6546.644 4777.473 2932.011 2934.324 2261.292 1206.468 2026.061 2011.684 4784.587 5903.673 5485.595
1952 5686.708 4911.846 5019.601 3663.194 2789.606 1788.676 1300.360 1656.299 2339.669 5250.391 5547.551 6064.850
1953 4707.322 5336.279 5404.364 2532.260 2152.070 1708.578 1107.993 1909.388 3147.240 4839.751 5159.235 5726.827
1954 5841.037 6015.732 5684.870 3083.909 3071.658 1567.722 1328.148 1721.867 3004.317 3948.571 5170.328 4219.911
1955 4837.291 5984.382 4989.730 3594.067 2432.365 1855.450 1815.620 2061.103 3111.568 4843.877 5570.065 6312.098
1956 5109.056 4553.798 5139.544 3895.065 3355.327 2068.170 1380.624 2021.857 3606.413 5126.384 3929.255 4225.035
1957 6006.993 4712.958 4975.728 3845.727 2828.023 1800.848 1796.971 1953.155 3180.518 5101.645 5614.916 6248.856
1958 4665.469 5504.909 5703.100 4185.478 3257.618 2489.377 1845.509 2247.202 3721.084 4965.264 5716.360 5510.638
1959 5126.754 6211.520 4943.789 3651.627 3099.408 1959.575 1854.645 1826.892 2958.878 5025.003 4928.610 5813.239
1960 4876.236 6755.349 5787.132 3678.759 2974.871 2460.627 1973.042 2544.284 3475.783 5654.341 5767.655 5173.495
1961 5263.850 6203.755 4621.506 3889.914 3659.050 2751.608 2168.824 2409.333 3803.390 5298.593 5371.928 5464.001
1962 5368.352 5728.383 4902.103 3625.127 3183.168 2686.865 1703.548 2476.392 3229.551 5221.548 5057.727 6248.417
1963 4491.805 5905.691 5657.090 4245.724 3815.197 2645.259 1975.984 2011.486 3938.113 4837.982 5465.647 6329.009
1964 5803.232 4846.502 5983.385 3930.822 3329.121 2621.117 1856.378 2149.550 3129.678 5227.978 5627.440 5236.886
1965 5248.224 5569.208 4862.274 3797.325 3439.209 2649.972 1531.426 2400.556 3073.455 5196.802 6030.016 5850.824
1966 5799.804 6820.318 5234.637 3397.629 3509.784 2486.514 1989.944 2142.022 3275.975 4892.743 5985.931 4322.582
1967 6358.278 6780.407 5086.330 3472.822 2722.919 2108.103 1300.994 2215.374 3599.025 4483.519 4852.625 5266.489
1968 4865.967 5056.631 5671.768 3392.910 2937.112 2503.935 1754.531 2145.634 3432.535 4995.509 6430.209 6954.792
1969 6358.887 7030.586 6159.467 4486.714 3673.846 2752.071 1118.866 1916.571 3419.172 5081.274 4990.995 5402.395
1970 5128.094 5681.521 4593.072 3850.993 3208.896 2692.087 1181.928 2517.011 2851.502 5073.849 6101.976 6404.528
1971 6152.282 5073.206 5215.759 3816.537 3312.183 2449.429 1628.523 2153.945 2899.437 5154.000 5174.934 5903.405
1972 6025.219 7011.073 5115.553 3451.417 3488.710 2269.556 1904.190 2603.162 3014.548 5269.718 5441.669 6400.021
1973 6504.065 6464.895 5065.003 3527.168 3047.742 2254.436 1802.407 1786.662 3243.804 5191.622 5682.663 6013.280
1974 4849.254 6202.436 5026.710 3787.153 2990.367 2409.669 1484.052 2032.377 3099.140 5389.062 6263.732 5231.914
1975 5331.589 6231.896 5192.350 3019.405 2797.346 1877.838 1778.651 2585.728 3246.265 5550.289 5832.262 5523.759
1976 4995.688 6774.296 4983.179 3602.826 3146.651 2152.022 2158.196 2712.074 3206.854 5587.945 5788.294 5488.222
1977 4399.205 6047.104 5433.508 3237.098 2568.584 1889.161 1637.642 2353.454 3516.081 5198.654 4603.226 6200.577
1978 6218.934 6515.982 4998.367 3771.383 3068.916 2284.234 1883.015 2291.826 3447.395 4721.956 5546.314 6731.309
1979 6522.039 6881.449 4996.015 3602.440 2832.502 2075.301 1369.896 2181.696 2807.364 5031.791 5649.190 5733.579
1980 5181.778 5656.215 5050.307 3591.055 3143.932 2518.286 1448.366 1471.058 2964.601 4568.384 5728.438 4872.907
1981 4579.541 5912.247 4965.821 3633.153 2966.790 1630.869 1737.262 1568.475 3024.789 4042.113 4699.486 5767.537
1982 5855.368 6091.945 5545.503 2852.770 2891.306 1950.962 1444.790 1989.196 3252.304 5137.963 5193.617 5713.803
1983 4968.021 5701.031 4029.637 3655.411 3068.664 1822.880 1755.773 1922.279 2749.718 4726.734 5357.936 5514.940
1984 4189.894 5927.073 4922.595 4084.287 2575.296 1847.052 1169.458 2203.277 2964.643 4769.676 6131.936 6369.734
1985 5248.371 5260.181 5725.858 3307.806 3100.172 1869.022 1640.159 2005.291 2352.223 5158.491 5033.726 4993.571
1986 5054.061 5915.933 5501.782 3950.860 3060.657 2198.837 1161.475 1975.353 3251.033 4339.993 4999.950 6051.160
1987 5890.432 5935.813 5464.894 3629.430 3114.776 2408.471 1530.772 1545.774 3092.039 5107.576 6007.352 6295.775
1988 5900.198 5263.088 4874.758 3940.026 2450.832 2016.378 1319.780 1658.232 2691.624 5157.545 5222.154 5420.602
1989 6117.236 6530.002 4305.282 3490.006 2646.459 2312.046 1558.028 2272.887 3377.231 4920.154 5188.776 5406.526
1990 5563.618 5113.252 4623.376 3235.205 3132.648 1854.691 1233.154 1970.779 2778.483 4785.601 5818.323 5786.175
1991 4733.222 6082.786 5129.245 3403.243 2685.399 1901.609 1239.530 1961.472 2598.710 5041.903 5248.646 5808.688
1992 5610.484 6113.601 4993.314 3479.002 2795.156 2531.968 1816.616 2182.309 3099.168 5033.896 5431.703 5907.311
1993 5671.175 6312.877 5278.345 3633.437 3082.774 1936.317 1536.809 1754.516 3104.608 5358.078 5594.603 5811.578
1994 5741.871 6557.239 4617.273 3430.669 3232.889 1809.899 1681.920 2561.281 2958.129 4539.233 5720.914 5510.023
1995 5057.267 4565.144 4829.735 2993.177 2821.287 2354.813 1748.619 1942.927 3194.619 4957.773 5286.705 5958.468
1996 5968.993 6081.283 5001.584 3534.828 2762.507 2167.307 1321.913 2613.708 3412.644 5097.545 4855.564 6310.263
1997 5839.659 6609.318 4448.502 2816.631 2463.462 2336.727 1933.626 2324.094 2940.251 4061.273 6080.856 6768.944
1998 5097.710 6546.980 4781.835 3881.220 3147.211 1730.828 788.584 1189.785 3755.872 4781.666 5253.062 5977.520
1999 5097.943 5143.854 5935.666 3904.673 2416.169 2554.310 1211.942 2214.876 3314.820 4614.539 5421.953 4930.164
2000 4863.633 5501.605 4913.453 3317.176 2799.821 2111.495 1523.712 1718.789 3268.274 5137.975 5326.104 5779.651
2001 5680.214 6443.095 4870.377 4104.652 2622.583 1928.702 1551.801 1683.073 3265.532 4702.642 5267.962 5186.188
2002 5442.147 5655.309 5275.438 3594.318 2640.283 2019.546 1423.881 1910.307 3606.104 4182.984 5134.582 6024.774
2003 5545.331 6242.190 5430.872 3807.254 2591.141 1788.473 1451.632 1488.387 2903.633 4504.232 5157.515 5707.563
2004 4552.679 5838.300 5298.288 3817.539 2610.626 1919.983 1363.117 2284.812 2955.639 4850.119 5187.742 5330.400
2005 4421.155 5582.899 5203.122 3448.487 2248.795 1931.866 1356.402 1927.387 2742.563 4760.675 4496.967 3996.043
2006 5247.049 5959.044 5237.168 3280.799 2911.342 1713.448 1305.091 2179.580 3196.842 5030.099 4321.990 5581.467
2007 4477.322 6454.800 4641.763 2794.537 3071.105 2066.183 1531.326 1976.165 2703.334 4494.187 4921.429 5486.436
2008 5219.276 6188.511 4029.190 3518.482 2428.091 1797.901 1369.916 1892.090 3058.230 4468.010 5219.149 5804.844
2009 4864.042 6381.427 4825.420 3654.781 2927.675 1892.078 1416.005 1988.470 2833.626 4308.215 5114.781 5562.226
2010 5096.663 5898.881 5298.402 3127.515 1994.072 2008.051 1457.633 2061.883 3106.021 4320.221 5429.207 5669.598
2011 4131.922 6303.929 5088.846 3034.581 2402.220 1876.612 1479.934 1832.067 2651.861 4432.389 5496.447 4700.969
2012 4049.454 5807.566 5198.633 3238.379 2201.166 1148.925 1167.559 2335.146 2159.048 4092.294 4917.463 5333.017
2013 5122.876 6321.542 5438.644 3062.247 2553.867 1906.075 1424.241 1710.637 3108.950 4887.146 5232.495 4955.770
2014 5728.071 5460.119 4612.469 3408.190 2618.840 1558.049 1694.667 1798.860 3448.859 4835.511 5757.410 5174.800
2015 5230.522 5328.960 5082.096 2959.707 2646.991 1795.383 1474.512 1794.158 2750.452 4623.530 4527.834 5455.986
2016 3630.704 4857.459 4350.180 2704.752 2777.859 1579.375 1308.125 1879.305 1701.221 4675.138 5188.029 6226.875
2017 5239.473 5544.342 3999.635 3642.215 3106.332 1912.855 1753.741 1751.581 2976.880 4537.100 5123.122 4591.101
2018 4803.501 5263.357 5623.402 3438.758 2998.769 1509.258 1467.808 1565.300 2631.934 3945.697 5616.704 5392.175
2019 5286.546 6320.027 4830.275 3815.514 2388.437 1679.734 1076.704 1191.681 3109.735 4188.404 5263.589 5347.054
2020 5512.402 5028.558 5560.065 2516.577 1880.305 1998.456 916.899 1464.161 1939.792 4372.787 4482.694 5862.236
2021 5364.260 5860.720 5849.497 2850.955 2549.917 1968.869 1420.172 1040.120 2368.924 4504.578 5432.208 5469.540
2022 4454.192 4801.152 5387.516 3191.775 2614.744 1738.175 1188.234 2164.606 3090.498 4267.371 5571.263 5131.995
2023 5519.041 5558.798 5208.494 3435.140 2647.843 2010.142 1370.976 1092.732 2730.427 4292.193 4645.918 5233.077
2024 4907.545 5299.219 5470.813 2990.666 2593.709 1581.882 1003.898 1674.147 2981.945 4295.619 4857.554 5156.740
2025 4582.042 4869.472 4863.803 3163.348 2401.226 1904.545 1499.076 1282.763 3170.232 3811.253 5437.887 6059.623
