1951 2025
1951 0.000 0.000 0.000 0.000 0.000 0.000 0.000 0.000 0.000 0.000 0.000 0.000
1952 0.000 0.000 0.000 0.000 0.000 0.000 0.000 0.000 0.000 0.000 0.000 0.000
1953 0.000 0.000 0.000 0.000 0.000 0.000 0.000 0.000 0.000 0.000 2.411 0.000
1954 0.000 0.000 0.000 0.000 0.000 0.000 0.000 0.000 0.000 0.000 0.000 0.000
1955 0.000 0.000 0.000 0.000 0.000 0.000 0.000 0.000 0.000 0.000 0.000 0.000
1956 0.000 0.000 0.000 0.000 0.000 0.000 0.000 0.000 0.000 0.000 0.000 0.000
1957 0.000 0.000 0.000 0.000 0.000 0.000 0.000 0.000 0.000 0.000 0.000 0.000
1958 0.000 0.000 0.000 0.000 0.000 0.000 0.000 0.000 0.000 0.000 0.000 0.000
1959 0.000 0.000 0.000 0.000 0.000 0.000 0.000 0.000 0.000 0.000 0.000 0.000
1960 0.000 0.000 0.000 0.000 0.000 0.000 0.000 0.000 0.000 0.000 0.000 0.000
1961 0.000 0.000 0.000 0.000 0.000 0.000 0.000 0.000 0.000 0.000 0.000 0.000
1962 0.000 0.000 0.000 0.000 0.000 0.000 0.000 0.000 0.000 0.000 0.000 0.000
1963 0.000 0.000 0.000 0.000 0.000 0.000 0.000 0.000 0.000 0.000 0.000 0.000
1964 0.000 0.000 0.000 0.000 0.000 0.000 0.000 0.000 0.000 0.000 0.000 0.000
1965 0.000 0.000 0.000 0.000 0.000 0.000 0.000 0.000 0.000 0.000 0.000 0.000
1966 0.000 0.000 0.000 0.000 0.000 0.000 0.000 0.000 0.000 0.000 0.000 0.000
1967 0.000 0.000 0.000 0.000 0.000 0.000 0.000 0.000 0.000 0.000 0.000 0.000
1968 0.000 0.000 0.000 0.000 0.000 0.000 0.000 0.000 0.000 0.000 0.000 0.000
1969 0.000 0.000 0.000 0.000 0.000 0.000 0.000 0.000 0.000 0.000 0.000 0.000
1970 0.000 0.000 0.000 0.000 0.000 0.000 0.000 0.000 0.000 0.000 0.000 0.000
1971 0.000 0.000 0.000 0.000 0.000 0.000 0.000 0.000 0.000 0.000 0.000 0.000
1972 0.000 0.000 0.000 0.000 0.000 0.000 0.000 0.000 0.000 0.000 0.000 0.000
1973 0.000 0.000 0.000 0.000 0.000 0.000 0.000 0.000 0.000 0.000 0.000 0.000
1974 0.000 0.000 0.000 0.000 0.000 0.000 0.000 0.000 0.000 0.000 0.000 0.000
1975 0.000 0.000 0.000 0.000 0.000 0.000 0.000 0.000 0.000 0.000 0.000 0.000
1976 0.000 0.000 0.000 0.000 0.000 0.000 0.000 0.000 0.000 0.000 0.000 0.000
1977 0.000 0.000 0.000 0.000 0.000 0.000 0.000 0.000 0.000 4.606 0.000 0.000
1978 0.000 0.000 0.000 0.000 0.000 0.000 0.000 0.000 0.000 0.000 0.000 0.000
1979 0.000 0.000 0.000 0.000 2.619 3.451 0.000 0.000 0.000 0.000 0.000 0.000
1980 0.000 0.000 0.000 0.000 0.000 0.000 0.000 0.000 0.000 0.000 0.000 0.000
1981 0.000 0.000 0.000 0.000 0.000 0.000 0.000 0.000 0.000 0.000 0.000 0.000
1982 0.000 0.000 0.000 0.000 0.000 0.000 0.000 0.000 0.000 0.000 0.000 0.000
1983 9.964 13.088 39.350 44.765 27.689 1.880 0.000 0.710 0.000 0.000 0.000 0.000
1984 0.000 0.000 0.000 0.000 1.466 0.000 0.000 2.596 0.000 0.000 0.000 0.000
1985 0.000 0.000 0.000 0.000 0.000 0.000 0.000 0.000 0.000 0.000 0.000 0.000
1986 0.000 0.000 0.000 0.000 9.296 0.000 0.000 0.000 0.000 0.000 0.000 0.000
1987 0.000 0.000 0.000 38.203 0.000 0.000 0.000 0.000 8.683 0.000 0.000 0.000
1988 0.000 0.000 0.000 4.369 12.485 0.000 1.412 0.000 0.000 0.000 0.000 0.000
1989 0.000 0.000 0.000 0.000 0.000 0.000 0.000 0.000 0.000 0.000 0.000 0.000
1990 0.000 0.000 0.000 0.000 0.000 0.000 0.000 4.755 0.000 0.000 0.000 0.000
1991 0.000 0.000 0.000 0.000 41.307 0.000 0.000 0.000 0.000 0.000 0.000 0.000
1992 0.000 0.000 24.941 0.000 1.659 0.000 0.000 0.000 0.000 0.000 0.000 0.000
1993 0.000 0.000 0.000 0.000 0.000 0.000 0.000 0.000 0.000 0.000 0.000 0.000
1994 0.000 0.000 0.000 0.000 6.355 0.000 0.000 0.000 0.000 0.000 0.000 0.000
1995 0.000 0.000 0.000 0.000 0.000 0.000 0.000 0.000 0.000 0.000 0.000 0.000
1996 0.000 0.000 0.000 0.000 0.000 0.000 0.000 0.000 0.000 0.000 0.000 0.000
1997 0.000 0.000 0.000 0.000 2.818 0.000 0.000 0.000 0.000 9.358 0.000 19.390
1998 41.344 56.733 59.783 103.851 48.878 0.000 0.000 0.700 0.000 0.000 0.000 0.728
1999 0.000 0.000 0.000 0.000 0.000 0.000 0.000 0.000 0.000 0.000 0.000 0.000
2000 0.000 0.000 0.000 0.000 4.353 0.000 0.000 0.000 0.000 0.000 0.000 0.000
2001 0.000 0.000 0.000 0.000 0.000 0.000 0.000 0.000 0.000 1.849 0.000 0.000
2002 0.000 0.000 0.000 0.000 4.605 0.000 0.000 0.000 0.000 0.000 0.000 0.000
2003 0.000 0.000 0.000 0.000 5.220 0.000 0.666 0.000 0.000 0.000 0.000 0.000
2004 0.000 0.000 0.000 7.108 0.000 0.000 0.000 0.000 0.000 0.000 0.000 0.000
2005 0.000 3.206 3.102 4.411 0.000 0.000 0.000 0.000 0.717 0.799 0.000 0.000
2006 0.000 0.000 0.000 0.000 1.606 0.000 0.000 0.000 0.000 2.701 0.000 39.254
2007 46.252 0.000 0.000 0.000 0.000 0.000 0.000 0.000 0.000 0.000 0.000 0.000
2008 0.000 0.000 0.000 0.000 0.000 0.675 0.000 0.000 0.000 1.610 0.000 0.000
2009 0.000 0.000 0.000 0.000 0.000 0.000 0.000 12.736 1.711 0.000 0.000 0.000
2010 0.000 11.465 44.280 69.961 7.118 0.000 0.000 22.860 0.000 0.000 0.000 0.000
2011 0.000 0.000 0.000 0.000 0.000 0.000 0.000 0.000 0.000 0.000 0.000 0.000
2012 0.000 0.000 0.000 0.000 0.000 0.000 0.000 4.379 0.000 0.000 0.000 0.000
2013 0.000 0.000 1.538 0.000 0.000 0.000 0.000 4.942 0.000 0.000 0.000 0.000
2014 0.000 0.000 0.000 1.718 0.000 0.000 0.681 0.000 0.000 0.000 0.000 0.000
2015 0.000 0.000 1.598 2.984 18.026 0.000 8.435 4.229 1.751 42.271 7.435 78.971
2016 13.936 95.577 80.035 83.721 12.449 3.806 3.493 7.751 0.000 0.826 6.678 18.500
2017 0.000 2.349 0.000 3.315 16.819 2.917 0.000 0.000 4.373 15.715 0.000 0.787
2018 0.000 0.000 0.000 2.490 23.339 1.623 0.000 0.770 2.404 6.710 49.285 4.376
2019 11.200 29.304 51.724 34.904 58.596 3.078 0.695 14.763 43.616 24.267 20.666 6.724
2020 39.441 74.606 32.758 50.020 72.526 1.862 1.646 0.000 5.774 0.785 14.569 0.000
2021 0.000 0.000 0.000 2.675 2.472 1.594 0.760 2.660 10.558 1.640 0.831 0.000
2022 0.000 0.000 0.000 0.000 0.763 0.000 21.543 12.890 5.910 8.906 1.579 0.000
2023 0.000 36.508 0.000 0.000 34.453 0.693 0.777 3.643 7.524 86.380 58.819 73.622
2024 68.633 104.589 110.088 111.429 73.924 0.854 0.722 44.799 20.163 30.033 58.073 41.975
2025 22.750 52.739 68.114 5.560 0.000 0.000 0.000 18.346 6.321 2.547 26.911 0.000
