1951 2025
1951 -999.000 -999.000 -999.000 -999.000 -999.000 23.728 38.045 42.834 34.226 -999.000 -999.000 -999.000
1952 -999.000 -999.000 -999.000 -999.000 -999.000 25.358 35.944 37.634 29.674 31.353 -999.000 -999.000
1953 -999.000 -999.000 -999.000 -999.000 15.958 32.429 41.131 39.324 34.983 -999.000 -999.000 -999.000
1954 -999.000 -999.000 -999.000 -999.000 -999.000 21.990 42.362 37.705 36.200 -999.000 -999.000 -999.000
1955 -999.000 -999.000 -999.000 -999.000 20.312 20.286 37.298 36.017 38.028 -999.000 -999.000 -999.000
1956 -999.000 -999.000 -999.000 -999.000 -999.000 22.784 37.794 38.840 31.765 -999.000 -999.000 -999.000
1957 -999.000 -999.000 -999.000 -999.000 -999.000 24.690 37.260 41.379 28.794 -999.000 -999.000 -999.000
1958 -999.000 15.463 -999.000 -999.000 -999.000 24.865 36.761 40.076 32.998 -999.000 -999.000 -999.000
1959 -999.000 -999.000 21.058 -999.000 -999.000 22.894 38.586 32.715 31.808 -999.000 -999.000 -999.000
1960 -999.000 -999.000 -999.000 -999.000 -999.000 29.206 41.170 38.701 37.972 -999.000 -999.000 -999.000
1961 -999.000 -999.000 -999.000 -999.000 -999.000 31.861 39.208 38.259 35.549 -999.000 -999.000 -999.000
1962 -999.000 -999.000 -999.000 -999.000 -999.000 33.135 35.860 39.362 33.578 -999.000 -999.000 -999.000
1963 -999.000 -999.000 -999.000 -999.000 -999.000 21.776 33.495 41.449 36.634 -999.000 -999.000 -999.000
1964 -999.000 -999.000 -999.000 -999.000 19.545 26.096 35.752 34.819 34.295 -999.000 -999.000 -999.000
1965 -999.000 -999.000 -999.000 -999.000 -999.000 29.421 37.052 36.306 32.939 -999.000 -999.000 -999.000
1966 -999.000 -999.000 -999.000 -999.000 -999.000 25.351 30.973 37.637 28.827 -999.000 -999.000 -999.000
1967 -999.000 -999.000 -999.000 -999.000 -999.000 20.891 39.830 40.149 23.185 -999.000 -999.000 -999.000
1968 -999.000 -999.000 -999.000 -999.000 -999.000 24.118 36.476 36.179 30.912 -999.000 -999.000 -999.000
1969 -999.000 -999.000 16.368 -999.000 19.442 22.220 39.088 37.980 32.049 -999.000 -999.000 -999.000
1970 -999.000 -999.000 -999.000 19.374 17.524 28.694 34.968 38.977 32.766 -999.000 -999.000 -999.000
1971 -999.000 -999.000 -999.000 -999.000 -999.000 22.660 34.117 39.340 -999.000 -999.000 -999.000 -999.000
1972 -999.000 -999.000 -999.000 -999.000 -999.000 20.756 34.644 37.803 20.643 -999.000 -999.000 -999.000
1973 -999.000 -999.000 -999.000 15.506 20.153 21.330 38.287 38.810 33.482 -999.000 -999.000 -999.000
1974 -999.000 -999.000 -999.000 -999.000 -999.000 20.806 34.686 36.372 36.871 -999.000 -999.000 -999.000
1975 -999.000 -999.000 -999.000 -999.000 -999.000 22.423 37.541 33.101 34.832 -999.000 -999.000 -999.000
1976 -999.000 -999.000 -999.000 -999.000 -999.000 30.212 33.661 33.586 23.140 -999.000 -999.000 -999.000
1977 -999.000 22.179 -999.000 -999.000 -999.000 25.065 39.963 41.282 27.575 31.669 -999.000 -999.000
1978 -999.000 16.335 -999.000 -999.000 15.371 25.153 34.642 35.410 29.874 -999.000 -999.000 -999.000
1979 -999.000 -999.000 -999.000 -999.000 13.456 26.006 39.176 39.326 28.911 31.854 -999.000 -999.000
1980 -999.000 -999.000 -999.000 -999.000 17.980 35.973 41.105 36.344 37.489 26.917 -999.000 -999.000
1981 -999.000 -999.000 -999.000 -999.000 16.173 22.630 40.784 35.682 32.538 -999.000 -999.000 -999.000
1982 -999.000 -999.000 -999.000 -999.000 22.764 31.121 38.086 42.358 33.868 25.631 -999.000 -999.000
1983 -999.000 -999.000 -999.000 11.003 16.628 24.638 40.463 39.452 33.871 20.811 12.973 -999.000
1984 -999.000 -999.000 -999.000 -999.000 -999.000 22.482 38.111 36.326 22.212 -999.000 -999.000 -999.000
1985 -999.000 -999.000 -999.000 -999.000 -999.000 23.662 39.831 38.526 25.300 -999.000 -999.000 25.793
1986 -999.000 -999.000 -999.000 -999.000 19.306 28.041 40.381 35.079 27.582 27.794 -999.000 -999.000
1987 -999.000 -999.000 -999.000 -999.000 14.194 30.271 35.807 34.273 33.215 32.492 -999.000 20.932
1988 -999.000 -999.000 -999.000 -999.000 17.629 26.892 42.209 39.998 31.953 -999.000 -999.000 -999.000
1989 -999.000 -999.000 -999.000 -999.000 -999.000 25.929 38.943 40.422 31.334 -999.000 -999.000 23.832
1990 -999.000 -999.000 -999.000 -999.000 16.617 34.792 39.541 38.184 33.890 18.584 -999.000 -999.000
1991 25.324 -999.000 -999.000 -999.000 17.878 35.853 38.757 39.651 36.589 -999.000 -999.000 -999.000
1992 -999.000 -999.000 -999.000 -999.000 -999.000 25.436 38.426 41.056 30.178 -999.000 -999.000 -999.000
1993 -999.000 -999.000 -999.000 -999.000 15.514 30.006 36.901 38.263 35.511 -999.000 -999.000 -999.000
1994 -999.000 -999.000 -999.000 -999.000 16.088 29.831 40.772 40.593 30.859 -999.000 -999.000 -999.000
1995 -999.000 -999.000 -999.000 -999.000 18.832 24.461 36.677 35.445 32.908 -999.000 -999.000 -999.000
1996 -999.000 -999.000 -999.000 -999.000 17.303 29.620 43.237 39.783 28.579 -999.000 -999.000 -999.000
1997 -999.000 -999.000 -999.000 -999.000 -999.000 26.247 39.313 40.553 28.522 20.219 -999.000 24.039
1998 -999.000 13.772 10.000 15.920 19.047 32.920 43.438 41.715 35.088 23.869 -999.000 -999.000
1999 -999.000 -999.000 -999.000 -999.000 17.675 28.402 38.935 39.959 33.472 32.651 -999.000 -999.000
2000 -999.000 -999.000 -999.000 -999.000 14.583 33.034 36.507 39.842 31.950 35.161 -999.000 23.576
2001 -999.000 -999.000 -999.000 -999.000 21.777 30.033 42.654 41.009 30.299 27.667 -999.000 -999.000
2002 23.405 -999.000 -999.000 -999.000 16.123 33.561 41.506 41.421 26.767 -999.000 26.485 22.782
2003 21.057 24.208 -999.000 13.201 16.440 33.357 41.550 37.686 31.803 -999.000 -999.000 -999.000
2004 -999.000 -999.000 -999.000 -999.000 16.694 31.842 39.617 39.618 33.039 -999.000 -999.000 -999.000
2005 -999.000 -999.000 19.206 13.885 19.453 26.537 39.733 41.576 36.472 29.148 -999.000 -999.000
2006 -999.000 -999.000 -999.000 -999.000 18.574 31.575 41.670 38.225 35.485 24.900 -999.000 -999.000
2007 -999.000 23.075 -999.000 14.676 20.948 31.279 40.763 40.897 29.099 -999.000 -999.000 -999.000
2008 -999.000 -999.000 -999.000 -999.000 17.965 29.543 40.128 41.000 33.048 36.028 -999.000 -999.000
2009 26.277 -999.000 -999.000 11.241 16.512 28.318 38.771 41.550 33.966 21.730 -999.000 19.788
2010 19.076 14.531 20.632 17.224 23.681 36.606 42.790 37.946 36.028 26.282 -999.000 -999.000
2011 -999.000 -999.000 -999.000 -999.000 17.549 30.258 42.855 40.055 33.383 -999.000 -999.000 -999.000
2012 -999.000 -999.000 -999.000 -999.000 19.095 31.609 41.179 38.499 31.694 18.551 19.032 -999.000
2013 22.604 -999.000 12.822 14.451 18.603 37.656 38.592 41.969 33.773 29.861 -999.000 25.617
2014 28.327 -999.000 -999.000 14.166 19.103 29.644 39.798 38.396 33.550 25.747 31.494 -999.000
2015 -999.000 -999.000 -999.000 14.170 23.952 31.889 38.458 41.328 33.437 31.078 23.445 18.460
2016 20.496 11.688 14.880 17.823 26.497 34.754 40.507 39.776 38.881 20.814 -999.000 -999.000
2017 -999.000 -999.000 -999.000 13.282 21.596 34.512 42.518 41.182 37.547 22.407 -999.000 -999.000
2018 -999.000 -999.000 -999.000 10.241 15.977 32.324 44.383 43.112 24.551 13.084 19.896 23.776
2019 -999.000 16.417 12.108 12.503 13.810 28.550 39.533 40.795 36.570 18.029 -999.000 -999.000
2020 10.227 10.495 11.776 15.597 19.521 29.971 40.888 40.213 37.715 15.512 11.873 11.031
2021 -999.000 -999.000 -999.000 11.750 21.086 34.567 41.153 39.866 35.815 17.483 -999.000 -999.000
2022 -999.000 -999.000 -999.000 11.020 19.082 24.528 42.874 43.301 33.729 26.963 -999.000 -999.000
2023 -999.000 -999.000 -999.000 -999.000 21.605 27.266 40.841 40.348 36.645 29.437 21.371 15.498
2024 18.898 15.962 16.167 20.506 22.191 34.891 42.254 42.559 32.755 31.117 19.386 10.318
2025 24.741 -999.000 12.795 14.475 20.548 35.347 40.850 41.026 39.571 25.426 11.738 -999.000
