1951 2025
1951 0.000 0.000 0.000 0.000 0.000 0.000 0.000 0.000 0.000 0.000 0.000 0.000
1952 0.000 0.000 0.000 0.000 0.000 0.000 0.000 0.000 0.000 0.000 0.000 0.000
1953 0.000 0.000 0.000 0.000 0.000 0.000 0.000 0.000 0.000 0.000 0.000 0.000
1954 0.000 0.000 0.000 0.000 0.000 0.000 0.000 0.000 0.000 0.000 0.000 0.000
1955 0.000 0.000 0.000 0.000 0.000 0.000 0.000 0.000 0.137 0.000 0.000 0.000
1956 0.000 0.000 0.000 0.000 0.000 0.000 0.000 0.000 0.000 0.000 0.000 0.000
1957 0.000 0.000 0.000 0.000 0.000 0.000 0.000 0.000 0.000 0.000 0.000 0.000
1958 0.000 0.000 0.000 0.000 0.000 0.000 0.000 0.000 0.000 0.000 0.000 0.000
1959 0.000 0.000 0.000 0.000 0.000 0.000 0.000 0.000 0.000 0.000 0.000 0.000
1960 0.000 0.000 0.000 0.000 0.000 0.000 0.000 0.000 0.000 0.000 0.000 0.000
1961 0.000 0.000 0.000 0.000 0.000 0.000 0.000 0.000 0.000 0.000 0.000 0.000
1962 0.000 0.000 0.000 0.000 0.000 0.000 0.000 0.000 0.000 0.000 0.000 0.000
1963 0.000 0.000 0.000 0.000 0.000 0.000 0.000 0.000 0.000 0.000 0.000 0.000
1964 0.000 0.000 0.000 0.000 0.000 0.000 0.000 0.000 0.000 0.000 0.000 0.000
1965 0.000 0.000 0.000 0.000 0.000 0.000 0.000 0.000 0.000 0.000 0.000 0.000
1966 0.000 0.000 0.000 0.000 0.000 0.000 0.000 0.000 0.000 0.000 0.000 0.000
1967 0.000 0.000 0.000 0.000 0.000 0.000 0.000 0.261 0.000 0.000 0.000 0.000
1968 0.000 0.000 0.000 0.000 0.000 0.000 0.000 0.000 0.000 0.000 0.000 0.000
1969 0.000 0.000 0.000 1.049 0.074 0.000 0.000 0.000 0.000 0.000 0.000 0.000
1970 0.000 0.000 0.000 0.000 0.000 0.000 0.000 0.000 0.000 0.000 0.000 0.000
1971 0.000 0.000 0.000 0.000 0.000 0.000 0.000 0.000 0.000 0.000 0.000 0.000
1972 0.000 0.000 0.000 0.000 0.000 0.000 0.000 0.000 0.000 1.165 0.000 0.000
1973 0.000 2.032 0.821 0.000 0.367 0.000 0.000 0.065 0.283 0.000 0.000 0.000
1974 0.000 0.000 0.000 0.000 0.000 0.000 0.000 0.000 0.000 0.000 0.000 0.000
1975 0.000 0.000 0.000 0.000 0.000 0.000 0.000 0.000 0.000 0.000 0.000 0.000
1976 0.000 0.000 0.000 0.000 0.000 0.000 0.000 0.067 0.000 0.000 0.000 0.000
1977 0.000 0.000 1.639 0.000 0.000 0.000 0.000 0.000 0.000 2.203 0.000 0.000
1978 0.000 0.756 0.000 0.000 0.000 0.000 0.000 0.000 0.000 0.000 0.000 0.000
1979 0.000 0.000 0.000 0.000 0.000 0.293 0.977 0.000 0.070 0.000 0.000 0.000
1980 0.000 0.000 0.000 1.271 0.000 1.649 0.278 0.212 0.000 0.941 0.000 0.000
1981 0.000 0.000 0.225 1.120 0.150 0.000 0.000 0.000 0.421 0.506 0.587 0.075
1982 0.000 0.000 0.000 0.000 0.818 0.000 0.000 0.000 0.000 0.000 0.000 0.000
1983 1.212 1.516 1.816 2.850 2.257 1.174 1.354 0.000 0.844 1.349 0.000 0.000
1984 0.000 0.000 0.000 0.000 0.000 0.000 0.000 0.000 0.000 0.000 0.000 0.000
1985 0.000 0.000 0.000 0.000 0.000 0.000 0.000 0.000 0.139 0.072 0.000 0.000
1986 0.000 0.000 0.000 1.116 0.000 0.000 0.139 0.000 0.000 1.170 0.000 0.667
1987 0.600 0.677 0.904 2.775 2.162 0.147 0.070 1.061 1.217 2.121 1.908 0.824
1988 0.675 0.000 1.124 2.628 1.781 0.000 0.483 0.000 0.000 0.211 0.292 0.000
1989 0.000 0.000 0.000 0.000 0.000 0.216 0.000 0.000 0.000 0.640 0.000 0.000
1990 0.000 0.000 0.301 1.052 0.000 0.000 0.000 0.000 0.000 1.086 0.000 0.000
1991 0.000 0.000 0.596 0.519 1.846 0.144 0.209 0.000 0.000 0.000 0.000 0.000
1992 0.000 0.000 0.000 0.000 0.000 0.000 0.281 0.000 0.000 0.000 0.000 0.000
1993 0.000 0.000 0.000 0.224 0.521 0.220 0.000 0.137 0.000 0.000 0.000 0.000
1994 0.000 0.000 0.000 0.000 0.000 0.000 0.000 0.000 0.000 0.000 0.733 0.444
1995 0.150 0.000 0.000 0.593 0.000 0.293 0.000 0.136 0.498 0.501 0.000 0.000
1996 0.000 0.000 0.000 0.000 0.000 0.870 0.000 0.000 0.000 0.072 0.000 0.000
1997 0.000 0.000 0.000 0.000 0.000 0.000 0.000 0.000 0.805 3.547 2.985 2.778
1998 2.557 2.188 2.996 2.850 3.287 2.530 0.869 2.693 0.000 0.577 0.000 0.000
1999 0.000 0.000 0.000 0.000 0.000 0.000 0.000 0.000 0.000 0.072 0.073 0.000
2000 0.000 0.000 0.000 0.000 0.000 0.000 0.000 0.000 0.000 0.142 0.000 0.000
2001 0.000 0.000 0.000 1.493 0.000 0.000 0.000 0.000 0.000 1.442 0.000 0.297
2002 0.000 1.577 0.675 0.446 0.297 0.000 0.000 0.000 0.000 0.291 1.627 1.280
2003 1.057 0.000 0.376 1.122 0.000 0.000 1.327 0.950 0.346 1.382 1.250 0.815
2004 0.000 0.000 1.571 0.677 0.000 0.000 0.000 0.000 0.850 0.439 0.368 0.000
2005 0.000 2.039 1.965 2.850 0.972 0.000 0.139 0.000 1.652 2.167 0.957 0.000
2006 0.000 0.000 0.000 0.745 0.147 0.293 0.000 0.397 0.000 2.833 0.223 0.149
2007 1.656 0.000 0.075 0.900 0.899 0.000 0.421 0.000 0.000 0.072 0.000 0.000
2008 0.000 0.000 0.000 0.000 0.000 0.000 0.000 0.000 0.476 2.537 0.074 0.000
2009 0.000 0.074 0.150 0.000 0.000 0.000 0.139 0.069 1.380 0.722 0.814 0.000
2010 1.649 2.113 2.923 2.996 2.704 2.536 1.566 2.525 1.597 0.000 0.000 0.000
2011 0.000 0.000 0.000 0.000 0.000 0.000 0.000 0.000 0.000 0.000 0.000 0.000
2012 0.000 0.000 0.000 0.375 0.000 0.000 0.000 0.000 0.000 0.072 0.898 0.000
2013 0.224 1.264 1.059 0.679 0.897 0.000 0.069 0.199 0.208 0.000 0.000 0.000
2014 0.000 0.000 1.130 0.149 2.168 0.000 0.352 0.281 1.122 0.866 1.111 1.565
2015 0.075 0.000 2.849 0.973 3.214 1.235 0.000 0.000 3.004 4.284 3.417 2.923
2016 1.963 2.705 2.705 2.850 3.211 2.053 0.625 1.234 0.000 0.777 2.203 0.446
2017 0.000 0.000 0.000 1.731 3.214 1.474 0.688 0.766 3.916 2.130 1.101 1.702
2018 0.000 0.000 0.000 0.000 1.844 0.000 0.000 0.000 1.184 2.877 3.283 2.752
2019 2.922 2.849 2.705 2.996 2.705 1.779 0.000 0.000 0.709 2.115 1.619 2.401
2020 2.262 2.778 2.483 2.631 3.717 1.386 1.136 0.337 1.858 2.137 3.009 0.590
2021 0.000 0.000 0.000 0.745 2.815 0.147 0.000 0.343 2.599 1.359 1.334 1.645
2022 0.000 0.000 0.224 0.000 0.149 0.000 0.911 3.068 0.494 2.638 2.432 0.000
2023 0.000 0.000 0.978 0.744 3.573 1.110 1.534 0.229 3.911 4.635 3.932 3.287
2024 2.262 3.141 3.214 3.360 3.360 3.920 1.417 5.571 2.893 2.081 1.634 1.713
2025 0.224 1.197 2.109 3.141 2.084 0.574 0.000 2.166 2.766 2.869 1.541 0.000
