1951 2025
1951 0.663 0.446 -0.885 -0.209 -0.235 0.055 -0.042 -0.014 -0.478 0.196 0.587 0.376
1952 -0.275 -0.232 0.018 0.160 -0.471 -0.684 0.125 0.028 -0.558 -0.108 -0.181 0.151
1953 -0.104 0.522 0.813 -0.201 -0.418 -0.457 -0.134 -0.404 0.423 -0.081 -0.241 0.534
1954 0.137 0.391 0.638 -0.068 -0.854 -0.612 -0.571 -0.357 0.013 -0.135 0.291 0.940
1955 0.419 -0.296 -0.619 0.345 0.268 -0.535 -0.039 -0.117 -0.668 0.392 0.311 0.112
1956 -0.170 -0.137 0.633 -0.329 0.471 -0.114 -0.799 -0.666 -0.086 0.509 -0.190 0.020
1957 0.190 -0.912 -0.395 0.056 -0.422 -0.477 -0.886 -0.590 -0.241 -0.116 -0.300 0.378
1958 -0.218 -0.367 -0.655 -0.018 -0.038 0.006 -0.440 -0.055 0.196 0.502 0.105 -0.711
1959 -0.392 1.106 0.807 -0.331 -0.157 -0.335 -0.499 -0.743 -0.448 -0.374 -0.409 0.770
1960 -0.663 -0.442 0.049 -0.080 -0.299 -0.297 -0.969 -0.529 -0.515 0.269 0.054 0.081
1961 -0.156 0.743 0.051 -0.282 0.394 -0.164 -0.944 -0.911 -0.244 0.074 0.707 0.460
1962 0.435 0.157 -1.010 0.442 0.356 -0.467 -0.540 -0.473 -0.017 0.285 0.022 0.143
1963 0.332 0.774 0.601 0.439 0.149 -0.336 -0.257 -0.935 0.089 0.343 0.351 -0.237
1964 0.736 0.398 0.748 0.567 1.082 -0.079 -0.019 -0.730 -0.469 0.277 -0.173 0.358
1965 0.072 -0.554 0.366 0.380 0.444 -0.035 -0.616 -0.806 -0.629 0.713 -0.806 0.556
1966 0.209 -0.751 -0.189 -0.368 1.139 0.282 -0.399 -0.264 0.139 0.413 0.225 0.505
1967 0.346 0.973 0.124 0.910 0.296 -0.151 -0.239 -0.565 -0.084 0.713 0.567 0.025
1968 -0.262 0.288 0.327 -0.006 0.412 0.221 -0.194 -0.059 -0.324 0.288 -0.068 0.453
1969 -0.752 -0.345 0.169 0.277 -0.197 0.169 -0.152 -0.328 0.023 -0.181 0.249 0.028
1970 -0.381 -0.701 -0.541 0.343 0.273 0.485 -0.226 -0.242 -0.284 0.278 0.133 0.372
1971 0.535 -0.549 -0.253 -0.243 0.495 -0.327 -0.412 -0.547 -0.021 0.677 0.612 0.434
1972 -0.329 0.442 -0.070 0.564 0.168 -0.791 -0.239 -0.309 -0.576 0.168 -0.398 0.237
1973 0.404 0.567 0.277 -0.620 0.339 0.210 -0.374 -0.111 0.202 0.411 -0.453 0.046
1974 -0.649 -0.042 0.275 0.093 0.053 -0.319 -0.554 -0.363 -0.399 -0.461 0.281 1.038
1975 0.390 0.278 0.205 0.206 0.238 -0.208 -0.190 -0.181 0.110 0.438 0.381 0.880
1976 -0.022 0.408 -0.094 0.314 0.086 -0.455 -0.276 0.027 -0.043 -0.073 0.816 0.027
1977 -1.409 -0.121 0.069 0.591 0.148 -0.129 -0.421 -0.208 0.361 -0.050 0.107 0.230
1978 0.282 -0.011 0.178 -0.265 -0.210 -0.125 -0.426 -0.496 -0.066 0.221 0.773 -0.217
1979 -0.163 0.564 -0.726 -0.060 0.022 0.018 -0.140 -0.500 -0.394 -0.147 0.321 0.634
1980 -0.570 0.240 -0.366 -0.142 -0.512 0.380 -0.085 0.116 0.071 -0.145 -0.099 -0.056
1981 0.626 0.111 -0.602 -0.162 0.257 -0.137 0.144 -0.765 -0.362 -0.945 -0.080 -0.172
1982 0.084 0.244 0.098 0.472 -0.055 0.070 0.193 0.057 0.413 -0.088 -0.256 0.003
1983 0.122 0.399 -0.306 0.028 -0.198 0.252 0.127 0.332 -0.157 0.331 0.149 -0.406
1984 -0.355 -0.078 0.119 -0.014 0.470 -0.223 -0.625 -0.308 -0.312 -0.593 -0.186 0.312
1985 -0.430 -0.471 0.462 0.100 -0.056 -0.352 -0.602 -0.118 -0.343 0.371 -0.278 -1.088
1986 -0.107 0.209 0.918 0.425 -0.159 0.432 0.075 -0.388 0.483 0.261 -0.097 -0.002
1987 0.111 -0.193 -0.084 -0.352 -0.041 0.050 0.182 -0.039 0.203 0.329 0.223 -0.327
1988 0.197 -0.416 0.183 0.136 -0.942 0.015 -0.107 -0.383 0.767 0.618 -0.001 0.555
1989 0.687 0.754 0.379 0.011 0.088 0.507 0.470 -0.032 0.247 0.341 0.639 -0.364
1990 -0.621 0.108 0.659 0.603 0.675 -0.377 -0.330 -0.040 -0.685 0.642 0.255 0.431
1991 -0.103 0.217 -0.151 0.853 0.087 -0.169 0.080 0.141 -0.223 0.426 0.473 0.900
1992 0.528 0.262 0.181 -0.453 1.201 0.443 0.424 0.076 -0.578 0.523 -0.056 0.478
1993 0.817 0.447 0.862 -0.135 -0.502 -0.455 -0.284 -0.614 -0.251 0.198 0.656 0.035
1994 -0.521 -0.019 0.420 -0.203 0.330 -0.132 0.127 0.468 0.259 0.530 0.435 0.649
1995 -0.091 0.082 -0.025 -0.712 -0.222 0.304 -0.030 0.025 -0.151 0.139 -0.126 0.131
1996 -0.088 0.465 0.148 -0.786 0.437 -0.047 0.438 0.021 -0.365 -0.082 -0.226 -0.362
1997 0.733 0.325 -0.266 0.325 -0.397 -0.015 -0.028 0.276 0.050 -0.094 0.067 0.394
1998 -0.659 0.421 -0.102 -0.133 0.392 -0.148 -0.227 -0.277 -0.231 -0.332 -1.155 -0.049
1999 -0.092 -0.018 -0.713 0.042 -0.414 0.275 0.177 -0.090 -0.194 0.024 -0.056 0.050
2000 0.120 -0.255 -0.547 -0.176 0.380 0.335 -0.222 -0.061 0.237 -0.188 -0.178 -0.596
2001 -0.278 -0.396 -0.344 0.527 0.243 -0.350 0.098 -0.011 -0.294 0.185 0.513 0.086
2002 0.096 0.212 -0.231 0.650 0.019 0.093 0.277 -0.066 0.439 -0.797 -0.331 -0.172
2003 0.172 0.499 0.545 0.188 0.229 -0.123 -0.101 -0.212 0.391 -0.527 -0.262 0.240
2004 -0.362 -0.519 -0.177 -0.752 -0.488 -0.009 -0.363 0.302 -0.104 -0.110 0.280 0.305
2005 -0.419 -0.270 -0.013 0.044 -0.444 -0.425 0.167 0.177 0.423 0.131 -0.190 -0.272
2006 -0.619 -0.029 -0.780 -0.495 -0.098 0.204 0.291 0.326 0.538 -0.448 -0.305 0.375
2007 0.289 -0.695 0.248 -0.066 0.176 -0.266 -0.286 0.463 0.138 -0.084 -0.244 -0.054
2008 0.054 0.121 0.005 -0.289 -0.278 -0.053 -0.281 0.029 -0.314 0.500 0.055 -0.034
2009 0.078 -0.304 -0.203 0.531 0.091 -0.079 -0.433 0.074 0.165 -0.852 -0.056 -0.826
2010 0.029 -1.215 -0.682 -0.208 -0.782 0.382 0.651 0.638 -0.191 -0.410 0.337 -0.222
2011 -0.313 0.040 0.387 0.258 -0.319 -0.440 -0.189 -0.132 -0.186 0.207 0.156 0.400
2012 -0.758 0.031 -0.225 -0.285 -0.047 -0.628 0.131 0.312 -0.276 -0.519 -0.230 -0.020
2013 -0.706 -0.008 -1.166 -0.415 0.123 0.273 -0.037 0.063 -0.618 0.177 0.982 -0.319
2014 -0.657 -0.675 0.083 0.407 0.350 -0.057 -0.028 0.412 0.302 -0.619 0.207 -0.228
2015 -0.101 0.717 0.358 -0.163 0.085 0.076 -0.196 0.158 0.031 -0.288 0.106 0.242
2016 -0.817 -0.959 -0.116 -0.642 -0.508 0.069 0.042 0.846 -0.232 -1.043 -0.868 -0.137
2017 0.360 0.188 0.490 -0.305 -0.112 0.235 0.349 0.547 -0.508 -0.479 -0.890 -0.701
2018 -0.638 -0.756 -0.252 -0.230 0.041 -0.052 0.356 0.077 0.134 -0.415 -0.069 0.453
2019 -0.048 0.464 0.408 -0.255 -0.887 -0.023 -0.310 0.263 -0.084 -0.323 0.060 -0.163
2020 0.257 0.366 0.864 0.200 -0.529 0.166 -0.204 -0.080 0.079 -0.687 0.116 -0.200
2021 -0.709 -1.123 0.343 -0.053 -0.170 0.500 0.488 0.041 -0.421 -0.281 0.035 -0.111
2022 -0.072 -0.212 -0.105 -0.275 0.348 -0.253 0.201 0.135 -0.266 0.154 -0.123 -0.539
2023 -0.559 -0.106 0.143 -0.231 0.795 0.210 0.048 -0.013 0.169 -0.450 -0.028 -0.257
2024 -0.236 -0.472 -0.028 0.205 -0.161 -0.077 0.324 0.163 -0.094 -0.424 -0.294 -0.205
2025 -0.099 -1.015 -0.180 -0.249 -0.084 0.116 0.497 -0.284 -0.036 -0.531 -0.275 -0.206
