1951 2021
1951 2.500 1.500 -0.200 -0.500 -1.100 0.300 -1.700 -0.400 -1.800 -1.600 -1.300 -1.200
1952 -1.500 -1.000 0.900 -0.400 1.200 1.200 0.800 0.100 -0.400 0.600 0.000 -2.000
1953 0.500 -0.800 -0.300 0.300 -2.800 0.200 0.000 -2.000 -2.100 0.100 -0.500 -0.800
1954 1.100 -0.500 0.400 1.100 0.800 0.200 0.700 1.800 0.300 0.400 0.200 2.300
1955 -0.900 3.100 1.100 -0.200 1.700 2.200 2.600 2.400 2.200 2.500 2.000 1.600
1956 2.200 2.700 2.200 1.500 2.300 1.800 1.800 2.000 0.100 2.900 0.200 1.800
1957 1.000 -0.100 0.300 0.400 -1.100 0.300 0.400 -0.800 -1.500 0.100 -1.600 -0.500
1958 -3.100 -0.800 0.400 0.600 -0.800 0.500 0.700 1.500 -0.500 0.100 -0.700 -1.000
1959 -1.500 -2.300 2.100 0.700 0.800 -0.200 -0.400 -0.200 0.000 0.800 1.500 1.500
1960 0.200 0.200 1.700 1.300 0.900 0.200 0.800 1.300 1.100 0.200 0.900 1.300
1961 -0.400 1.500 -3.000 1.300 0.500 0.200 0.400 0.200 0.100 -0.500 0.900 2.500
1962 3.300 -0.500 0.200 0.300 1.800 1.200 0.100 1.000 0.700 1.600 0.500 0.300
1963 1.700 0.900 1.900 1.300 0.600 -0.800 -0.200 0.000 -1.000 -2.000 -1.400 -2.000
1964 -0.600 0.100 1.900 1.800 0.400 1.200 0.900 2.500 2.100 2.200 0.300 -0.500
1965 -0.700 0.700 1.200 -0.900 0.300 -0.900 -3.000 -1.100 -2.200 -1.500 -2.400 0.300
1966 -2.200 -0.400 -1.500 -0.300 -0.700 0.500 0.100 1.100 -0.400 -0.200 0.000 -0.600
1967 2.800 2.800 2.000 -0.100 0.000 1.100 0.300 1.200 0.800 0.100 -0.700 -0.900
1968 0.900 2.100 0.200 0.000 2.100 1.800 1.100 0.400 -0.400 -0.100 -0.600 0.300
1969 -2.400 -0.900 0.700 -0.600 -0.400 0.300 -0.800 -0.200 -1.600 -1.500 -0.100 0.700
1970 -1.900 -1.700 1.000 -0.100 0.600 1.600 -0.600 1.000 1.900 1.700 2.600 3.200
1971 0.600 3.300 3.800 2.800 1.400 0.700 0.400 2.500 2.300 2.800 0.900 0.400
1972 0.800 1.800 1.100 -0.200 -2.600 -0.900 -2.400 -0.800 -2.200 -1.500 -0.600 -2.100
1973 -0.500 -2.300 1.200 0.100 0.700 1.800 1.000 2.100 2.000 1.300 4.300 3.000
1974 4.000 3.400 4.000 1.600 1.600 0.700 1.900 1.300 1.800 1.500 -0.200 0.300
1975 -0.800 1.300 2.600 1.900 1.100 2.100 3.100 3.300 3.400 2.800 1.900 3.500
1976 2.300 2.800 2.900 0.500 0.600 0.400 -1.400 -1.300 -1.900 0.700 1.200 -0.600
1977 -0.700 2.000 -0.900 -0.700 -0.800 -1.500 -1.900 -1.300 -1.300 -1.700 -2.100 -1.700
1978 -0.500 -4.400 -0.300 -0.500 2.200 1.100 0.900 0.700 0.100 -0.600 0.000 -0.100
1979 -0.700 1.600 0.200 -0.200 0.800 1.100 2.200 -0.300 0.200 -0.200 -0.700 -1.200
1980 0.700 0.500 -0.700 -1.000 0.000 0.000 -0.100 0.600 -0.800 0.000 -0.600 -0.100
1981 0.600 -0.300 -2.100 -0.200 1.300 2.000 1.400 1.200 0.500 -0.600 0.300 0.800
1982 2.000 0.400 1.000 0.100 -0.600 -1.700 -2.500 -2.900 -2.900 -2.800 -4.300 -3.700
1983 -5.800 -6.000 -4.000 -1.500 1.000 0.100 -1.000 0.200 1.400 0.700 -0.200 0.000
1984 0.300 1.400 -0.400 0.600 0.300 -0.600 0.300 0.700 0.200 -0.500 0.400 -0.200
1985 -0.500 2.000 1.300 1.900 0.700 -0.600 -0.200 1.600 0.000 -0.600 -0.300 0.400
1986 1.600 -1.700 0.800 0.500 -0.400 1.600 0.500 -0.600 -0.800 1.100 -2.000 -2.400
1987 -1.100 -2.100 -2.100 -2.300 -2.100 -1.800 -2.200 -1.500 -1.700 -0.600 0.000 -0.800
1988 -0.200 -0.600 1.100 0.200 1.500 0.100 1.700 2.500 3.000 2.300 2.800 2.000
1989 2.500 2.000 1.800 2.700 2.000 1.200 1.500 -0.500 0.800 1.300 -0.400 -0.900
1990 -0.100 -3.000 -0.700 0.300 2.000 0.500 0.900 -0.300 -1.200 0.400 -0.800 -0.400
1991 1.000 0.400 -1.100 -1.000 -1.700 -0.200 0.000 -0.700 -2.500 -1.700 -1.100 -2.900
1992 -4.700 -1.500 -3.300 -1.700 0.400 -1.000 -1.000 0.600 0.100 -2.300 -1.100 -0.900
1993 -1.500 -1.200 -0.800 -1.900 -0.600 -1.400 -1.300 -1.600 -1.200 -1.800 -0.100 0.300
1994 -0.200 0.400 -1.100 -2.100 -1.100 -0.700 -2.200 -2.000 -2.600 -1.900 -0.900 -2.000
1995 -0.700 -0.200 1.200 -1.100 -0.600 0.200 0.700 0.500 0.400 0.000 0.100 -0.800
1996 1.600 0.400 1.900 1.300 0.500 1.900 1.100 1.200 1.000 1.000 -0.100 1.500
1997 0.800 2.900 -0.700 -1.000 -2.200 -2.300 -1.200 -2.400 -2.400 -2.400 -2.000 -1.600
1998 -4.400 -3.400 -4.000 -2.400 0.400 1.600 2.000 1.900 1.700 1.800 1.700 2.300
1999 3.000 1.600 2.100 2.300 0.400 0.400 0.900 0.600 -0.100 1.600 1.700 2.400
2000 1.100 2.700 2.200 2.000 0.600 -0.300 -0.300 1.200 1.400 1.800 3.000 1.300
2001 1.600 2.800 1.500 0.300 -0.800 0.500 -0.300 -0.700 0.300 -0.100 1.100 -1.400
2002 0.700 1.800 -0.400 -0.100 -1.400 -0.400 -0.800 -1.600 -1.000 -0.600 -0.700 -1.800
2003 -0.300 -1.100 -0.500 -0.200 -0.500 -1.000 0.500 0.200 -0.200 0.000 -0.500 1.800
2004 -2.200 2.000 0.700 -1.500 1.700 -1.400 -0.800 -0.500 -0.600 -0.100 -1.100 -1.300
2005 0.600 -5.200 0.500 -1.000 -1.300 0.700 0.300 -0.600 0.600 2.000 -0.300 0.000
2006 2.700 0.200 2.900 1.800 -0.800 -0.400 -1.000 -1.700 -1.000 -2.100 0.100 -0.500
2007 -1.300 -0.100 0.300 -0.200 -0.200 0.900 -0.500 0.700 0.300 1.200 1.400 2.700
2008 2.900 4.400 2.400 1.100 -0.100 1.000 0.500 1.700 2.000 2.100 2.200 2.400
2009 1.800 3.100 0.700 1.300 -0.200 0.200 0.400 -0.300 0.500 -2.000 -1.000 -1.200
2010 -1.800 -2.400 -1.100 2.000 1.500 0.600 3.000 3.000 3.700 2.900 2.100 4.800
2011 3.800 4.500 4.200 3.100 0.600 0.400 1.600 0.700 1.700 1.200 1.800 4.100
2012 1.800 0.800 1.200 -0.400 0.100 -0.700 -0.100 -0.300 0.400 0.500 0.400 -1.000
2013 -0.100 -0.400 2.500 0.400 1.300 2.000 1.300 0.300 0.500 -0.100 1.200 0.100
2014 2.400 0.100 -1.500 1.300 0.900 0.300 -0.300 -1.200 -1.200 -1.000 -1.500 -0.900
2015 -1.400 0.400 -1.200 -0.100 -1.200 -0.900 -1.900 -2.400 -2.700 -2.800 -0.800 -0.900
2016 -3.600 -3.200 -0.100 -2.000 0.700 1.100 0.700 1.200 2.000 -0.400 -0.200 0.500
2017 0.300 -0.100 1.500 -0.300 0.400 -0.700 1.300 0.900 1.000 1.500 1.500 -0.200
2018 1.800 -0.800 2.400 0.800 0.600 -0.200 0.400 -0.500 -1.500 0.600 -0.100 1.700
2019 -0.100 -2.300 -0.500 0.200 -0.700 -0.700 -0.600 -0.200 -1.900 -0.600 -1.400 -0.900
2020 0.300 -0.100 -0.200 0.300 0.700 -0.600 0.700 1.800 1.500 0.800 1.100 3.000
2021 3.200 2.500 0.600 0.600 0.800 0.700 2.300 1.000 1.300 1.200 1.600 2.500
