1951 2025
1951 14.784 12.919 12.915 14.713 20.025 22.519 29.003 29.657 26.976 19.582 17.567 15.388
1952 16.355 13.946 14.720 14.029 17.792 25.542 29.499 30.742 27.898 27.051 17.701 14.442
1953 13.163 14.803 14.804 14.618 16.447 25.478 29.464 29.335 27.701 20.393 19.918 14.716
1954 14.604 12.609 14.012 14.791 16.931 23.056 32.715 30.748 31.049 21.517 15.311 17.434
1955 14.953 14.436 14.414 14.954 18.096 23.119 30.917 31.899 29.270 20.851 16.825 18.056
1956 -999.000 14.487 14.380 15.161 21.412 24.622 30.791 29.966 28.935 20.025 17.586 18.179
1957 16.223 11.575 12.503 13.481 17.459 21.086 29.303 29.461 26.331 19.419 15.686 14.758
1958 12.692 13.879 13.286 16.155 21.971 23.136 29.037 29.903 27.382 19.799 23.141 15.219
1959 14.681 20.570 18.589 13.911 16.296 21.830 30.914 29.536 26.443 24.653 16.229 14.386
1960 15.730 13.753 14.517 13.662 16.269 23.897 31.187 30.670 30.544 21.297 17.893 15.264
1961 15.790 16.142 13.820 16.178 19.668 25.495 30.752 30.643 33.069 22.978 16.287 16.817
1962 17.298 15.228 15.429 14.604 20.103 24.846 29.066 30.803 27.571 22.500 14.877 15.009
1963 17.402 14.786 17.546 15.120 21.444 21.290 28.903 31.727 28.199 19.562 15.620 15.516
1964 18.303 14.737 19.119 18.825 19.403 23.341 29.089 28.421 29.323 18.978 17.581 20.858
1965 -999.000 16.047 15.979 14.279 16.778 23.984 30.740 29.866 29.393 21.324 15.459 14.540
1966 13.178 14.941 12.238 14.207 18.623 22.265 27.813 29.481 24.296 20.492 15.042 14.722
1967 14.682 14.600 13.979 15.589 19.356 23.039 29.943 30.732 24.236 19.749 16.295 14.248
1968 13.674 12.276 14.144 14.074 16.967 23.646 29.995 28.287 25.357 19.299 16.234 14.198
1969 10.938 13.086 15.619 13.292 16.326 20.827 29.164 28.622 25.347 19.015 15.123 14.118
1970 13.877 12.777 12.934 18.513 16.611 23.070 27.827 30.000 29.046 19.012 15.225 16.622
1971 16.657 14.909 14.084 13.317 18.701 22.898 30.016 31.973 23.388 20.025 15.821 19.688
1972 21.519 13.231 12.490 13.875 17.996 21.195 27.537 28.210 24.892 24.801 20.092 15.795
1973 18.113 14.262 15.936 16.291 18.191 22.195 27.908 29.863 25.351 19.768 15.767 13.465
1974 19.155 16.402 13.118 15.188 16.900 24.278 28.131 28.456 27.864 19.557 15.317 16.126
1975 17.216 13.728 13.223 20.220 18.856 21.751 30.964 28.868 29.831 27.500 16.075 14.745
1976 14.706 14.240 13.740 13.121 18.569 24.055 27.628 28.810 23.599 21.189 21.643 14.996
1977 13.322 19.298 20.315 13.441 16.908 23.735 31.153 30.763 23.850 21.781 15.697 19.475
1978 13.323 14.838 15.000 14.007 19.327 23.145 29.384 29.102 26.040 -999.000 22.500 15.196
1979 14.265 14.363 12.921 14.722 16.521 21.203 28.009 27.705 25.082 25.145 15.407 14.228
1980 12.497 13.216 17.825 15.944 16.051 24.111 30.265 28.095 26.836 21.494 21.351 13.311
1981 12.250 13.415 15.054 19.040 18.100 22.440 28.928 26.811 24.987 22.946 15.604 14.169
1982 15.088 11.633 14.082 18.679 17.406 21.827 27.855 30.098 25.373 21.792 15.062 14.312
1983 13.039 10.000 11.400 13.321 16.920 19.949 28.791 28.963 24.023 21.010 15.550 19.657
1984 17.615 13.598 13.283 16.427 19.262 21.144 31.463 27.780 22.709 21.170 14.948 16.828
1985 14.467 14.832 15.387 13.540 17.606 22.955 29.693 28.492 25.622 23.485 15.820 21.464
1986 14.065 12.402 13.713 14.702 17.721 23.429 30.465 28.536 24.880 22.876 24.195 19.556
1987 14.144 12.895 11.569 15.236 18.333 22.777 25.810 27.214 25.000 24.066 19.265 18.701
1988 20.006 12.884 15.541 14.841 16.753 22.158 30.108 30.166 26.301 22.704 18.115 15.200
1989 16.991 16.248 11.940 13.142 19.297 22.928 29.313 29.740 27.495 23.620 20.000 19.507
1990 16.727 19.932 14.406 13.386 17.766 26.368 28.375 27.561 27.639 19.794 22.500 22.160
1991 20.791 13.818 17.952 16.295 18.064 24.002 27.911 28.258 26.490 20.368 17.393 15.016
1992 14.167 12.985 15.939 13.065 17.075 22.055 28.698 29.296 27.896 19.467 15.910 21.019
1993 14.573 12.506 13.436 12.732 17.287 23.126 28.376 28.408 27.049 23.990 25.881 14.694
1994 15.858 15.737 13.762 14.681 17.966 24.867 30.395 29.706 24.858 18.497 20.729 15.000
1995 13.712 15.000 12.483 13.655 17.093 21.513 29.034 29.566 26.167 24.465 17.500 13.999
1996 14.032 13.786 13.459 13.760 17.645 23.508 30.570 28.572 25.489 21.626 15.675 13.488
1997 10.993 16.459 19.949 12.929 17.344 21.824 27.963 27.937 24.036 17.540 21.241 17.948
1998 11.323 11.213 11.573 14.434 16.360 21.866 29.469 28.783 25.485 21.463 -999.000 -999.000
1999 15.790 14.226 13.474 18.619 19.959 24.736 29.042 29.766 25.683 28.779 15.367 15.606
2000 15.118 14.783 13.796 17.245 18.490 26.146 28.889 29.485 26.300 28.026 20.000 21.907
2001 16.135 16.136 11.945 16.175 18.072 24.727 30.448 28.407 25.004 22.684 16.952 14.923
2002 20.794 17.163 17.064 20.029 18.114 23.706 27.752 29.280 24.938 24.872 22.662 19.742
2003 15.803 18.851 16.915 14.937 17.186 23.705 29.493 28.717 26.009 20.837 21.571 15.755
2004 13.150 17.212 16.941 14.701 17.143 23.482 28.450 26.791 25.551 21.207 20.160 14.687
2005 13.544 14.269 14.524 13.681 16.776 21.218 27.506 29.249 26.661 21.954 18.022 14.669
2006 15.837 17.171 13.245 17.468 16.911 24.103 28.889 27.296 24.609 20.383 16.184 16.913
2007 14.651 17.138 14.163 14.144 16.673 22.503 28.476 29.153 24.999 23.074 20.000 20.812
2008 16.395 14.339 14.729 18.829 17.309 23.291 28.171 28.708 25.333 22.229 16.392 20.428
2009 24.617 15.691 14.331 14.232 17.433 21.613 27.514 29.136 24.340 21.477 15.710 19.031
2010 17.364 13.277 13.985 12.333 16.914 24.446 29.280 28.014 26.575 20.622 14.811 13.375
2011 14.044 16.472 14.041 19.158 16.888 22.855 30.771 28.021 25.369 22.796 16.098 18.139
2012 13.693 15.545 15.805 15.188 18.546 22.253 29.799 28.381 23.425 19.203 17.988 13.904
2013 17.767 14.479 12.371 13.546 16.557 26.849 28.841 29.664 25.055 22.931 16.404 23.287
2014 23.091 18.953 14.154 15.107 15.522 21.600 27.589 27.685 26.554 20.679 23.373 14.648
2015 16.590 13.631 18.464 15.355 17.913 23.645 28.078 28.247 23.169 20.546 18.687 16.938
2016 13.604 13.345 12.511 12.654 17.592 23.418 28.538 28.774 27.415 20.287 15.818 20.143
2017 15.891 11.880 12.282 13.740 16.643 23.792 29.433 29.123 25.560 21.385 19.560 19.119
2018 16.707 22.855 15.012 13.085 16.936 24.157 31.157 28.558 26.171 17.612 16.476 16.787
2019 14.861 17.324 13.121 12.751 14.150 21.403 28.431 29.302 27.459 21.880 17.246 15.314
2020 14.568 15.399 16.343 14.968 14.858 23.527 28.162 28.519 27.901 20.659 17.235 12.252
2021 17.546 -999.000 17.806 13.657 17.192 26.733 28.804 28.977 26.347 18.855 16.385 17.705
2022 12.158 15.673 14.650 14.295 15.999 24.658 30.617 30.168 27.342 22.740 19.965 14.791
2023 15.188 18.029 15.002 13.680 14.337 20.084 27.608 27.901 24.494 20.145 16.210 13.464
2024 14.603 13.352 13.146 13.850 16.330 22.251 28.831 29.116 24.337 20.639 16.756 15.240
2025 17.242 16.550 13.888 14.209 17.623 26.315 27.303 28.502 25.845 21.033 16.227 16.014
