1951 2025
1951 145.000 277.500 25.000 25.000 75.000 50.000 282.500 157.500 120.000 245.000 110.000 280.000
1952 280.000 277.500 90.000 195.000 105.000 175.000 130.000 15.000 265.000 117.500 142.500 197.500
1953 280.000 357.500 67.500 70.000 177.500 265.000 222.500 230.000 55.000 285.000 290.000 290.000
1954 280.000 240.000 107.500 62.500 172.500 277.500 155.000 345.000 347.500 275.000 287.500 237.500
1955 52.500 265.000 277.500 152.500 287.500 245.000 320.000 242.500 157.500 112.500 67.500 95.000
1956 275.000 260.000 272.500 257.500 275.000 357.500 180.000 260.000 35.000 137.500 282.500 287.500
1957 285.000 255.000 75.000 292.500 112.500 267.500 155.000 175.000 115.000 290.000 270.000 62.500
1958 150.000 260.000 75.000 280.000 247.500 105.000 20.000 87.500 212.500 187.500 285.000 95.000
1959 140.000 97.500 25.000 277.500 267.500 22.500 195.000 347.500 280.000 277.500 267.500 207.500
1960 267.500 82.500 270.000 292.500 287.500 205.000 230.000 92.500 280.000 70.000 260.000 62.500
1961 277.500 325.000 290.000 60.000 92.500 297.500 217.500 282.500 277.500 262.500 195.000 55.000
1962 102.500 287.500 42.500 102.500 180.000 155.000 170.000 152.500 307.500 105.000 267.500 67.500
1963 272.500 82.500 272.500 97.500 290.000 300.000 70.000 230.000 117.500 245.000 45.000 85.000
1964 90.000 277.500 277.500 235.000 117.500 280.000 265.000 155.000 262.500 287.500 82.500 252.500
1965 350.000 265.000 35.000 280.000 65.000 295.000 272.500 282.500 270.000 170.000 142.500 247.500
1966 62.500 137.500 315.000 280.000 97.500 197.500 277.500 247.500 37.500 100.000 275.000 267.500
1967 100.000 287.500 260.000 117.500 227.500 287.500 237.500 200.000 285.000 117.500 275.000 50.000
1968 305.000 285.000 57.500 77.500 92.500 75.000 275.000 40.000 187.500 122.500 92.500 120.000
1969 145.000 120.000 285.000 112.500 275.000 285.000 217.500 207.500 297.500 332.500 272.500 135.000
1970 277.500 277.500 145.000 142.500 285.000 275.000 215.000 327.500 172.500 235.000 140.000 10.000
1971 72.500 282.500 117.500 77.500 95.000 90.000 0.000 242.500 247.500 112.500 45.000 295.000
1972 282.500 272.500 292.500 82.500 267.500 290.000 35.000 85.000 275.000 282.500 267.500 280.000
1973 147.500 15.000 277.500 115.000 80.000 95.000 160.000 7.500 272.500 90.000 42.500 75.000
1974 272.500 240.000 280.000 265.000 267.500 202.500 190.000 167.500 275.000 115.000 240.000 245.000
1975 270.000 300.000 290.000 207.500 340.000 37.500 260.000 237.500 262.500 107.500 137.500 30.000
1976 272.500 290.000 285.000 300.000 277.500 277.500 97.500 132.500 52.500 217.500 125.000 280.000
1977 160.000 265.000 72.500 117.500 120.000 292.500 307.500 265.000 227.500 270.000 272.500 277.500
1978 45.000 105.000 287.500 280.000 275.000 282.500 277.500 245.000 10.000 267.500 290.000 150.000
1979 112.500 275.000 267.500 92.500 57.500 247.500 190.000 275.000 350.000 257.500 125.000 265.000
1980 267.500 35.000 265.000 285.000 92.500 100.000 270.000 202.500 240.000 132.500 265.000 25.000
1981 35.000 287.500 72.500 75.000 112.500 15.000 210.000 237.500 337.500 282.500 40.000 137.500
1982 260.000 285.000 275.000 220.000 135.000 32.500 52.500 212.500 357.500 217.500 262.500 280.000
1983 300.000 287.500 287.500 275.000 265.000 357.500 297.500 302.500 207.500 237.500 60.000 277.500
1984 290.000 302.500 275.000 95.000 162.500 162.500 235.000 292.500 280.000 277.500 92.500 277.500
1985 300.000 252.500 277.500 267.500 62.500 352.500 252.500 242.500 205.000 315.000 287.500 280.000
1986 275.000 82.500 280.000 90.000 135.000 127.500 242.500 195.000 85.000 227.500 282.500 282.500
1987 277.500 260.000 107.500 292.500 280.000 100.000 25.000 267.500 172.500 67.500 290.000 135.000
1988 85.000 277.500 107.500 90.000 280.000 315.000 92.500 217.500 130.000 77.500 60.000 47.500
1989 137.500 290.000 287.500 117.500 282.500 152.500 195.000 52.500 282.500 275.000 252.500 50.000
1990 265.000 265.000 325.000 140.000 90.000 170.000 272.500 82.500 252.500 282.500 107.500 267.500
1991 282.500 292.500 252.500 100.000 97.500 260.000 0.000 232.500 307.500 110.000 65.000 287.500
1992 285.000 292.500 107.500 292.500 180.000 132.500 12.500 155.000 207.500 102.500 295.000 100.000
1993 277.500 60.000 145.000 75.000 95.000 277.500 125.000 242.500 265.000 112.500 275.000 125.000
1994 280.000 272.500 285.000 172.500 77.500 290.000 20.000 125.000 227.500 77.500 115.000 187.500
1995 112.500 287.500 282.500 125.000 272.500 345.000 270.000 187.500 275.000 75.000 82.500 90.000
1996 280.000 140.000 282.500 95.000 92.500 237.500 357.500 237.500 252.500 220.000 7.500 110.000
1997 67.500 287.500 287.500 67.500 265.000 85.000 297.500 260.000 295.000 120.000 122.500 100.000
1998 275.000 100.000 147.500 82.500 62.500 122.500 157.500 177.500 102.500 280.000 172.500 47.500
1999 265.000 295.000 152.500 77.500 290.000 357.500 50.000 285.000 152.500 342.500 132.500 277.500
2000 277.500 292.500 22.500 87.500 262.500 112.500 25.000 307.500 155.000 227.500 242.500 265.000
2001 287.500 275.000 262.500 107.500 147.500 152.500 232.500 230.000 132.500 62.500 52.500 157.500
2002 285.000 290.000 282.500 115.000 112.500 75.000 210.000 222.500 105.000 252.500 277.500 162.500
2003 72.500 282.500 75.000 110.000 110.000 47.500 202.500 207.500 50.000 125.000 202.500 65.000
2004 92.500 262.500 265.000 280.000 257.500 282.500 207.500 165.000 257.500 257.500 62.500 282.500
2005 287.500 272.500 97.500 72.500 12.500 295.000 67.500 40.000 55.000 102.500 247.500 287.500
2006 280.000 152.500 130.000 297.500 122.500 287.500 332.500 357.500 112.500 105.000 295.000 252.500
2007 275.000 110.000 275.000 22.500 285.000 275.000 105.000 45.000 2.500 115.000 275.000 287.500
2008 185.000 280.000 267.500 87.500 82.500 152.500 147.500 55.000 285.000 357.500 320.000 282.500
2009 90.000 140.000 257.500 75.000 277.500 67.500 250.000 152.500 297.500 42.500 212.500 82.500
2010 267.500 137.500 162.500 180.000 265.000 72.500 177.500 102.500 120.000 115.000 80.000 80.000
2011 260.000 282.500 70.000 285.000 290.000 185.000 80.000 185.000 277.500 280.000 190.000 282.500
2012 277.500 287.500 280.000 25.000 95.000 152.500 112.500 77.500 347.500 172.500 262.500 140.000
2013 270.000 262.500 145.000 7.500 162.500 200.000 265.000 277.500 285.000 102.500 0.000 280.000
2014 280.000 280.000 292.500 80.000 70.000 25.000 2.500 82.500 297.500 105.000 100.000 287.500
2015 290.000 320.000 110.000 295.000 310.000 27.500 57.500 202.500 227.500 270.000 277.500 287.500
2016 145.000 277.500 277.500 25.000 102.500 190.000 155.000 105.000 237.500 277.500 282.500 77.500
2017 95.000 280.000 245.000 87.500 112.500 107.500 145.000 215.000 282.500 270.000 137.500 275.000
2018 287.500 280.000 70.000 82.500 287.500 20.000 220.000 250.000 265.000 295.000 102.500 250.000
2019 280.000 127.500 297.500 95.000 130.000 62.500 162.500 232.500 82.500 240.000 270.000 257.500
2020 295.000 15.000 100.000 202.500 282.500 140.000 355.000 285.000 305.000 137.500 267.500 140.000
2021 127.500 265.000 122.500 145.000 65.000 100.000 280.000 212.500 180.000 127.500 77.500 135.000
2022 285.000 290.000 280.000 280.000 252.500 132.500 140.000 87.500 282.500 132.500 275.000 125.000
2023 285.000 282.500 105.000 255.000 132.500 295.000 140.000 210.000 27.500 57.500 140.000 192.500
2024 57.500 290.000 95.000 135.000 77.500 290.000 260.000 202.500 127.500 112.500 82.500 70.000
2025 275.000 280.000 37.500 55.000 315.000 147.500 312.500 197.500 120.000 172.500 120.000 267.500
