1951 2025
1951 2061.933 2058.903 2191.185 2183.165 2405.499 2457.027 2518.802 2546.849 2517.635 2457.560 2337.032 2204.143
1952 2164.547 2157.733 2169.744 2400.270 2417.297 2484.774 2513.228 2513.467 2525.235 2458.663 2293.867 2199.651
1953 2048.036 2204.100 2284.351 2328.561 2427.122 2476.578 2531.501 2543.257 2526.128 2422.597 2300.290 2235.025
1954 1998.852 2164.709 2236.394 2332.351 2395.000 2430.099 2455.446 2471.885 2496.892 2362.353 2220.290 2012.411
1955 2038.419 2022.937 2208.848 2215.609 2345.116 2407.902 2448.331 2504.057 2529.396 2416.125 2260.376 2079.528
1956 1956.573 2058.370 2195.846 2344.639 2413.888 2450.534 2512.712 2479.658 2494.739 2438.774 2282.732 2104.012
1957 2039.127 1974.860 2159.535 2274.826 2358.407 2395.262 2483.854 2516.286 2475.208 2360.330 2281.406 2180.068
1958 2107.559 2027.846 2220.780 2376.727 2353.368 2427.695 2495.850 2481.364 2515.733 2428.676 2356.839 2219.536
1959 2074.525 2002.821 2211.129 2347.215 2359.359 2443.890 2494.170 2499.751 2483.211 2421.015 2272.626 2222.257
1960 2046.167 2171.152 2153.613 2256.546 2362.748 2425.145 2472.657 2491.696 2454.824 2382.101 2243.140 2209.419
1961 2092.215 1933.812 2110.276 2253.542 2335.220 2437.571 2472.805 2464.466 2443.182 2379.664 2174.629 1987.185
1962 1970.760 2052.082 2111.703 2260.853 2288.865 2377.158 2447.587 2466.867 2451.017 2340.552 2218.667 2097.365
1963 2027.987 2089.208 2137.287 2240.286 2336.384 2430.750 2454.410 2483.393 2483.374 2395.152 2212.549 2121.248
1964 1953.268 2036.068 2209.889 2309.650 2318.923 2404.834 2459.168 2473.915 2468.161 2442.985 2256.341 2151.734
1965 2116.333 2005.782 2123.525 2294.936 2394.523 2424.682 2489.432 2499.427 2489.954 2417.751 2289.062 2161.792
1966 2114.938 2153.606 2197.777 2312.785 2434.455 2487.668 2497.753 2511.849 2481.212 2378.737 2287.163 2135.757
1967 2041.544 2052.147 2088.864 2261.087 2355.237 2446.166 2506.568 2515.952 2504.316 2366.213 2129.730 2119.579
1968 1945.844 1931.327 2134.226 2319.636 2357.088 2472.202 2513.872 2507.737 2525.890 2367.195 2286.642 2116.742
1969 1961.806 2052.720 2265.634 2339.088 2434.797 2459.013 2520.151 2552.943 2504.433 2402.599 2310.240 2197.718
1970 2016.468 2042.463 2122.442 2359.755 2427.562 2497.158 2479.842 2571.489 2495.734 2430.451 2243.162 2147.376
1971 1993.091 1992.315 2227.591 2306.948 2348.836 2440.628 2493.660 2505.527 2470.763 2410.989 2280.619 2165.780
1972 2086.769 1940.189 2221.721 2252.863 2400.629 2459.037 2452.800 2530.837 2492.483 2400.475 2267.236 2156.244
1973 2055.845 2104.597 2216.877 2350.717 2423.310 2446.967 2517.564 2544.692 2546.790 2420.520 2280.579 2144.973
1974 1940.890 1994.891 2156.598 2311.064 2389.173 2415.184 2459.635 2465.021 2470.020 2419.820 2245.202 2037.024
1975 2001.697 2012.492 2146.370 2278.240 2352.164 2430.000 2488.403 2539.221 2513.049 2408.380 2218.679 2097.812
1976 2044.175 2024.324 2111.885 2279.045 2358.156 2419.810 2505.281 2544.020 2529.810 2411.006 2320.483 2142.109
1977 2020.918 2116.352 2305.689 2292.198 2370.033 2479.247 2532.066 2571.666 2574.840 2474.863 2350.813 2138.235
1978 1990.621 2066.269 2105.935 2346.842 2443.914 2511.927 2553.805 2565.651 2527.154 2470.559 2261.906 2283.079
1979 2122.518 2049.374 2122.874 2397.770 2445.757 2542.458 2568.539 2572.636 2531.922 2481.197 2362.514 2171.335
1980 2016.442 2039.568 2163.102 2371.361 2456.995 2535.863 2566.636 2575.867 2571.438 2431.098 2354.580 2229.464
1981 2045.400 2107.627 2190.071 2335.302 2459.423 2488.223 2555.916 2552.678 2564.506 2432.923 2262.427 2190.027
1982 2149.890 1995.280 2153.069 2296.338 2461.613 2487.678 2546.588 2575.472 2540.356 2471.261 2276.262 2159.389
1983 2051.099 1978.084 2128.947 2252.729 2443.723 2498.151 2564.860 2613.721 2578.256 2460.961 2346.973 2163.729
1984 1993.774 2045.005 2238.204 2321.775 2439.263 2492.119 2519.630 2575.953 2508.346 2461.262 2292.476 2105.652
1985 2040.042 1988.609 2218.865 2315.774 2412.340 2446.134 2551.816 2580.258 2540.646 2456.608 2260.960 2214.854
1986 2118.241 2069.966 2144.838 2293.453 2396.467 2472.336 2582.067 2579.128 2558.556 2436.487 2309.112 2186.213
1987 2176.991 2172.157 2187.188 2335.347 2454.311 2511.162 2550.709 2590.941 2585.958 2460.036 2386.318 2336.408
1988 2141.688 2130.808 2136.144 2390.723 2437.580 2520.121 2582.818 2565.980 2567.645 2438.124 2359.417 2271.044
1989 2025.757 1997.532 2163.146 2244.370 2449.885 2501.145 2568.209 2565.986 2559.187 2470.351 2290.601 2184.664
1990 2175.892 2045.045 2151.393 2253.712 2468.386 2519.356 2540.407 2627.410 2575.511 2443.285 2380.963 2232.337
1991 2033.481 2129.295 2226.196 2308.101 2447.521 2524.502 2549.143 2579.085 2572.395 2426.932 2297.624 2177.827
1992 2132.467 1957.895 2174.686 2356.194 2386.597 2478.183 2541.528 2601.037 2547.408 2428.146 2341.317 2192.986
1993 2035.724 2158.123 2138.146 2342.192 2434.731 2504.990 2543.037 2568.260 2564.802 2463.354 2344.910 2272.536
1994 2122.507 2004.201 2211.961 2294.056 2463.392 2494.753 2556.402 2610.650 2571.512 2435.953 2338.777 2177.928
1995 2030.545 2031.944 2190.332 2289.271 2467.539 2519.401 2533.859 2580.574 2564.590 2473.045 2327.812 2183.556
1996 2025.029 2100.601 2192.942 2315.514 2412.133 2514.235 2540.779 2601.573 2542.528 2447.347 2296.957 2237.310
1997 2034.454 1958.593 2204.193 2312.257 2401.247 2475.609 2563.960 2602.219 2571.900 2441.522 2291.709 2168.479
1998 2073.067 2117.723 2154.853 2390.413 2507.066 2551.056 2566.331 2611.948 2630.276 2516.458 2403.924 2282.272
1999 2107.135 2281.223 2176.686 2384.725 2421.427 2493.860 2524.629 2561.135 2576.626 2463.942 2338.087 2223.044
2000 2052.340 1946.629 2113.026 2302.265 2471.398 2493.971 2539.489 2553.760 2520.113 2457.616 2297.145 2230.736
2001 2075.288 2107.308 2180.524 2321.472 2424.910 2485.223 2572.264 2590.159 2561.183 2482.267 2370.698 2232.612
2002 2081.906 2196.563 2228.334 2332.129 2395.071 2504.467 2538.025 2596.904 2548.640 2444.588 2346.291 2179.692
2003 2177.903 2093.610 2175.980 2364.640 2358.115 2459.725 2562.707 2600.869 2583.784 2498.023 2332.233 2213.027
2004 2055.447 2132.251 2311.023 2351.786 2419.694 2485.205 2527.000 2564.021 2589.934 2455.026 2308.217 2243.144
2005 2060.979 2080.590 2251.087 2352.133 2369.391 2480.425 2571.641 2561.138 2621.200 2489.053 2300.305 2215.455
2006 2188.862 2265.211 2212.906 2316.535 2487.056 2516.357 2585.585 2608.830 2592.091 2507.041 2302.461 2256.102
2007 2160.578 2072.494 2218.356 2410.660 2477.376 2512.809 2537.431 2589.569 2551.397 2474.033 2359.099 2195.901
2008 2020.006 2036.204 2217.318 2332.110 2413.965 2521.056 2548.918 2570.956 2552.052 2488.074 2388.006 2283.233
2009 2218.742 2161.054 2225.835 2359.938 2422.874 2485.760 2544.146 2612.320 2593.226 2469.510 2339.533 2178.632
2010 2217.395 2118.168 2309.734 2405.964 2435.595 2504.149 2610.666 2650.340 2588.349 2469.922 2368.694 2150.454
2011 2002.825 2112.242 2203.106 2338.642 2457.855 2485.403 2555.252 2596.523 2552.908 2465.232 2347.952 2205.799
2012 1957.539 2038.769 2169.212 2292.850 2419.454 2451.530 2547.472 2614.863 2603.574 2448.257 2274.122 2181.932
2013 2095.066 2194.454 2305.262 2330.558 2435.874 2542.637 2558.838 2613.280 2574.658 2509.609 2336.414 2162.747
2014 2163.362 2060.605 2220.539 2346.798 2445.326 2510.042 2598.216 2599.383 2574.216 2498.703 2337.123 2252.523
2015 2151.220 2167.323 2291.271 2351.720 2473.763 2514.450 2600.125 2615.768 2601.203 2535.289 2401.807 2195.959
2016 2083.528 2240.257 2307.966 2370.952 2461.131 2593.367 2598.696 2633.180 2600.481 2487.923 2406.392 2355.644
2017 2138.518 2240.888 2175.186 2370.156 2494.329 2523.615 2610.074 2622.088 2615.352 2513.683 2348.402 2344.324
2018 2130.965 2173.626 2269.878 2382.075 2452.552 2523.063 2574.810 2608.572 2622.039 2446.646 2352.457 2200.609
2019 2121.982 2123.204 2211.385 2419.113 2451.894 2534.618 2576.393 2641.378 2641.333 2530.556 2420.807 2211.012
2020 2079.155 2196.359 2227.705 2358.873 2455.522 2527.101 2597.160 2614.441 2609.095 2524.720 2387.195 2209.911
2021 2178.103 2200.667 2265.411 2350.503 2440.713 2531.094 2603.684 2616.828 2634.435 2529.727 2336.781 2227.241
2022 2039.029 1995.881 2354.354 2420.897 2435.726 2521.123 2634.985 2647.387 2615.696 2530.639 2375.206 2237.957
2023 2189.191 2221.572 2269.569 2335.666 2420.399 2527.380 2635.781 2624.886 2622.205 2516.232 2429.987 2302.202
2024 2127.493 2113.143 2266.107 2355.938 2492.477 2557.588 2601.679 2670.885 2651.880 2531.535 2399.718 2229.166
2025 2228.044 2161.807 2259.027 2413.054 2481.788 2542.574 2600.743 2647.875 2628.109 2522.534 2383.388 2310.935
