1951 2025
1951 -999.000 -999.000 -999.000 -999.000 22.535 27.384 32.864 33.170 29.401 -999.000 -999.000 -999.000
1952 -999.000 -999.000 -999.000 -999.000 19.768 31.147 34.694 34.380 30.001 -999.000 -999.000 -999.000
1953 -999.000 -999.000 -999.000 -999.000 19.095 26.253 34.792 35.693 28.116 -999.000 21.306 -999.000
1954 -999.000 -999.000 -999.000 -999.000 -999.000 27.100 35.330 34.540 31.223 -999.000 -999.000 -999.000
1955 -999.000 -999.000 -999.000 -999.000 19.527 27.769 33.238 32.747 28.725 -999.000 -999.000 -999.000
1956 -999.000 -999.000 -999.000 -999.000 24.164 29.174 35.386 33.496 28.680 -999.000 -999.000 -999.000
1957 -999.000 -999.000 -999.000 -999.000 20.523 28.411 33.176 31.995 26.911 -999.000 -999.000 -999.000
1958 -999.000 -999.000 -999.000 -999.000 23.858 28.515 35.481 34.056 27.294 -999.000 -999.000 -999.000
1959 -999.000 -999.000 -999.000 -999.000 -999.000 28.031 33.333 33.167 26.306 -999.000 -999.000 -999.000
1960 -999.000 -999.000 -999.000 -999.000 -999.000 25.457 34.048 35.338 -999.000 -999.000 -999.000 -999.000
1961 -999.000 -999.000 -999.000 -999.000 -999.000 26.938 35.814 37.005 -999.000 -999.000 -999.000 -999.000
1962 -999.000 -999.000 -999.000 -999.000 -999.000 26.149 35.546 37.503 24.068 -999.000 -999.000 -999.000
1963 -999.000 -999.000 -999.000 -999.000 -999.000 24.745 34.375 34.201 26.027 -999.000 -999.000 -999.000
1964 -999.000 -999.000 -999.000 -999.000 22.358 25.676 34.525 34.020 31.030 -999.000 -999.000 -999.000
1965 -999.000 -999.000 -999.000 -999.000 -999.000 26.151 35.265 33.569 26.866 22.293 -999.000 -999.000
1966 -999.000 -999.000 -999.000 -999.000 21.206 28.017 33.570 35.266 25.798 -999.000 -999.000 -999.000
1967 -999.000 -999.000 -999.000 -999.000 21.573 27.727 35.265 35.518 28.966 -999.000 -999.000 -999.000
1968 -999.000 -999.000 -999.000 -999.000 -999.000 27.655 35.742 32.540 30.948 -999.000 -999.000 -999.000
1969 -999.000 -999.000 -999.000 -999.000 21.991 27.909 34.912 33.862 28.057 -999.000 -999.000 -999.000
1970 -999.000 -999.000 -999.000 -999.000 21.807 29.017 35.719 34.383 30.739 -999.000 -999.000 -999.000
1971 -999.000 -999.000 -999.000 -999.000 20.317 29.403 33.518 35.328 26.233 -999.000 -999.000 -999.000
1972 -999.000 -999.000 -999.000 -999.000 19.469 27.997 33.166 32.868 27.007 -999.000 -999.000 -999.000
1973 -999.000 -999.000 15.521 -999.000 24.373 30.249 34.266 34.801 30.856 -999.000 -999.000 -999.000
1974 -999.000 -999.000 -999.000 -999.000 -999.000 29.184 34.829 34.970 25.950 -999.000 -999.000 -999.000
1975 -999.000 -999.000 -999.000 -999.000 21.238 27.767 36.384 33.689 30.611 -999.000 -999.000 -999.000
1976 -999.000 -999.000 -999.000 -999.000 20.976 25.973 32.695 33.042 27.502 -999.000 -999.000 -999.000
1977 -999.000 -999.000 -999.000 -999.000 18.595 28.338 34.879 35.101 29.059 20.782 -999.000 -999.000
1978 -999.000 -999.000 -999.000 -999.000 23.889 28.849 35.609 33.512 30.106 23.035 -999.000 -999.000
1979 -999.000 -999.000 -999.000 -999.000 21.770 29.058 35.447 32.683 29.749 23.482 -999.000 -999.000
1980 -999.000 -999.000 -999.000 17.130 22.911 31.214 35.968 35.935 30.644 23.789 -999.000 -999.000
1981 -999.000 -999.000 -999.000 20.524 23.541 29.103 35.296 33.269 30.966 21.375 -999.000 -999.000
1982 -999.000 -999.000 -999.000 -999.000 22.237 31.108 32.837 34.640 29.552 20.606 -999.000 -999.000
1983 14.813 10.059 14.106 16.545 23.953 30.381 34.463 34.567 31.354 23.976 18.824 -999.000
1984 -999.000 -999.000 -999.000 18.967 21.857 29.638 34.779 33.073 26.116 22.491 -999.000 -999.000
1985 -999.000 -999.000 -999.000 -999.000 15.583 29.862 34.472 35.515 29.160 26.409 -999.000 -999.000
1986 -999.000 -999.000 -999.000 -999.000 21.574 25.530 37.047 34.233 30.177 25.791 -999.000 15.065
1987 -999.000 -999.000 -999.000 19.298 24.313 30.975 33.645 34.540 32.173 22.828 21.993 15.442
1988 -999.000 -999.000 17.856 15.270 22.986 29.041 36.033 34.245 30.249 27.254 21.358 -999.000
1989 -999.000 -999.000 -999.000 -999.000 21.391 29.155 35.955 33.388 30.122 27.250 -999.000 -999.000
1990 -999.000 -999.000 16.872 -999.000 21.432 30.992 33.136 35.249 31.620 23.492 -999.000 -999.000
1991 -999.000 -999.000 -999.000 17.480 24.511 29.919 34.463 35.883 31.090 -999.000 -999.000 -999.000
1992 -999.000 -999.000 -999.000 -999.000 20.362 26.875 32.636 34.057 29.513 -999.000 -999.000 -999.000
1993 -999.000 -999.000 -999.000 -999.000 21.736 29.904 34.640 34.039 29.306 -999.000 -999.000 -999.000
1994 -999.000 -999.000 -999.000 -999.000 21.594 31.042 33.082 35.293 27.601 -999.000 19.984 15.762
1995 -999.000 -999.000 -999.000 -999.000 18.254 28.963 34.705 34.768 30.604 24.404 18.001 -999.000
1996 -999.000 -999.000 -999.000 -999.000 23.577 27.871 34.478 33.973 29.419 25.494 -999.000 -999.000
1997 -999.000 -999.000 -999.000 -999.000 20.191 28.581 34.480 34.529 29.137 21.097 -999.000 16.019
1998 12.967 15.796 14.370 20.164 24.376 31.747 36.403 37.501 31.985 25.353 20.169 22.680
1999 -999.000 -999.000 -999.000 20.059 24.536 30.918 33.454 35.354 29.911 -999.000 -999.000 -999.000
2000 -999.000 -999.000 -999.000 19.181 23.733 30.846 35.422 35.520 29.013 23.209 -999.000 -999.000
2001 -999.000 -999.000 -999.000 16.861 22.535 33.755 35.102 35.980 30.594 25.819 19.004 -999.000
2002 -999.000 13.966 -999.000 -999.000 23.465 30.566 34.721 33.481 31.073 -999.000 -999.000 -999.000
2003 15.199 15.447 16.013 17.277 23.299 29.000 35.376 36.447 32.509 23.964 -999.000 17.376
2004 -999.000 15.398 -999.000 17.580 24.248 30.899 33.736 35.322 31.590 24.270 -999.000 -999.000
2005 -999.000 15.464 16.860 18.624 23.207 29.611 35.715 35.605 32.134 24.182 20.018 -999.000
2006 -999.000 12.732 -999.000 16.155 23.468 31.801 34.939 36.673 30.564 24.186 -999.000 16.555
2007 14.846 12.752 15.863 17.269 23.293 29.566 34.871 34.453 30.405 21.602 -999.000 -999.000
2008 -999.000 15.430 -999.000 -999.000 21.617 30.206 34.011 34.410 30.031 23.507 17.594 -999.000
2009 -999.000 -999.000 -999.000 17.072 22.893 29.033 35.782 35.650 29.698 21.308 -999.000 -999.000
2010 -999.000 15.075 17.909 19.714 24.986 30.769 37.271 37.969 31.678 23.244 -999.000 -999.000
2011 -999.000 -999.000 -999.000 -999.000 23.357 30.064 35.365 34.376 30.216 25.469 -999.000 -999.000
2012 -999.000 -999.000 18.111 18.077 25.378 31.362 35.859 36.707 30.433 20.895 -999.000 -999.000
2013 15.334 15.572 14.812 15.908 24.143 30.365 35.473 35.510 30.390 24.773 -999.000 -999.000
2014 -999.000 -999.000 13.455 19.298 22.997 29.494 35.338 37.015 31.187 21.520 -999.000 -999.000
2015 16.193 15.284 13.603 20.118 26.468 30.618 37.687 36.574 31.082 25.994 18.297 17.194
2016 14.843 18.464 18.434 19.170 26.947 32.595 37.577 38.243 33.248 22.713 17.612 21.837
2017 17.091 13.128 14.268 19.801 26.462 32.921 37.111 38.077 33.866 26.008 19.973 20.085
2018 -999.000 -999.000 14.125 13.942 23.133 29.894 36.462 36.940 32.770 19.013 14.677 16.773
2019 15.588 13.767 15.417 17.439 20.750 32.194 35.634 37.703 34.143 23.174 13.861 13.543
2020 14.903 15.530 14.992 18.443 24.869 31.492 37.264 35.694 33.962 24.484 16.308 13.851
2021 10.310 11.183 19.174 15.412 25.316 33.594 37.401 37.423 33.325 22.786 12.303 18.860
2022 13.246 -999.000 15.734 16.623 24.237 32.707 37.923 35.713 33.175 26.245 20.542 -999.000
2023 -999.000 17.832 13.084 14.605 23.578 30.601 38.550 38.912 32.634 25.936 20.275 18.614
2024 18.564 17.589 18.443 19.815 25.893 33.340 36.845 37.595 32.745 26.270 20.170 18.747
2025 15.487 16.042 17.339 20.880 26.966 33.716 37.292 38.594 33.737 27.444 17.865 14.884
