1951 2025
1951 6.535 8.905 -7.668 -10.288 -12.798 -10.134 2.440 -1.813 -8.972 -5.945 -3.047 26.793
1952 14.036 -11.887 -8.940 4.311 -6.340 -0.940 3.508 -0.728 -3.838 -3.160 -14.855 -16.119
1953 -15.818 2.189 12.112 -18.838 -9.066 3.931 3.872 2.208 5.587 -5.392 -4.579 5.433
1954 6.033 -1.976 10.009 8.423 -12.479 -4.324 3.881 -0.898 6.052 -2.649 -11.390 13.310
1955 -13.647 5.259 -2.642 4.575 3.210 -0.679 -0.441 3.092 8.286 -3.923 -11.839 3.941
1956 -6.341 -6.302 5.855 -7.063 10.650 3.353 0.148 -6.859 -0.976 12.804 -0.826 5.155
1957 29.003 1.090 -22.622 2.780 -13.044 -10.764 -3.135 0.012 -12.321 -0.542 -13.152 17.887
1958 -21.860 -29.680 -16.332 -4.980 -1.605 -8.988 -6.302 -5.751 -2.157 7.897 0.143 -10.691
1959 -10.885 27.153 8.382 4.451 -4.138 -2.047 3.812 -4.735 -5.593 -7.354 -9.056 9.303
1960 -16.285 -17.063 -8.442 -1.323 -6.884 3.763 -2.095 -3.162 3.609 -13.094 0.401 0.316
1961 -17.980 5.771 -3.380 2.681 0.757 10.345 1.684 2.252 10.675 9.329 -1.638 -11.541
1962 21.034 -0.951 -20.747 12.579 7.366 6.186 -4.256 3.098 2.252 -6.071 -12.556 -8.759
1963 -34.966 -25.283 16.657 -2.280 11.189 -1.413 -0.243 -4.401 -6.049 4.707 -5.979 -19.160
1964 0.273 -2.207 -2.206 18.430 18.482 -4.262 2.615 -8.156 3.741 4.704 -1.708 3.566
1965 -8.924 -11.921 -10.522 4.923 2.084 0.546 -1.474 -3.380 -1.851 -3.862 -3.843 13.768
1966 -29.787 3.675 -4.312 -10.283 9.868 -1.059 -0.268 -7.592 -9.485 -7.516 5.757 -7.519
1967 -0.758 13.130 22.738 16.127 6.777 3.283 7.262 -4.851 -8.213 3.471 4.254 0.556
1968 5.928 -36.831 9.908 6.251 -3.144 3.096 -7.781 -8.199 -2.395 -10.621 -24.722 1.521
1969 -7.170 -22.158 -13.624 1.071 -8.518 -8.067 6.726 -5.047 -3.751 -7.723 -1.880 -22.631
1970 -21.693 -9.385 -18.915 8.943 8.582 4.628 1.363 -0.937 1.740 3.239 7.026 4.506
1971 6.329 -0.921 -7.109 -5.486 2.129 -3.972 -5.495 2.248 1.885 11.755 2.275 21.316
1972 15.491 4.063 -5.696 14.678 3.725 5.021 -3.013 -4.848 -5.535 2.097 -2.288 16.408
1973 9.032 8.624 2.026 -4.829 -0.812 3.640 1.601 5.591 1.298 2.756 4.334 -4.105
1974 6.900 6.295 -15.644 -0.445 -2.883 -0.281 3.041 -5.734 2.304 -7.806 -1.581 5.394
1975 21.085 -0.781 2.662 9.502 -6.982 1.815 -1.809 0.811 12.847 2.058 5.411 2.400
1976 -0.661 20.474 11.679 1.236 3.453 4.240 -7.976 -2.378 -10.856 -5.782 -7.325 -15.953
1977 -33.410 -19.230 15.806 12.283 0.005 -2.102 -0.396 -12.399 6.440 0.945 4.908 -0.269
1978 -10.669 -39.265 1.124 -9.535 5.806 13.830 -2.713 -3.519 0.257 2.294 16.705 5.000
1979 -14.151 2.583 -4.483 -3.117 -2.710 15.981 1.702 -6.268 -2.064 -14.893 6.909 11.723
1980 -15.732 -22.059 -7.148 -9.968 -9.843 13.325 -2.735 0.332 4.433 -8.230 -17.086 -4.311
1981 -20.321 -2.917 -21.597 2.446 -4.316 -3.876 8.097 -4.954 -4.095 -1.115 -6.852 -8.186
1982 -1.092 15.202 17.757 12.012 4.511 -10.443 -1.404 6.658 6.533 3.768 5.545 9.682
1983 1.693 -36.765 -21.766 -0.207 -0.038 -2.653 0.037 8.668 6.999 13.372 -24.230 2.789
1984 15.522 0.194 -28.644 -3.831 3.165 2.577 3.207 0.550 -4.185 -0.122 -9.416 15.791
1985 -30.740 7.166 15.491 9.723 -1.097 -0.900 0.374 5.905 5.159 11.231 -7.827 -12.488
1986 -5.125 -39.520 6.700 6.510 3.349 0.302 2.565 -8.464 -0.747 5.592 14.330 -2.793
1987 -17.728 -15.369 -17.428 0.455 5.096 -2.641 -6.354 -6.193 5.241 2.336 -4.937 0.748
1988 6.475 -5.842 2.025 -10.452 -4.587 -2.689 1.842 0.527 8.402 -5.017 -6.762 13.021
1989 35.969 41.407 13.978 2.122 10.071 2.075 7.642 1.691 2.020 10.428 1.957 -12.314
1990 21.074 44.637 18.651 9.442 -1.726 6.421 -1.495 -0.553 -0.077 6.573 14.758 19.637
1991 9.099 -12.708 2.828 1.987 2.019 2.651 -2.969 0.345 -2.431 -2.907 -0.406 10.490
1992 -13.714 6.885 4.664 -2.963 4.587 -7.266 -0.300 5.535 0.872 -8.724 7.614 20.980
1993 28.612 -8.909 -2.252 -12.793 -17.362 -3.650 -2.579 -0.962 1.671 -7.545 13.375 6.329
1994 11.315 2.349 16.637 2.757 -3.452 14.135 3.188 5.717 -2.902 -3.972 21.001 7.302
1995 -8.904 8.979 0.653 -9.819 -9.679 -5.286 -2.945 -0.041 -10.816 0.839 -9.056 -35.639
1996 -9.116 -0.299 -14.640 -19.574 -1.467 8.363 6.717 2.457 -7.669 3.123 4.056 -10.308
1997 -18.609 16.800 11.828 -13.181 -9.320 -8.893 -4.730 -1.348 -5.041 -11.431 -8.817 -1.299
1998 -23.259 -17.275 -5.898 3.787 3.129 3.397 1.185 8.985 -7.578 6.429 -9.210 21.374
1999 9.564 4.629 -3.889 7.044 4.450 3.230 3.971 -8.829 0.516 4.012 4.158 14.987
2000 22.751 3.670 -11.378 -2.513 5.337 4.756 -4.046 5.092 -0.889 6.576 -10.661 -16.437
2001 -11.109 5.223 -11.881 9.639 0.698 2.283 1.235 3.410 -6.152 9.079 -7.325 -14.073
2002 13.415 18.506 13.094 11.179 3.821 1.336 1.095 -3.544 -3.437 -15.112 -18.682 -17.445
2003 -16.515 2.059 -0.134 -0.919 8.647 -2.271 2.934 -2.076 -1.107 -9.455 20.415 -5.628
2004 -14.679 -17.764 13.219 -3.959 3.510 3.024 -4.657 -8.817 10.658 -5.006 3.094 14.835
2005 -0.525 -8.285 -22.761 -2.165 -12.341 -2.719 -0.672 -1.956 10.812 -1.531 6.408 -26.255
2006 3.447 11.931 -5.491 4.722 2.890 9.170 0.623 0.114 2.795 -4.622 10.575 14.839
2007 20.546 -3.884 12.308 -10.969 7.362 -1.716 -6.355 -2.510 3.401 1.400 -9.240 15.440
2008 16.812 5.223 8.551 3.458 -12.840 3.008 -3.293 -6.583 -3.372 15.237 -1.583 17.871
2009 11.212 12.616 14.866 9.319 9.866 -13.740 -7.690 0.630 2.479 -17.343 9.305 -28.984
2010 -36.070 -37.938 -5.491 -3.256 -4.282 2.016 4.780 0.546 -7.061 -6.093 -1.587 -14.264
2011 -16.215 26.901 0.051 12.264 1.609 -4.546 -1.079 -8.608 3.478 5.577 15.314 27.383
2012 5.869 1.970 13.741 -0.552 1.268 -5.370 3.362 -0.069 8.555 -14.850 1.566 -1.405
2013 3.760 2.186 -19.336 3.468 7.256 5.909 2.602 -3.448 -2.392 1.232 16.308 22.292
2014 -1.048 13.202 2.816 -3.637 5.921 -0.072 -2.257 -7.069 -5.724 -8.807 -7.155 3.545
2015 9.176 3.279 15.924 10.467 7.845 2.894 -9.285 -2.722 0.407 -11.162 24.683 13.804
2016 -19.270 0.917 -5.680 -14.077 4.256 6.331 6.767 3.798 10.731 -16.963 -7.848 27.574
2017 5.140 2.098 4.019 -9.252 -6.573 -0.501 5.996 -3.739 -1.707 12.347 8.514 9.414
2018 8.884 20.533 0.800 2.470 8.583 -0.892 10.452 6.365 7.155 -4.929 -7.559 3.182
2019 -7.469 22.858 12.343 -8.466 -10.804 -2.168 -7.552 -6.951 3.274 0.342 -9.236 6.868
2020 23.675 33.788 29.455 -2.337 -4.965 0.311 -1.639 -6.291 3.726 6.100 18.337 -9.424
2021 -12.176 6.168 29.725 -1.869 1.420 2.858 6.440 -1.485 1.449 0.665 -1.676 20.139
2022 2.020 20.668 3.188 -4.189 8.017 -0.124 1.636 -3.546 -4.349 11.824 12.323 -16.877
2023 -1.612 25.839 4.462 -6.069 6.010 -8.200 2.160 -5.977 3.608 -11.758 0.407 4.302
2024 -8.808 10.124 -3.979 9.524 2.328 -0.729 5.545 8.542 -4.314 6.777 -4.604 -11.845
2025 5.637 -8.962 3.522 3.476 5.906 13.857 3.193 -1.235 1.881 -0.810 -6.496 11.978
