1951 2025
1951 -0.249 0.044 -0.050 -0.159 -0.378 0.199 0.123 0.283 0.106 0.230 -0.318 -0.587
1952 -0.490 -0.384 -0.126 0.013 -0.006 0.165 -0.230 0.131 0.624 0.381 0.536 0.222
1953 -0.095 -0.395 -0.058 -0.532 -1.132 -0.582 -0.385 -0.237 0.573 -0.071 -0.165 -0.157
1954 0.409 0.123 0.208 0.121 0.699 0.140 -0.371 -0.051 -0.038 0.019 -0.032 -0.118
1955 -0.547 -0.182 0.495 0.741 0.570 0.447 0.185 -0.383 -0.108 0.129 -0.194 0.247
1956 -0.279 -0.302 -0.369 0.102 0.796 0.962 0.208 -0.256 0.054 0.019 -0.406 -0.837
1957 -0.439 -0.593 -1.053 -0.776 -0.854 -1.032 -0.216 0.190 -0.175 -0.709 -0.379 -0.468
1958 -0.135 -0.070 -0.084 -0.040 -0.214 -0.340 -0.403 -0.233 0.101 -0.281 -0.092 -0.426
1959 -0.486 0.094 0.427 0.072 0.637 -0.354 -0.176 -0.331 -0.077 -0.330 -0.039 0.218
1960 0.047 0.003 0.170 -0.224 -0.336 -0.740 0.143 -0.355 -0.253 -0.560 -0.502 -0.408
1961 -0.624 -0.866 -0.464 -0.234 0.581 0.481 0.607 0.266 0.334 0.315 -0.332 -0.485
1962 -0.536 -0.841 -0.750 -0.656 -0.216 -0.261 -0.152 0.069 0.189 -0.357 -0.411 -0.321
1963 -1.182 -1.732 -1.719 -1.345 -0.063 0.495 0.170 -0.043 -0.111 -0.928 -0.447 -0.015
1964 0.063 -0.084 -0.443 0.489 0.617 -0.381 0.055 0.068 0.642 -0.209 -0.568 -0.735
1965 -0.818 -0.653 -0.918 -1.188 -0.393 -0.133 0.038 0.040 -0.348 -1.461 -0.522 -0.399
1966 -0.462 -0.101 0.429 0.177 -0.128 -0.866 -0.255 0.122 -0.254 -0.342 -0.302 -0.613
1967 -0.599 -0.450 -0.488 0.134 0.267 -0.122 0.047 0.026 -0.258 -0.543 -0.392 -0.714
1968 -0.840 -1.268 -1.152 -0.776 -0.918 -1.229 -0.936 -0.373 -0.758 -0.739 -1.029 -0.676
1969 -0.375 0.146 -0.117 -0.277 0.045 -0.305 -0.107 0.112 0.164 -0.646 -0.994 -0.934
1970 -0.806 -0.740 -1.014 -0.816 -0.611 -0.636 -0.362 -0.173 -0.329 -0.423 -0.863 -1.199
1971 -0.943 -1.084 -1.027 -0.670 -0.722 0.399 0.419 -0.036 -0.574 -0.423 -0.546 -0.568
1972 -0.149 -0.235 -0.662 -0.711 0.090 -0.346 -0.355 -0.741 -0.453 -0.834 -0.312 -0.360
1973 0.206 0.179 0.039 0.634 -0.062 -0.780 -0.596 -0.262 0.243 0.002 -0.605 -1.026
1974 -1.168 -0.976 -0.837 -0.506 -0.461 -0.030 -0.511 -0.330 -0.643 -0.021 0.175 -0.172
1975 -0.337 -0.540 -0.740 -0.545 -0.526 -0.112 -0.096 -0.157 -0.104 0.038 -0.513 -0.677
1976 -1.037 -0.697 -0.332 -0.379 -0.342 -0.433 -1.759 -0.480 -0.540 -0.798 -0.547 -0.512
1977 -0.570 -0.648 -0.547 -0.146 -0.234 -0.572 -0.265 -0.617 -0.519 -0.144 -0.305 -0.303
1978 -0.093 -0.227 -0.528 -0.698 -0.226 -0.017 0.012 -0.045 -0.052 0.106 -0.251 -0.197
1979 0.060 0.341 -0.018 -0.303 -0.691 -0.535 -0.359 0.066 -0.102 -0.020 0.110 -0.125
1980 -0.068 -0.331 -0.282 -0.214 -0.226 0.736 0.296 -0.031 0.038 -0.434 -0.339 -0.125
1981 -0.861 -0.663 -0.389 -0.339 -0.271 -0.465 0.069 -0.331 -0.410 -0.644 -0.705 -0.645
1982 -0.517 -0.577 -0.353 -0.824 0.013 -0.195 -1.170 -0.793 -0.939 -0.563 -0.244 0.216
1983 0.366 0.271 0.015 0.566 0.586 -0.662 -0.720 -0.313 0.090 0.251 -0.230 -0.642
1984 -0.787 -1.042 -1.257 -1.225 -0.850 -0.482 0.316 -0.148 -0.201 -0.706 -0.656 -0.610
1985 -0.680 -0.639 -0.162 -0.007 -0.129 -0.533 -0.314 -0.278 -0.012 0.060 -0.566 -0.403
1986 -0.409 -0.654 -0.952 -0.853 -0.440 -0.482 -0.315 -0.434 -0.149 -0.537 -0.507 -0.050
1987 0.039 0.023 0.082 0.071 0.015 -0.201 -0.487 -0.125 -0.396 -0.378 0.399 0.404
1988 0.926 0.651 0.583 0.164 -0.205 -0.350 -0.008 -0.464 -0.058 0.056 -0.490 -0.610
1989 0.085 0.111 0.010 0.159 -0.022 -0.166 -0.017 -0.563 -0.158 -0.274 -0.445 -0.528
1990 -0.467 0.185 0.337 -0.206 -0.225 -0.034 -0.033 -0.258 0.186 0.056 0.194 0.267
1991 -0.016 -0.111 0.190 0.842 0.110 0.836 0.730 0.225 0.024 0.214 0.039 0.212
1992 0.253 0.206 0.555 0.398 -0.293 -0.410 -0.697 -0.677 -0.766 -0.940 -0.717 -0.281
1993 0.169 -0.102 -0.219 -0.531 -0.503 -0.744 -0.562 -0.530 -0.243 -0.528 -0.300 -0.065
1994 0.068 -0.285 -0.553 -0.383 -0.348 -0.055 0.255 -0.139 0.017 0.155 -0.009 0.163
1995 0.356 0.132 -0.251 0.157 -0.250 -0.254 -0.017 0.976 0.481 0.326 0.025 -0.726
1996 -0.683 -0.740 -0.470 -0.847 -1.231 -0.454 -0.485 -0.246 -0.626 -1.042 -0.393 -0.420
1997 -0.258 -0.172 -0.000 0.274 0.656 0.060 0.133 0.084 -0.133 -0.423 -0.196 0.193
1998 0.603 0.836 0.554 1.577 1.975 1.154 0.368 0.585 0.213 0.593 0.853 1.000
1999 0.626 0.459 0.753 0.596 0.426 0.972 0.349 0.092 0.860 1.226 0.473 0.187
2000 0.270 0.004 -0.295 -0.359 -0.417 0.907 0.386 0.028 0.136 0.648 1.133 0.856
2001 0.472 0.466 0.355 0.301 0.191 0.849 1.272 0.080 -0.223 -0.139 0.041 0.190
2002 -0.177 0.136 0.363 0.250 0.538 0.633 -0.055 0.140 -0.153 -0.118 -0.502 -0.012
2003 -0.015 0.092 -0.291 0.004 0.506 -0.079 -0.507 0.286 0.691 -0.031 0.256 0.123
2004 -0.103 -0.154 0.185 0.440 0.948 1.108 0.383 0.243 0.018 0.029 0.323 0.577
2005 0.289 0.295 -0.032 -0.030 -0.082 0.056 0.097 0.383 0.198 0.544 0.316 -0.560
2006 -0.604 -0.323 -0.011 -0.444 0.037 0.162 0.312 0.320 0.150 -0.152 0.143 0.394
2007 0.499 0.760 0.498 0.021 -0.286 -0.763 -0.433 0.335 0.111 0.511 0.540 0.160
2008 0.409 0.237 -0.084 -0.035 0.103 0.064 0.368 0.672 0.569 0.799 0.556 -0.006
2009 0.031 0.258 0.183 0.007 -0.291 -0.129 0.513 0.332 -0.133 0.181 0.238 0.278
2010 0.115 0.341 0.656 0.255 -0.261 -0.341 0.268 0.516 0.857 0.826 0.432 0.339
2011 -0.178 -0.370 -0.445 -0.824 -0.558 0.012 0.172 -0.248 -0.197 0.040 0.412 0.317
2012 0.056 -0.050 0.042 -0.429 -0.541 -0.524 0.023 0.019 -0.172 -0.189 -0.574 -0.785
2013 -0.398 -0.221 0.166 -0.018 -0.600 -0.408 -0.090 0.564 0.294 -0.169 -0.186 -0.617
2014 -0.507 -0.313 -0.425 -0.581 -0.833 -0.647 -0.629 0.266 0.328 -0.338 -0.128 -0.408
2015 -0.346 -0.601 -0.106 0.610 0.954 0.794 0.268 0.273 -0.071 -0.094 0.553 0.961
2016 1.202 1.117 0.739 0.823 1.358 0.860 0.725 0.177 0.206 0.783 0.772 0.669
2017 0.686 0.367 -0.049 -0.222 0.645 0.127 0.890 0.855 0.424 0.541 0.389 0.089
2018 -0.020 -0.234 0.177 0.736 1.256 0.935 0.699 0.378 0.679 0.789 0.639 0.662
2019 0.645 0.729 0.776 0.373 0.137 -0.010 0.076 0.723 0.729 0.705 0.573 0.925
2020 1.026 0.882 0.760 0.343 0.219 1.050 0.704 1.406 0.987 0.800 0.745 0.873
2021 0.739 0.586 0.669 0.306 0.534 0.675 0.625 0.317 0.805 0.360 0.018 -0.160
2022 -0.033 0.008 0.278 0.906 0.796 0.382 1.005 1.154 0.471 0.450 0.225 0.274
2023 0.094 0.383 0.455 0.305 -0.117 0.323 0.783 0.554 0.865 0.738 0.413 0.713
2024 0.713 0.725 0.435 0.986 0.944 0.766 1.430 1.122 1.278 1.332 1.425 0.501
2025 0.297 -0.085 0.067 -0.091 1.035 1.569 1.088 0.972 1.575 1.454 0.876 0.615
