1951 2025
1951 75.383 77.068 72.008 62.487 66.855 65.477 57.042 56.784 65.966 69.618 73.067 71.327
1952 72.488 74.013 76.144 65.112 64.882 65.479 52.811 58.429 65.474 71.955 70.446 73.461
1953 71.192 73.524 70.232 64.134 67.501 63.819 59.969 59.179 64.219 68.013 71.323 69.869
1954 74.928 75.840 74.474 64.957 68.717 66.248 58.501 62.698 66.035 71.723 69.802 70.534
1955 71.456 76.714 76.623 67.442 67.215 64.720 59.724 55.049 64.481 70.167 72.106 76.470
1956 72.862 75.101 77.215 67.047 66.852 64.901 65.922 65.425 68.704 69.043 69.684 72.682
1957 69.061 75.983 74.764 63.888 66.276 67.136 65.394 66.031 65.025 70.032 70.557 73.354
1958 70.546 76.167 76.996 69.756 65.272 69.530 68.019 66.989 69.783 70.496 68.599 75.771
1959 72.332 72.008 74.077 67.609 65.667 69.605 60.531 63.813 68.662 74.374 70.070 74.758
1960 74.175 77.544 78.300 66.328 68.232 67.630 65.824 67.639 68.075 74.848 74.189 70.048
1961 71.803 74.944 73.253 68.162 69.286 65.548 64.706 63.677 67.957 69.428 73.706 75.442
1962 70.492 73.998 75.021 62.622 65.909 66.769 67.603 64.977 68.784 70.608 69.879 73.892
1963 66.771 76.048 75.632 68.578 64.810 70.964 63.589 63.587 66.256 70.504 75.699 75.408
1964 70.794 75.831 76.570 66.128 64.457 69.299 65.685 69.700 68.156 72.082 73.013 71.473
1965 72.988 71.356 72.624 69.463 68.030 69.073 66.900 66.844 67.594 70.753 75.692 73.397
1966 74.688 77.588 74.289 66.502 64.453 70.455 64.340 65.246 65.971 72.728 66.608 73.673
1967 73.557 75.883 72.907 62.267 63.781 64.030 60.521 62.159 66.484 71.316 67.401 71.809
1968 73.368 77.421 74.382 67.445 68.696 67.720 63.576 67.860 67.623 75.045 71.988 77.660
1969 75.300 77.745 76.650 66.210 69.618 67.753 61.689 64.535 66.130 73.371 69.120 72.788
1970 76.165 74.440 72.798 68.675 63.849 63.396 61.494 61.419 69.102 71.080 71.705 73.446
1971 72.668 75.078 75.280 66.125 66.195 71.624 63.061 63.274 64.400 69.749 70.541 71.258
1972 74.574 76.816 74.860 64.726 64.725 65.591 60.363 60.276 68.619 69.852 72.975 72.142
1973 71.305 74.782 72.533 65.051 66.630 63.868 65.531 62.170 67.183 72.285 71.205 71.947
1974 73.814 77.984 71.857 67.318 71.813 71.586 62.214 62.618 66.349 68.473 73.518 72.657
1975 72.112 74.900 76.672 65.883 64.279 64.073 63.567 61.814 63.046 73.901 72.862 69.709
1976 70.655 75.377 76.122 64.044 67.693 65.747 68.705 63.054 69.774 74.430 70.607 73.860
1977 72.630 76.110 70.392 61.648 64.391 65.651 62.328 65.866 63.395 71.468 71.311 74.916
1978 73.585 78.629 72.506 71.808 65.602 65.034 62.257 63.988 68.059 68.077 68.845 76.219
1979 72.221 78.191 71.797 67.594 63.041 59.010 59.415 61.742 65.926 72.585 69.143 73.254
1980 75.318 75.334 76.787 64.185 67.463 66.155 60.008 60.785 65.921 72.759 72.629 70.298
1981 67.281 74.232 74.651 62.875 64.337 62.808 55.540 56.307 66.906 70.827 71.470 73.776
1982 72.202 75.718 74.832 62.884 62.691 67.007 61.110 60.648 61.836 72.115 71.725 71.327
1983 70.478 74.838 72.668 65.138 66.537 64.573 61.931 56.088 66.846 69.091 72.383 73.254
1984 69.070 73.694 72.771 62.447 65.471 66.368 60.272 59.545 69.796 72.326 74.814 71.550
1985 72.545 75.418 75.983 66.239 64.419 70.754 65.200 60.384 64.934 70.106 73.448 71.713
1986 71.700 78.191 71.866 62.002 62.226 62.173 59.897 62.130 64.127 69.285 70.401 73.540
1987 70.943 75.604 74.942 62.688 61.541 64.870 62.826 63.343 64.996 66.959 71.177 73.515
1988 74.071 73.254 75.009 66.238 63.606 62.206 56.364 58.180 62.599 69.175 72.042 70.413
1989 69.660 69.610 71.334 66.307 58.707 61.596 53.693 60.060 60.686 69.344 72.641 72.505
1990 72.158 75.209 68.398 63.573 65.002 68.589 60.906 60.602 63.552 69.730 69.487 70.835
1991 70.783 76.129 72.013 62.979 61.204 63.400 63.993 58.416 64.796 67.686 68.739 71.084
1992 68.010 73.595 72.505 69.375 59.662 64.965 65.184 63.516 65.904 73.004 71.461 72.204
1993 72.741 71.454 73.088 68.698 64.730 70.207 63.972 61.775 68.928 70.850 70.831 72.473
1994 69.919 78.629 71.516 65.035 67.654 63.106 59.740 59.089 63.532 69.805 70.204 73.723
1995 71.532 73.145 71.736 64.804 65.685 61.688 62.062 60.735 65.503 70.085 71.534 75.687
1996 70.326 76.304 76.246 67.814 66.496 63.682 55.190 56.668 70.672 72.727 68.651 74.955
1997 70.031 74.290 71.576 65.248 66.977 66.872 64.361 59.713 65.256 69.922 75.049 75.410
1998 74.696 73.064 73.079 66.712 57.525 62.806 53.529 52.544 65.193 69.058 73.924 71.912
1999 69.997 73.522 74.319 62.087 62.874 62.922 54.131 61.535 64.386 71.947 69.353 70.157
2000 70.384 74.820 70.379 63.740 66.064 63.692 59.846 56.296 63.841 69.984 71.734 74.290
2001 71.834 75.664 73.441 63.652 62.139 66.935 58.822 56.973 64.668 71.646 67.794 72.578
2002 70.230 73.670 71.562 59.629 66.571 66.203 54.614 57.803 60.772 73.009 71.674 75.913
2003 69.902 75.797 73.136 63.761 60.683 65.939 54.537 58.339 62.221 71.067 67.976 69.343
2004 72.560 74.187 71.350 63.864 62.009 62.488 60.194 63.073 61.094 69.674 66.847 70.257
2005 69.819 72.313 72.917 62.220 63.950 66.006 57.159 57.829 59.015 65.289 67.199 71.338
2006 69.581 75.363 74.297 62.481 64.359 57.208 58.617 57.911 60.952 70.008 70.719 70.211
2007 68.339 76.782 69.742 63.621 62.693 65.904 63.486 56.689 59.445 65.907 69.053 71.970
2008 71.792 72.848 73.207 63.623 65.202 62.887 57.859 61.569 63.342 67.391 66.937 68.046
2009 71.379 74.216 71.871 62.530 64.490 66.712 63.317 61.557 60.336 71.237 70.509 76.159
2010 73.849 78.415 74.161 63.833 64.027 59.048 52.096 55.736 63.694 72.211 71.760 71.766
2011 70.406 74.327 70.539 65.100 62.493 65.022 56.064 59.844 64.338 69.897 70.371 69.951
2012 70.984 73.228 70.131 64.750 60.969 62.449 52.698 56.672 58.757 71.494 70.370 76.077
2013 72.308 74.278 74.576 62.980 59.709 61.947 55.479 59.427 62.720 69.511 65.926 70.120
2014 70.776 76.742 70.789 62.298 59.705 60.488 55.544 57.287 61.755 70.399 69.989 69.150
2015 69.108 72.250 67.273 64.010 58.692 60.422 60.166 53.479 59.631 67.637 68.764 72.387
2016 72.783 70.850 73.306 62.923 58.533 62.033 52.713 51.008 60.573 71.461 68.632 71.423
2017 71.173 75.054 69.899 61.980 63.377 64.809 58.280 57.751 62.988 68.069 67.033 69.425
2018 70.542 72.484 73.496 65.490 57.156 62.365 46.531 53.856 59.864 67.552 69.691 72.775
2019 69.647 71.578 70.427 60.388 64.246 62.838 59.057 57.826 62.123 68.264 68.911 72.181
2020 70.383 72.970 66.126 60.742 63.669 61.780 55.797 62.452 59.893 67.721 66.869 69.102
2021 72.144 74.268 69.703 57.702 64.786 58.294 50.608 54.291 62.298 67.694 67.835 70.327
2022 68.366 71.211 71.161 65.903 64.630 63.952 52.509 50.514 59.724 65.829 71.526 72.680
2023 67.799 71.435 71.499 65.159 53.919 58.848 53.682 55.760 55.726 70.386 71.338 70.866
2024 71.396 73.854 73.760 59.163 57.965 61.291 52.645 52.596 54.519 66.511 68.560 68.313
2025 66.498 73.760 68.596 58.894 60.929 59.881 56.261 57.210 59.195 69.818 69.140 69.816
