1951 2025
1951 15.577 -999.000 13.898 14.572 15.664 22.292 30.641 31.553 28.274 18.490 19.857 17.141
1952 19.852 14.684 15.702 13.851 -999.000 24.608 29.614 31.117 29.463 27.051 17.994 15.985
1953 13.880 16.133 15.114 15.126 15.050 28.522 30.107 29.906 30.280 21.129 16.607 16.474
1954 15.537 12.077 15.996 14.420 15.720 23.407 34.493 31.301 31.954 22.914 16.550 17.434
1955 15.134 14.849 16.584 15.606 18.145 22.981 32.168 34.370 31.397 21.353 17.812 18.056
1956 -999.000 -999.000 15.633 15.035 20.373 24.841 30.866 30.148 30.694 19.680 17.282 19.797
1957 20.410 13.025 13.228 13.865 16.345 20.275 29.794 30.760 27.166 19.757 16.936 14.358
1958 12.912 13.879 13.937 16.155 14.363 23.153 29.215 30.580 27.808 19.787 23.141 16.133
1959 15.376 20.570 18.589 13.681 14.694 21.023 31.663 29.974 26.624 24.653 16.711 14.998
1960 16.730 14.985 15.409 13.230 15.545 25.154 32.503 31.201 30.544 22.023 20.015 16.123
1961 17.088 16.972 14.430 18.188 19.668 27.216 30.837 30.933 33.069 22.932 16.675 17.227
1962 19.870 16.192 15.708 15.058 20.103 25.430 28.643 30.604 28.259 22.500 15.020 16.415
1963 17.402 14.786 18.519 15.751 21.444 21.348 29.047 32.880 29.818 20.615 16.671 17.305
1964 18.303 17.225 19.119 18.825 18.244 25.300 29.021 28.394 29.700 20.287 19.730 20.858
1965 -999.000 18.675 17.733 15.808 15.986 25.763 31.005 30.182 30.545 22.071 16.350 16.268
1966 14.303 16.053 12.222 15.537 17.330 21.426 27.894 29.303 24.326 22.118 16.023 15.419
1967 17.116 17.098 16.255 18.398 19.771 21.831 30.361 30.893 23.035 21.280 17.730 14.953
1968 16.399 12.694 13.746 14.769 17.163 24.457 30.115 29.140 24.563 20.803 17.804 15.038
1969 10.943 12.740 15.619 13.292 14.743 19.076 30.180 30.110 27.499 19.319 15.098 14.009
1970 15.271 13.510 13.672 18.513 14.776 22.443 27.659 30.372 29.836 17.557 14.687 18.718
1971 16.657 15.533 14.881 12.425 15.322 21.148 30.742 32.380 27.490 20.580 16.068 23.660
1972 21.519 13.731 12.054 15.682 14.428 18.549 28.167 28.628 26.022 24.801 20.092 18.294
1973 18.113 14.262 16.123 16.291 16.967 20.564 27.229 30.654 24.989 18.979 16.191 13.073
1974 22.790 16.915 13.992 14.473 14.529 23.085 28.146 28.044 29.637 19.217 14.579 17.918
1975 21.786 15.580 13.719 20.220 15.384 21.344 30.948 28.851 31.535 27.500 15.973 17.067
1976 16.863 17.619 17.070 12.543 15.346 28.865 28.199 29.912 23.817 23.519 21.643 17.363
1977 15.458 19.298 20.315 12.736 15.000 23.870 32.637 33.078 23.989 24.206 15.582 19.475
1978 15.226 14.838 15.000 13.325 17.820 22.684 29.312 29.997 26.708 20.164 22.500 17.858
1979 15.467 15.424 13.799 13.538 14.214 20.961 28.535 28.881 26.504 26.982 16.160 15.926
1980 13.883 14.916 17.825 13.084 14.605 25.209 31.787 28.286 29.898 22.541 21.351 13.814
1981 12.924 14.561 15.054 20.114 15.686 22.512 30.717 27.726 25.127 23.638 15.898 13.774
1982 17.154 12.937 16.508 18.679 16.669 21.988 28.952 32.756 27.294 23.991 16.210 15.961
1983 13.314 12.223 11.715 12.360 15.122 17.804 30.547 30.132 24.551 21.846 12.500 19.657
1984 21.533 13.484 13.556 16.650 15.430 19.641 31.905 28.626 20.874 22.267 15.665 22.437
1985 16.070 17.190 18.286 13.392 20.213 22.871 30.692 29.319 25.896 27.500 17.445 21.464
1986 14.801 13.825 13.600 14.753 16.886 24.938 32.352 29.425 25.141 23.777 24.195 19.556
1987 16.156 14.422 11.749 12.777 13.655 22.076 26.831 27.539 24.714 26.173 15.205 18.701
1988 20.006 14.739 15.563 15.442 15.132 20.846 31.013 32.278 27.174 20.000 18.611 16.841
1989 21.123 20.968 14.208 12.524 19.931 22.258 29.726 31.180 28.892 22.500 20.000 19.507
1990 21.068 19.932 12.999 12.412 17.889 27.560 29.785 27.035 28.671 17.914 22.500 22.160
1991 20.791 15.439 17.952 17.137 15.699 25.542 29.076 28.739 28.242 21.269 18.667 18.300
1992 15.005 14.117 15.939 12.635 15.000 22.083 30.482 31.194 28.900 18.800 17.836 21.019
1993 17.689 14.284 13.636 12.792 14.088 22.885 28.749 29.631 29.259 23.990 25.881 15.941
1994 18.596 18.867 14.848 14.733 17.764 24.344 31.273 30.844 25.467 19.754 22.284 15.541
1995 15.297 15.000 13.398 13.809 17.725 21.116 29.236 31.126 26.822 26.373 16.807 15.653
1996 15.649 13.906 13.535 13.420 16.037 24.396 32.699 29.992 25.506 20.000 15.918 14.396
1997 12.098 19.701 19.949 13.787 19.351 21.359 28.960 29.838 25.216 17.432 21.241 19.600
1998 13.473 12.124 11.028 14.659 15.393 22.476 30.520 29.344 26.238 21.511 -999.000 22.983
1999 18.435 14.480 13.926 19.416 18.100 23.774 29.950 30.601 26.751 28.779 14.401 17.810
2000 17.593 17.060 14.403 15.510 13.631 27.005 29.035 30.536 27.224 28.677 20.000 21.907
2001 18.489 20.057 12.919 20.095 17.844 24.058 32.397 29.511 24.940 22.769 14.042 16.551
2002 20.794 17.552 17.064 20.029 17.427 24.276 29.117 31.612 25.422 24.872 22.662 19.742
2003 16.121 20.145 18.148 14.952 16.886 24.799 30.817 29.953 25.948 21.226 21.571 14.586
2004 14.743 18.016 16.941 -999.000 15.180 24.351 29.688 26.812 26.253 22.359 20.160 16.238
2005 15.531 16.858 15.522 13.382 15.648 21.043 27.678 30.636 28.144 24.835 16.404 15.510
2006 18.885 17.596 14.011 20.117 16.206 24.411 31.053 28.105 25.842 21.436 17.295 21.529
2007 20.116 17.771 14.869 14.399 15.622 22.487 30.020 31.904 25.983 27.845 20.000 20.812
2008 18.476 19.273 15.489 18.829 15.212 23.387 29.181 30.004 26.929 24.842 14.896 20.428
2009 24.617 17.624 17.411 15.139 15.220 22.461 27.443 31.094 25.353 22.076 17.265 19.031
2010 17.364 14.185 14.726 11.620 15.865 25.561 30.814 28.872 28.263 20.970 15.773 13.490
2011 16.230 18.585 16.750 19.158 14.739 23.002 33.368 29.041 25.612 23.543 17.794 22.083
2012 15.805 17.403 15.797 11.831 16.757 22.183 31.279 29.067 23.315 19.742 17.988 14.719
2013 20.575 17.561 12.456 13.995 14.602 29.391 29.813 31.847 25.728 23.305 17.822 23.287
2014 23.091 21.964 15.807 15.241 13.765 20.717 28.452 27.774 27.455 22.237 23.373 16.398
2015 17.953 14.104 20.095 15.063 16.966 23.932 28.497 30.042 23.614 21.528 21.999 22.450
2016 15.841 13.703 12.969 13.150 16.515 23.912 29.306 30.598 29.564 21.039 18.114 21.341
2017 17.044 15.941 10.533 10.132 15.218 24.335 31.250 30.031 26.107 22.310 21.986 19.911
2018 19.876 22.855 18.223 17.072 17.343 25.450 32.515 29.372 27.056 20.662 19.196 20.089
2019 18.189 19.654 16.132 14.861 15.211 20.651 29.755 30.580 28.537 23.115 19.647 18.604
2020 17.942 18.486 19.876 18.699 14.892 22.866 28.421 29.434 28.948 21.342 21.931 16.412
2021 18.175 19.847 19.304 17.844 16.045 27.435 29.314 29.726 25.910 18.908 19.965 19.915
2022 15.365 20.280 16.407 16.289 14.997 23.678 32.034 31.826 27.658 22.719 20.289 18.623
2023 18.776 21.669 17.759 15.702 13.034 19.526 27.356 28.855 24.897 21.854 17.544 13.388
2024 16.248 14.692 14.637 14.593 15.765 21.882 30.619 30.879 23.779 22.201 17.674 16.566
2025 19.464 19.302 15.292 13.024 16.075 27.662 28.239 28.699 27.646 20.847 17.539 19.667
