1951 2025
1951 -0.460 -0.351 -0.098 -0.011 -0.075 0.068 0.595 0.439 0.444 0.631 0.829 0.575
1952 0.111 -0.009 -0.012 -0.210 -0.480 -0.679 -0.631 -0.403 -0.562 -0.359 -0.799 -0.295
1953 0.053 0.221 0.364 0.240 0.161 0.244 0.017 0.002 0.262 0.144 0.106 0.179
1954 -0.169 -0.136 -0.496 -1.643 -1.326 -1.218 -0.991 -1.136 -1.284 -1.090 -0.978 -1.057
1955 -0.535 -0.317 -0.418 -0.848 -1.343 -1.241 -1.010 -0.988 -1.203 -1.612 -1.578 -1.519
1956 -0.593 -0.277 -0.102 -0.192 -0.375 -0.491 -0.562 -0.517 -0.534 -0.647 -0.997 -0.969
1957 -0.532 -0.054 0.315 0.339 0.572 0.820 1.193 0.859 0.627 0.587 0.892 1.106
1958 0.969 0.631 0.263 0.167 0.043 -0.003 -0.115 -0.186 -0.513 -0.462 -0.146 -0.385
1959 -0.077 -0.003 0.020 -0.009 -0.273 -0.331 -0.556 -0.688 -0.570 -0.276 -0.245 -0.282
1960 -0.110 -0.218 -0.108 -0.166 -0.321 -0.456 -0.254 -0.090 -0.121 -0.646 -0.778 -0.609
1961 -0.438 -0.072 -0.169 0.042 0.005 -0.080 -0.643 -0.715 -1.164 -0.928 -0.563 -0.443
1962 -0.349 -0.216 -0.524 -0.858 -0.736 -0.672 -0.408 -0.199 -0.518 -0.543 -0.783 -0.836
1963 -0.511 -0.370 -0.162 -0.002 -0.061 0.069 0.539 0.519 0.295 0.317 0.567 0.735
1964 0.285 -0.084 -0.231 -1.110 -1.518 -1.160 -0.626 -1.053 -0.550 -0.602 -0.483 -0.880
1965 -0.558 -0.277 0.019 0.001 0.411 0.567 0.751 0.933 0.957 0.883 1.123 1.072
1966 0.840 0.275 -0.321 -0.185 -0.958 -0.611 -0.422 -0.714 -0.879 -0.707 -0.913 -0.961
1967 -0.484 -0.224 -0.693 -1.106 -0.564 -0.189 -0.488 -0.838 -1.236 -1.197 -1.039 -1.087
1968 -1.246 -1.407 -1.210 -0.877 -0.954 -0.319 0.179 0.050 -0.066 -0.004 -0.086 0.140
1969 0.044 -0.147 -0.026 0.065 0.367 0.300 0.023 0.140 0.218 0.296 0.329 0.469
1970 0.300 -0.000 -0.341 -0.435 -0.888 -1.267 -1.690 -1.413 -0.894 -0.817 -1.008 -0.736
1971 -0.950 -1.052 -0.777 -0.538 -0.664 -0.737 -0.592 -0.861 -0.528 -0.819 -0.897 -1.206
1972 -0.492 -0.424 -0.219 0.003 0.205 0.627 1.205 1.604 1.305 1.553 1.775 1.962
1973 1.471 0.595 0.077 -0.655 -1.117 -1.033 -1.183 -1.120 -0.999 -1.047 -1.038 -1.055
1974 -1.040 -0.790 -0.507 -0.301 -0.407 -0.362 -0.086 -0.118 -0.285 -0.558 -0.642 -0.616
1975 -0.301 -0.665 -0.512 -0.144 -0.607 -0.786 -0.543 -0.427 -0.664 -0.760 -0.598 -0.975
1976 -1.240 -0.617 -0.284 -0.296 -0.005 0.444 0.554 0.774 0.781 0.890 0.749 0.676
1977 0.861 0.540 0.256 -0.519 -0.222 -0.081 -0.119 -0.371 -0.068 0.139 0.079 0.081
1978 -0.056 -0.111 -0.407 -0.669 -0.963 -0.707 -0.558 -0.822 -0.604 -0.212 -0.143 0.039
1979 -0.321 -0.287 -0.019 0.111 0.041 0.001 -0.183 0.141 0.548 0.466 0.349 0.291
1980 0.190 -0.156 -0.127 -0.095 -0.057 0.064 -0.121 -0.259 -0.143 -0.394 -0.040 -0.004
1981 -0.700 -0.855 -0.519 -0.286 -0.295 -0.153 -0.264 -0.498 -0.159 -0.059 -0.279 -0.035
1982 0.159 0.014 -0.065 -0.114 0.261 0.409 0.416 0.872 1.668 1.989 2.180 2.619
1983 2.771 2.111 1.584 1.561 1.691 1.585 0.941 0.678 0.098 -0.265 -0.604 -0.515
1984 -0.295 0.077 0.093 -0.113 -0.592 -0.813 -0.495 -0.207 -0.198 -0.405 -0.615 -0.892
1985 -1.037 -0.671 -0.392 -0.575 -0.660 -0.599 -0.768 -0.691 -0.740 -0.661 -0.551 -0.642
1986 -0.730 -0.470 -0.310 -0.215 -0.448 -0.333 -0.027 0.106 0.141 0.410 0.635 0.782
1987 0.861 0.901 0.816 0.775 0.844 0.752 0.972 1.167 1.275 0.819 0.676 0.680
1988 0.386 -0.008 -0.107 -0.484 -1.292 -1.770 -1.626 -1.203 -0.796 -0.922 -0.965 -0.913
1989 -0.784 -0.398 -0.553 -0.426 -0.494 0.077 -0.083 -0.137 -0.182 -0.243 -0.364 -0.342
1990 -0.299 -0.180 -0.234 -0.114 0.207 0.021 0.033 0.020 -0.043 -0.119 -0.132 -0.053
1991 -0.140 -0.245 -0.108 -0.158 0.086 0.565 0.699 0.285 0.163 0.319 0.688 0.916
1992 1.072 0.870 0.803 1.031 1.103 0.487 -0.125 -0.068 -0.101 -0.310 -0.391 -0.322
1993 -0.110 0.311 0.383 0.854 1.073 0.478 0.273 0.161 0.137 0.114 -0.033 -0.002
1994 0.107 -0.082 -0.308 -0.286 -0.017 -0.121 -0.165 -0.237 -0.077 0.237 0.609 0.456
1995 0.454 0.130 -0.303 -0.309 -0.624 -0.434 -0.326 -0.877 -0.956 -0.828 -0.812 -0.793
1996 -0.664 -0.510 -0.368 -0.623 -0.540 -0.527 -0.413 -0.346 -0.432 -0.490 -0.559 -0.949
1997 -0.890 -0.668 -0.285 -0.299 0.491 1.456 1.962 2.352 2.500 2.818 2.988 3.040
1998 2.778 2.203 1.793 1.688 1.482 0.500 -0.004 -0.290 -0.603 -0.465 -0.275 -0.526
1999 -0.629 -0.280 0.010 -0.365 -0.368 -0.450 -0.256 -0.436 -0.799 -1.009 -0.981 -1.016
2000 -1.158 -0.598 0.055 0.416 0.161 -0.183 -0.276 -0.272 -0.194 -0.262 -0.399 -0.304
2001 -0.114 -0.006 0.031 0.138 0.035 -0.166 -0.152 -0.205 -0.619 -0.404 -0.611 -0.590
2002 -0.492 -0.231 0.055 -0.113 0.055 0.360 0.182 0.223 0.546 0.712 0.975 0.866
2003 0.308 0.132 -0.044 -0.337 -0.858 -0.469 0.082 0.140 0.004 0.235 0.501 0.582
2004 0.206 0.101 0.078 -0.076 -0.370 -0.150 -0.141 -0.022 0.106 0.245 0.347 0.332
2005 -0.060 -0.099 -0.034 -0.186 0.071 0.038 0.191 0.156 -0.114 -0.327 -1.064 -1.124
2006 -0.646 -0.117 -0.317 -0.269 -0.031 0.011 -0.010 0.192 0.508 0.594 0.646 0.762
2007 0.570 -0.135 -0.349 -0.530 -0.793 -0.608 -0.815 -1.091 -1.076 -1.109 -1.169 -1.222
2008 -0.915 -0.641 -0.207 0.037 0.214 0.288 0.390 0.519 0.270 0.117 0.166 -0.262
2009 -0.174 -0.280 -0.483 -0.027 0.315 0.533 0.622 0.584 0.486 0.396 0.647 0.845
2010 0.592 0.489 0.258 0.106 -0.068 -0.525 -0.648 -0.691 -0.794 -0.863 -0.873 -0.932
2011 -0.740 -0.392 -0.413 -0.011 -0.039 0.002 0.037 -0.178 -0.384 -0.722 -0.752 -0.536
2012 -0.195 0.135 0.123 0.078 0.178 0.548 0.666 0.439 0.178 -0.130 -0.130 -0.403
2013 -0.659 -0.525 0.016 -0.227 -0.707 -0.769 -0.561 -0.618 -0.350 -0.177 -0.140 -0.128
2014 -0.376 -0.772 -0.267 -0.040 0.222 0.443 0.320 0.065 0.154 0.380 0.504 0.381
2015 0.018 -0.316 -0.238 0.284 0.613 1.150 1.565 1.649 2.007 2.163 2.276 2.275
2016 2.044 1.438 1.103 0.350 -0.207 -0.018 -0.494 -0.505 -0.225 -0.407 -0.432 -0.411
2017 -0.059 0.414 0.367 0.455 0.235 -0.019 -0.014 -0.226 -0.745 -0.651 -0.910 -1.029
2018 -1.044 -0.803 -0.845 -0.530 -0.244 -0.051 0.071 -0.034 0.049 0.347 0.539 0.540
2019 0.264 0.272 0.380 0.373 0.309 0.003 -0.350 -0.302 -0.292 -0.169 0.037 -0.107
2020 -0.156 -0.242 -0.093 0.096 -0.229 -0.562 -0.474 -0.535 -0.845 -0.793 -0.825 -0.432
2021 -0.243 -0.384 -0.427 -0.588 -0.450 -0.199 -0.172 -0.377 -0.294 -0.515 -0.743 -0.993
2022 -1.194 -1.033 -0.456 -0.560 -0.705 -0.486 -0.101 -0.281 -0.570 -0.687 -0.544 -0.496
2023 -0.335 0.084 0.355 0.464 0.755 1.083 1.385 1.599 1.585 1.643 1.519 1.408
2024 1.200 0.974 0.429 0.156 -0.099 -0.151 -0.027 -0.270 -0.226 -0.126 -0.094 -0.290
2025 -0.106 0.024 0.502 0.160 -0.029 -0.092 0.023 -0.223 -0.459 -0.268 -0.416 -0.680
