1951 2025
1951 3736.338 3836.397 3574.420 2360.455 1935.407 2108.292 2017.248 1830.811 2197.177 2687.788 3659.763 4213.456
1952 3732.845 3401.899 3588.726 2145.807 1561.317 1747.743 1598.319 2602.371 2759.863 3209.317 2590.113 3275.114
1953 3411.029 3835.530 3388.438 2046.531 1745.432 986.371 2031.180 1798.001 2812.847 2720.215 3079.486 2520.697
1954 3369.705 3754.372 3342.481 1988.082 951.741 2030.597 1915.995 2233.517 3283.190 3813.137 2788.363 3136.109
1955 3774.547 4623.558 3321.530 2021.411 2713.392 2202.256 1610.828 1716.244 1993.373 3376.618 3188.593 4767.686
1956 3389.392 2913.411 2900.331 2367.922 2346.150 1882.408 1950.715 2786.731 2948.344 3432.897 3354.793 2952.189
1957 3307.720 3977.822 3279.440 1637.377 1524.022 1990.319 1360.885 2062.784 2510.085 3770.657 2637.114 4178.309
1958 3351.366 4124.139 3571.573 1888.302 2223.924 1897.000 2152.833 2150.679 2611.091 3035.963 2271.226 4079.465
1959 3270.752 3644.401 2978.866 2301.250 1519.550 2026.593 1631.792 1958.148 2846.270 3065.942 2187.642 3465.324
1960 2573.654 4369.910 2392.667 1656.712 1474.664 1697.628 1674.674 1986.437 2099.985 3784.205 3226.924 3372.230
1961 2932.533 3720.823 4006.640 3047.103 2020.822 2215.479 1828.118 2378.432 2853.970 2590.518 3293.956 4046.584
1962 3844.910 3673.161 3968.750 2008.847 2119.257 2485.227 2084.813 2819.885 2903.453 3381.630 2284.591 3961.530
1963 3072.400 4585.089 4227.120 1978.240 1725.759 2119.857 2067.598 2217.226 2461.688 3411.215 4333.712 3605.317
1964 3123.665 3642.554 2671.552 2279.002 2256.301 2254.502 2123.979 2097.602 2851.884 2784.146 3890.628 3318.975
1965 3207.143 3615.701 3686.214 2405.722 2427.817 2392.722 2417.519 2402.544 2495.380 3362.286 3753.895 4341.742
1966 3066.217 4593.041 3647.047 1975.331 2371.473 1927.103 1874.279 2208.405 3491.190 3486.183 2820.186 3124.170
1967 3109.458 4100.560 4193.624 2172.767 1888.616 2126.035 1896.962 1839.728 2443.293 4272.860 2751.129 4258.009
1968 4137.707 4155.701 4488.428 2348.083 1941.240 2230.923 1784.336 1884.119 2419.329 3867.294 2517.443 3371.238
1969 2384.143 3512.861 3609.121 2284.302 1981.847 2027.268 1760.424 1397.967 2709.913 3691.889 4332.597 2949.000
1970 3150.745 4713.765 3154.750 2534.188 1749.808 1671.291 2097.707 1873.550 2697.142 3426.757 3870.960 2977.722
1971 3862.082 3753.349 3348.718 2199.787 2059.812 2078.594 1765.669 2427.915 2332.557 3985.153 4261.230 3583.140
1972 2401.175 3378.371 3331.469 2524.385 1969.671 1864.346 1354.792 1753.274 2241.480 3005.644 3986.700 3269.347
1973 2604.051 4838.613 3280.390 2085.764 2013.256 1882.954 1773.875 2316.324 2833.593 3821.633 4515.739 4355.463
1974 3109.435 3501.206 1907.720 2120.203 2054.645 2070.887 2034.567 2199.183 2909.842 2850.743 3293.058 3849.534
1975 4120.609 3784.817 3493.004 2048.680 1555.990 2005.391 1949.470 1912.604 3093.303 3088.378 3033.808 4556.689
1976 4484.861 3671.563 3004.876 2261.495 1981.090 2166.248 1868.387 1848.871 2622.869 3562.292 3122.936 3246.544
1977 2492.142 3926.802 3108.982 2664.099 1526.614 1871.843 1568.668 1824.101 2844.828 3426.341 3915.542 3156.416
1978 3823.986 4128.315 3689.989 2080.472 1540.174 2259.985 1835.321 1807.172 3294.915 3694.498 4109.387 4158.929
1979 3145.537 4220.887 3571.649 2144.449 2358.412 1997.573 1774.935 2005.643 2830.040 3205.616 3372.225 3969.638
1980 2849.591 3034.167 2956.878 1867.574 1610.398 1880.545 1867.275 2287.511 2534.529 3693.902 3633.222 4232.716
1981 3694.478 3428.255 4126.832 2289.281 1925.906 1872.485 1668.099 1491.147 2307.980 3320.957 3260.215 4300.469
1982 3536.997 3764.351 3354.507 2448.090 2010.480 2460.644 1520.921 2394.736 3061.058 3295.758 3723.045 4022.579
1983 4300.365 3567.287 3338.549 2003.971 1980.162 2097.352 1479.787 2216.547 2637.981 4117.457 4015.057 3910.378
1984 3851.945 2539.609 2487.414 1680.631 1594.950 1867.591 1577.160 1963.024 2527.265 3518.620 3063.740 2287.896
1985 3325.676 3864.299 2875.812 2810.639 1545.287 2171.602 1776.821 2228.865 2909.014 3315.498 3239.483 3835.255
1986 3772.628 3553.062 3438.266 2198.120 2120.063 1513.400 1954.087 2085.348 3193.530 3885.976 3453.062 4179.315
1987 3083.451 3857.126 2986.593 2149.161 1522.317 1877.206 1827.573 2140.174 3241.717 2818.047 2912.040 3711.632
1988 3583.566 3134.206 3437.972 2561.216 1510.386 1373.792 1640.404 2083.090 2810.660 3371.966 3971.250 4326.914
1989 3712.130 4918.218 3748.715 1598.583 1930.202 1654.833 1556.217 2408.685 2390.706 3597.088 2911.785 4251.702
1990 3489.154 4656.278 4214.279 2524.682 2034.422 1905.036 1507.576 1897.109 2618.244 3592.817 3509.529 3292.192
1991 3409.968 3128.318 2397.138 2204.559 1778.179 2106.812 1633.943 2163.537 2834.291 2764.258 3581.605 3694.381
1992 3228.733 4217.175 3221.312 2477.979 1929.928 1685.803 2328.515 2870.317 1938.235 4290.871 3946.044 3551.266
1993 4733.622 3663.863 3620.837 2235.958 1499.332 1964.357 1786.609 1921.691 3026.903 3245.912 2301.597 4248.414
1994 3939.947 3987.498 4244.627 2022.105 2263.194 2765.620 1847.323 2335.726 2565.951 3626.033 3669.439 3846.518
1995 3420.399 4986.149 3781.037 1831.453 1651.971 1455.736 2011.993 1884.459 2326.842 3523.526 3065.609 3439.576
1996 1907.849 3957.096 1888.689 1815.130 2086.666 1966.692 2143.855 1769.094 2464.763 3317.433 3376.993 3090.811
1997 3632.612 5123.491 3717.054 2863.845 1781.724 1766.219 1446.576 1739.851 2616.790 3599.764 2977.405 3213.925
1998 2924.338 4590.000 3221.938 2507.511 1750.547 1642.322 1779.460 2070.025 2097.216 3688.790 3108.201 3763.305
1999 3260.705 4474.880 2659.792 1997.917 2145.208 1754.573 1741.155 2200.598 2400.061 3092.240 3005.639 4523.198
2000 3560.698 4541.376 3690.268 2128.897 2129.622 2126.608 1637.491 2043.281 2455.082 2786.957 2722.890 3654.476
2001 2606.070 3740.333 4169.123 2234.458 1953.805 2081.249 1808.896 2058.231 1981.073 3593.011 3962.773 2773.693
2002 3488.633 4797.499 3616.710 1537.257 1833.820 2108.172 1607.355 1592.688 2115.104 3524.792 3092.245 2835.181
2003 3755.578 3332.856 3202.609 1411.950 2041.381 2380.843 1326.283 1515.277 2464.786 3369.884 2469.664 3553.543
2004 3255.820 3630.639 2283.248 1634.351 1813.084 2197.677 1493.273 1855.368 2423.792 3380.643 3420.916 3839.053
2005 3022.885 2789.564 3389.288 1978.934 1920.336 1649.865 1429.052 1894.988 2654.276 2650.654 2513.016 2598.594
2006 2058.218 3361.087 3581.296 2057.594 1975.236 1631.348 1591.326 1679.095 2387.005 3047.029 3529.521 3481.159
2007 3977.052 3859.376 2601.457 2339.134 2287.974 1711.500 1911.914 1876.368 2467.025 2385.868 3270.479 2785.224
2008 2844.486 3615.530 4370.632 1851.732 1439.401 2023.063 1515.986 2362.239 1946.814 3718.964 3249.116 2283.733
2009 3355.091 3185.589 3333.621 2349.116 1844.545 1750.732 1758.378 1931.990 2460.233 3045.518 3075.093 3131.374
2010 2181.827 3730.870 3692.233 1683.821 1091.225 1682.034 1553.680 1766.400 1926.313 3220.541 3677.167 3073.410
2011 2731.067 4129.934 3618.834 2273.448 1776.706 1575.328 1388.854 1771.607 2628.351 3205.604 3163.395 4178.977
2012 2385.601 3195.349 3155.257 2552.994 1723.506 2026.982 1845.066 2009.137 2743.099 3109.233 3192.714 3042.215
2013 3100.572 2810.566 3912.803 2564.719 1668.086 1522.694 1391.601 1903.422 2100.506 3424.244 3636.280 4048.561
2014 2727.753 3795.879 3285.340 2334.519 1674.002 1583.533 1239.272 2108.041 2073.828 3006.121 2355.779 3812.485
2015 3590.988 3883.628 2718.331 2364.866 2235.236 2031.815 2074.951 1677.392 1597.694 2787.338 3516.033 3899.809
2016 3185.698 3667.568 2834.278 1736.935 1264.396 1541.755 1390.448 1893.281 2212.384 1434.149 2521.807 3574.565
2017 2957.490 3352.498 3237.040 2347.573 1788.977 2420.057 1876.729 2037.308 1478.026 2987.979 2935.495 3264.544
2018 2669.963 3004.146 4241.004 2136.749 1469.160 1912.334 1092.030 2013.589 2511.488 3141.138 2162.366 2730.962
2019 3359.406 3338.779 4155.970 1070.074 1482.850 1611.984 1421.779 2042.492 2419.663 3265.513 2767.670 3400.734
2020 3554.218 5235.203 3567.124 2318.259 1864.915 1303.944 1745.371 1890.185 2384.311 2494.681 2687.848 2422.537
2021 2392.421 3424.347 3511.115 1910.661 2145.580 1560.217 1377.617 1442.275 2094.836 2893.228 3232.335 3173.643
2022 3534.106 4568.382 2546.095 1831.551 2242.776 1554.043 1339.195 1437.789 2024.779 3184.450 2322.627 2792.041
2023 2565.519 3398.175 4029.334 1195.376 1547.194 1381.149 1850.638 1257.813 2044.485 3744.568 3402.122 3454.667
2024 3394.404 3745.397 2799.026 1804.752 1552.057 1708.640 1501.755 1988.853 1454.097 2788.844 2877.321 3095.968
2025 2802.480 2348.186 2827.094 1925.904 1715.773 2259.394 1433.058 1632.472 1802.719 2894.323 3058.657 2692.929
