1951 2025
1951 -1.303 -1.028 -0.333 -0.124 0.113 0.136 0.415 0.181 0.494 0.523 0.624 0.352
1952 0.117 -0.000 -0.059 0.092 -0.022 -0.412 -0.652 -0.537 -0.373 -0.420 -0.712 -0.358
1953 0.180 0.249 0.326 0.316 0.462 0.524 0.247 0.098 0.272 0.195 0.249 0.442
1954 0.419 0.278 -0.334 -1.067 -0.700 -0.803 -1.073 -1.415 -1.615 -1.449 -1.064 -1.303
1955 -0.938 -0.935 -1.015 -1.107 -1.159 -1.050 -1.038 -1.330 -1.449 -2.265 -2.376 -1.995
1956 -1.214 -0.977 -0.777 -0.859 -0.683 -0.783 -0.954 -1.162 -1.003 -0.931 -1.069 -0.858
1957 -0.519 -0.213 0.213 0.512 0.724 0.753 0.969 0.848 0.696 0.734 0.987 1.328
1958 1.759 1.487 1.023 0.560 0.490 0.391 0.137 0.011 -0.329 -0.228 0.122 0.051
1959 0.512 0.428 0.226 0.162 -0.119 -0.230 -0.746 -0.746 -0.806 -0.435 -0.586 -0.386
1960 -0.295 -0.460 -0.256 -0.228 -0.136 -0.359 -0.304 -0.145 -0.299 -0.459 -0.381 -0.345
1961 -0.326 -0.194 -0.303 -0.348 -0.067 0.064 -0.307 -0.655 -0.951 -0.970 -0.563 -0.588
1962 -0.595 -0.556 -0.436 -0.583 -0.764 -0.517 -0.424 -0.512 -0.794 -0.710 -0.876 -0.894
1963 -0.787 -0.523 -0.063 0.070 -0.183 0.019 0.595 0.634 0.664 0.680 0.833 1.045
1964 0.774 0.379 -0.222 -0.769 -0.998 -1.012 -0.849 -1.248 -1.410 -1.311 -1.373 -1.344
1965 -0.901 -0.550 -0.294 -0.333 0.176 0.492 0.715 1.124 1.271 1.480 1.479 1.383
1966 1.106 0.802 0.968 0.444 -0.266 0.041 0.143 -0.354 -0.457 -0.450 -0.401 -0.541
1967 -0.680 -0.633 -0.735 -0.968 -0.463 -0.128 -0.218 -0.406 -0.877 -0.708 -0.553 -0.618
1968 -0.867 -1.059 -0.904 -0.613 -0.625 0.277 0.388 0.171 -0.006 0.074 0.570 0.702
1969 0.940 1.110 0.585 0.421 0.477 0.103 -0.097 0.184 0.423 0.667 0.481 0.420
1970 0.278 0.210 -0.092 0.031 -0.182 -0.558 -0.972 -1.240 -1.088 -1.080 -1.061 -1.295
1971 -1.738 -1.557 -1.312 -1.076 -0.861 -0.996 -1.055 -1.089 -1.017 -1.208 -1.076 -1.194
1972 -0.926 -0.442 -0.150 0.181 0.498 0.588 0.958 1.107 1.213 1.582 1.969 2.116
1973 1.776 1.198 0.311 -0.467 -0.847 -1.045 -1.421 -1.608 -1.664 -1.937 -2.288 -2.224
1974 -2.093 -1.640 -1.388 -1.241 -1.168 -1.060 -0.785 -0.505 -0.656 -0.902 -1.022 -0.939
1975 -0.460 -0.671 -1.040 -0.847 -1.012 -1.358 -1.276 -1.498 -1.672 -1.787 -1.582 -1.894
1976 -2.016 -1.259 -0.781 -0.825 -0.614 -0.245 -0.056 0.143 0.290 0.787 0.779 0.520
1977 0.763 0.380 0.234 -0.270 -0.092 0.145 0.199 0.011 0.387 0.663 0.555 0.725
1978 0.608 0.257 -0.147 -0.596 -0.616 -0.575 -0.442 -0.768 -0.715 -0.425 -0.304 -0.023
1979 -0.141 -0.209 0.031 0.124 -0.120 -0.159 -0.352 -0.081 0.265 0.158 0.364 0.550
1980 0.530 0.228 0.071 0.043 0.202 0.347 0.054 -0.355 -0.285 -0.212 -0.026 0.082
1981 -0.369 -0.629 -0.585 -0.420 -0.452 -0.327 -0.526 -0.512 -0.204 -0.256 -0.335 -0.162
1982 0.120 -0.153 0.179 0.318 0.572 0.664 0.481 0.743 1.479 2.021 1.986 2.226
1983 2.326 1.936 1.421 1.058 1.026 0.685 0.013 -0.236 -0.522 -1.102 -1.208 -0.989
1984 -0.679 -0.183 -0.468 -0.571 -0.615 -0.767 -0.395 -0.229 -0.350 -0.634 -1.109 -1.304
1985 -1.165 -0.716 -0.741 -1.064 -0.905 -0.781 -0.628 -0.539 -0.710 -0.445 -0.302 -0.372
1986 -0.665 -0.687 -0.363 -0.222 -0.406 -0.168 0.001 0.336 0.514 0.842 1.077 1.150
1987 1.118 1.137 1.027 0.683 0.745 1.050 1.401 1.580 1.633 1.280 1.145 0.979
1988 0.893 0.285 0.143 -0.336 -1.129 -1.602 -1.621 -1.168 -1.009 -1.849 -1.971 -1.924
1989 -1.967 -1.460 -1.159 -0.964 -0.747 -0.449 -0.462 -0.509 -0.312 -0.358 -0.378 -0.099
1990 0.006 0.223 0.094 0.188 0.204 0.053 0.205 0.241 0.212 0.261 0.183 0.394
1991 0.481 0.326 0.086 0.299 0.391 0.657 0.875 0.695 0.412 0.903 1.265 1.712
1992 1.812 1.774 1.417 1.299 1.155 0.709 0.336 0.075 -0.071 -0.254 -0.207 -0.116
1993 0.138 0.420 0.434 0.695 0.896 0.488 0.338 0.152 0.343 0.102 0.082 0.197
1994 0.090 0.066 0.148 0.362 0.423 0.446 0.358 0.546 0.465 0.798 1.184 1.288
1995 1.012 0.742 0.513 0.390 0.012 -0.004 -0.096 -0.603 -0.844 -0.829 -1.023 -0.903
1996 -0.860 -0.848 -0.557 -0.357 -0.261 -0.301 -0.324 -0.196 -0.455 -0.400 -0.337 -0.607
1997 -0.536 -0.361 -0.195 0.270 0.762 1.222 1.670 1.909 2.117 2.398 2.481 2.322
1998 2.368 2.034 1.384 0.896 0.703 -0.242 -0.861 -1.245 -1.257 -1.414 -1.382 -1.644
1999 -1.689 -1.309 -0.903 -1.005 -1.019 -1.050 -1.049 -1.194 -1.095 -1.192 -1.503 -1.697
2000 -1.766 -1.527 -0.934 -0.753 -0.736 -0.644 -0.550 -0.465 -0.522 -0.650 -0.710 -0.876
2001 -0.735 -0.617 -0.428 -0.378 -0.209 -0.054 0.075 -0.030 -0.208 -0.099 -0.291 -0.368
2002 -0.156 -0.030 0.057 0.133 0.430 0.850 0.852 0.887 1.080 1.284 1.534 1.405
2003 0.597 0.650 0.413 -0.030 -0.489 -0.150 0.320 0.276 0.258 0.466 0.414 0.475
2004 0.269 0.246 0.168 0.175 0.175 0.260 0.591 0.771 0.797 0.766 0.733 0.778
2005 0.652 0.369 0.494 0.369 0.425 0.182 -0.111 -0.029 -0.042 -0.021 -0.518 -0.885
2006 -0.917 -0.662 -0.661 -0.208 0.033 0.137 0.121 0.329 0.594 0.744 1.068 1.177
2007 0.695 0.144 -0.126 -0.204 -0.349 -0.219 -0.473 -0.699 -1.119 -1.344 -1.456 -1.542
2008 -1.685 -1.653 -1.158 -0.880 -0.721 -0.547 -0.184 -0.109 -0.260 -0.305 -0.382 -0.821
2009 -0.893 -0.779 -0.646 -0.241 0.179 0.450 0.597 0.585 0.674 0.933 1.526 1.770
2010 1.507 1.261 0.947 0.496 -0.092 -0.548 -0.952 -1.359 -1.598 -1.642 -1.565 -1.565
2011 -1.540 -1.089 -0.861 -0.645 -0.394 -0.238 -0.305 -0.617 -0.802 -1.000 -1.101 -1.018
2012 -0.873 -0.662 -0.562 -0.390 -0.199 0.157 0.361 0.484 0.369 0.304 0.228 -0.222
2013 -0.533 -0.509 -0.212 -0.148 -0.291 -0.305 -0.288 -0.370 -0.200 -0.168 -0.079 -0.153
2014 -0.512 -0.624 -0.246 0.180 0.423 0.345 0.034 -0.023 0.262 0.466 0.809 0.735
2015 0.504 0.440 0.526 0.801 1.033 1.303 1.559 1.937 2.183 2.393 2.778 2.688
2016 2.548 2.253 1.667 1.012 0.431 0.113 -0.356 -0.546 -0.574 -0.691 -0.675 -0.466
2017 -0.433 -0.079 0.075 0.308 0.470 0.461 0.366 -0.137 -0.443 -0.526 -0.891 -0.963
2018 -1.001 -0.787 -0.765 -0.414 -0.090 0.177 0.238 0.115 0.459 0.941 0.977 0.914
2019 0.641 0.724 0.853 0.729 0.675 0.587 0.465 0.066 0.028 0.529 0.598 0.558
2020 0.589 0.372 0.520 0.471 -0.152 -0.201 -0.185 -0.566 -0.839 -1.210 -1.344 -1.114
2021 -1.003 -0.988 -0.746 -0.606 -0.336 -0.143 -0.273 -0.509 -0.561 -0.897 -0.868 -1.026
2022 -0.959 -0.884 -0.928 -1.000 -0.987 -0.615 -0.582 -0.952 -1.080 -0.948 -0.828 -0.817
2023 -0.715 -0.448 -0.059 0.244 0.582 0.971 1.135 1.371 1.591 1.764 2.099 2.064
2024 1.812 1.529 1.175 0.883 0.353 0.311 0.163 -0.095 -0.266 -0.224 -0.171 -0.560
2025 -0.737 -0.416 0.062 -0.029 -0.010 0.070 -0.026 -0.340 -0.478 -0.456 -0.621 -0.635
