1951 2025
1951 0.000 0.000 0.000 0.000 36.119 232.115 1165.219 1226.874 438.743 108.140 97.697 15.333
1952 0.000 26.436 0.000 0.000 14.774 709.683 1070.779 793.157 215.460 91.592 22.863 0.000
1953 0.000 37.332 0.000 10.017 52.461 749.243 1532.071 1192.819 332.658 72.488 105.166 5.005
1954 0.000 0.000 0.000 0.000 1.499 235.498 764.340 749.452 206.623 17.688 19.353 0.000
1955 0.000 0.000 0.000 0.000 28.594 119.105 543.957 542.220 227.504 13.703 0.000 0.000
1956 0.000 0.000 0.000 0.000 11.262 169.522 637.657 481.495 69.579 0.000 22.278 0.000
1957 0.000 0.000 0.000 0.000 27.973 424.871 767.384 818.894 243.039 34.136 46.137 12.870
1958 54.757 7.561 20.935 70.921 61.665 606.739 1180.887 922.826 380.254 7.607 39.415 19.635
1959 0.000 52.663 56.132 0.000 0.000 310.350 743.179 522.832 169.026 142.764 36.746 12.034
1960 0.000 0.000 0.000 0.000 0.000 326.694 948.228 1071.923 218.001 30.988 0.000 51.897
1961 0.000 0.000 0.000 0.000 71.121 207.759 626.247 812.871 78.648 0.000 0.000 0.000
1962 0.000 0.000 0.000 0.000 12.251 78.011 747.104 971.687 281.206 59.650 6.755 0.000
1963 0.000 0.000 0.000 0.000 4.905 153.179 582.072 645.622 279.527 10.176 0.000 27.122
1964 6.863 10.222 8.924 5.764 31.284 63.453 803.474 579.842 283.336 27.636 0.000 0.000
1965 0.000 0.000 0.000 0.000 16.190 260.229 679.375 371.252 124.080 21.827 63.160 7.891
1966 25.183 0.000 0.000 0.000 26.242 386.703 719.437 803.619 195.490 0.000 5.659 0.000
1967 0.000 0.000 0.000 0.000 25.623 124.281 939.595 794.069 107.881 61.803 2.967 0.000
1968 0.000 0.000 0.000 0.000 0.000 295.007 1008.302 908.142 274.657 4.881 5.014 0.000
1969 0.000 0.000 64.121 20.993 215.054 682.320 1398.898 868.766 275.063 21.647 51.585 33.742
1970 0.000 0.000 8.634 111.382 104.702 712.969 1033.518 827.003 253.019 0.000 0.000 0.000
1971 0.000 0.000 0.000 0.000 3.247 193.630 464.870 346.830 18.881 51.345 3.193 0.000
1972 0.000 0.000 0.000 0.000 7.593 163.740 831.965 647.815 202.711 83.840 117.241 43.505
1973 33.325 146.215 122.181 56.033 244.611 535.345 885.642 1045.801 670.342 2.214 19.564 14.506
1974 0.000 0.000 0.000 0.000 0.000 126.451 602.841 600.472 140.579 126.035 21.674 4.866
1975 0.000 0.000 0.000 39.319 9.859 247.940 594.076 564.976 166.399 13.632 0.000 0.000
1976 0.000 0.000 0.000 0.000 18.838 85.782 745.661 847.555 160.367 45.808 86.150 0.000
1977 0.000 46.421 68.001 0.000 15.572 595.878 1020.683 1202.548 510.513 156.629 43.027 21.543
1978 0.000 78.987 0.753 24.662 187.384 798.261 955.834 1034.093 308.445 127.649 57.840 49.520
1979 0.000 0.000 0.000 8.427 287.793 1087.986 2131.768 940.506 564.689 227.829 79.011 0.000
1980 0.000 0.000 5.715 55.102 505.430 1639.292 1863.086 1512.784 948.637 456.506 200.289 0.000
1981 14.107 0.000 40.409 126.715 224.103 965.870 1469.138 927.194 694.916 125.974 135.568 27.858
1982 0.000 0.000 0.000 48.561 352.634 1296.787 1322.658 1498.109 725.401 15.012 60.240 173.131
1983 289.105 243.422 438.638 291.829 625.780 1244.367 1957.690 2056.459 900.939 416.138 172.437 38.762
1984 0.000 0.000 36.541 29.852 44.736 333.571 620.683 769.339 64.857 86.863 27.682 0.000
1985 0.000 0.000 0.000 0.000 7.223 641.034 1105.657 1214.045 397.982 77.772 3.095 73.775
1986 0.000 0.000 0.000 40.164 125.308 531.998 1633.709 956.271 560.956 298.039 137.047 104.764
1987 72.756 17.890 47.090 247.839 246.605 1219.307 1604.403 1493.661 998.116 440.481 276.481 262.385
1988 165.371 5.395 135.573 112.041 474.836 887.097 2111.577 1214.990 542.766 133.310 95.997 27.744
1989 0.000 0.000 0.000 0.000 117.032 701.876 1545.352 811.819 408.075 75.078 5.494 56.016
1990 0.000 7.839 27.625 29.588 207.087 1037.223 1122.016 1562.792 757.404 143.645 19.681 25.135
1991 72.547 0.000 56.496 39.857 591.633 1123.856 1734.748 1633.397 1017.841 42.102 77.014 40.106
1992 28.814 0.000 125.154 3.149 92.944 570.243 1214.072 1405.325 211.093 0.700 59.146 8.918
1993 0.000 0.000 11.648 57.448 142.927 886.220 1387.210 1213.702 608.984 174.115 103.622 61.844
1994 0.000 0.000 0.000 0.000 213.633 817.143 1205.155 1388.588 306.920 18.370 58.334 151.441
1995 21.199 6.334 0.000 59.705 168.123 1024.261 1074.464 1285.740 1007.789 129.249 39.135 71.087
1996 0.000 0.000 0.000 3.020 375.801 700.037 1517.188 1080.627 224.990 106.508 40.614 0.000
1997 0.000 0.000 3.938 10.188 183.124 666.116 1664.337 1832.959 717.474 330.619 193.153 306.586
1998 428.152 793.138 551.576 879.173 1181.665 1980.427 2325.827 2604.474 929.777 468.711 145.458 94.686
1999 0.000 23.645 0.000 58.088 143.566 712.400 1239.513 1304.947 485.342 202.970 7.032 42.655
2000 0.000 0.000 12.715 21.367 168.367 680.617 917.656 1242.745 272.894 159.512 112.277 79.818
2001 27.721 0.000 2.333 137.022 293.675 643.013 1559.141 2276.125 625.054 361.916 66.845 71.491
2002 62.331 112.316 107.394 35.679 329.930 1109.919 2354.866 1453.441 704.558 91.843 297.418 261.619
2003 197.476 48.447 43.997 155.728 496.783 711.576 2102.392 2185.068 1061.263 237.249 122.606 117.331
2004 22.766 68.466 67.619 124.994 507.456 1079.541 1174.329 1844.503 682.891 224.650 165.674 33.190
2005 13.158 182.427 522.888 484.555 387.781 1016.600 2376.806 1850.653 1622.379 408.090 145.970 99.807
2006 0.000 66.751 0.000 81.011 468.976 1198.327 2593.819 1615.381 944.455 530.356 104.985 439.705
2007 404.348 123.658 32.116 319.105 570.803 1067.634 2018.156 1764.017 963.776 228.605 90.777 62.834
2008 11.661 4.836 0.000 2.340 205.973 963.792 1578.428 1241.716 894.129 609.464 216.411 46.353
2009 33.818 14.008 11.783 250.581 264.484 996.725 2344.052 2313.513 1535.292 385.965 91.745 95.136
2010 117.279 302.602 614.882 767.381 1150.788 2509.302 3021.301 2746.279 1177.621 297.354 98.196 0.000
2011 0.000 0.000 0.000 26.878 458.845 1215.976 1578.289 1788.439 1155.910 190.319 78.152 123.580
2012 0.000 13.548 27.936 69.281 380.350 1125.632 1800.675 1844.954 984.658 88.339 116.199 63.311
2013 185.922 130.774 157.899 241.178 677.162 1274.680 1780.981 1827.721 827.337 339.540 74.939 88.216
2014 45.179 0.000 74.284 331.733 564.394 1270.081 2626.507 2294.048 1280.347 355.202 334.280 172.775
2015 75.578 13.906 151.360 332.522 1156.758 1813.552 2452.404 2348.388 1368.207 1320.000 495.579 767.481
2016 807.519 784.586 1082.039 1094.704 1541.333 2588.022 3066.914 2723.372 2359.936 773.768 374.343 310.093
2017 56.305 36.497 91.437 402.152 1232.637 2159.967 3217.695 2843.708 1899.139 831.404 162.960 253.641
2018 0.000 82.552 34.907 105.901 855.939 1690.996 2663.926 2489.719 1173.778 454.656 422.482 406.527
2019 342.886 442.770 477.125 751.224 901.638 2107.923 2634.303 2885.845 2337.839 426.110 276.243 276.957
2020 423.682 666.698 590.198 1015.165 1840.489 2258.839 2714.975 2863.853 1958.975 727.847 722.738 331.898
2021 89.625 28.552 110.498 167.661 1066.258 1978.940 3023.605 3034.085 1933.574 805.818 266.998 160.219
2022 4.923 22.436 56.778 165.004 1033.244 1280.069 3010.175 2408.167 1216.662 535.021 286.085 42.869
2023 9.489 214.691 47.426 66.006 993.927 2174.384 3830.422 3354.903 2453.797 1698.763 1058.194 907.676
2024 1018.802 1075.399 1181.561 1285.725 1951.730 3121.348 4070.140 3954.759 2410.156 1557.592 782.477 741.244
2025 416.304 388.315 551.793 623.530 1280.380 2433.871 3176.172 3418.142 2620.948 1155.274 585.185 47.598
