1951 2025
1951 4857.774 4894.250 5065.323 5152.767 5301.032 5353.500 5430.193 5345.645 5365.367 5105.000 4985.933 4969.839
1952 4993.226 5017.552 5043.903 5136.433 5306.645 5405.933 5417.709 5360.548 5291.433 5157.484 5066.400 5065.161
1953 4980.484 4946.893 4889.613 5153.500 5291.871 5329.567 5378.000 5347.129 5225.967 5124.742 5027.367 4890.936
1954 4941.419 4895.286 4931.613 5148.833 5310.936 5325.967 5386.516 5435.032 5278.367 5110.323 5040.100 4918.548
1955 4951.032 4933.500 5097.355 5106.500 5236.742 5395.967 5379.355 5375.742 5283.900 5094.516 5049.200 5019.291
1956 4998.613 4977.724 4929.807 5177.000 5193.484 5297.433 5329.064 5403.548 5282.033 5110.936 5041.567 4946.226
1957 4864.968 5050.536 5106.064 5104.300 5300.000 5374.833 5371.807 5289.936 5276.300 5111.613 5033.167 5007.484
1958 5060.548 5017.893 5076.129 5034.267 5288.226 5370.833 5459.452 5322.839 5220.000 5080.839 5009.967 5046.064
1959 5023.484 4897.679 4960.291 5158.167 5269.581 5358.900 5412.064 5416.709 5263.667 5159.355 5143.367 4933.548
1960 5038.903 4938.793 5022.774 5131.800 5288.193 5397.567 5441.452 5457.193 5285.467 5094.032 5047.733 4979.323
1961 4970.516 4923.786 4942.258 5120.033 5224.839 5330.900 5366.839 5345.291 5246.767 5140.581 4979.033 4962.064
1962 4912.677 4941.714 5043.032 5084.533 5254.903 5371.800 5375.064 5353.323 5175.100 5130.548 5026.933 4991.419
1963 4963.581 4834.000 4928.581 5109.600 5236.419 5368.467 5408.258 5320.839 5224.767 5037.452 5036.500 4966.968
1964 4870.129 4954.448 4892.129 5018.567 5151.516 5330.333 5304.903 5477.419 5327.900 5125.161 5020.633 4994.807
1965 5002.000 4949.214 4992.968 5112.600 5203.742 5371.333 5407.774 5360.387 5293.900 5086.323 5042.367 4976.903
1966 5002.387 5013.857 5021.903 5128.200 5052.291 5274.533 5436.742 5407.742 5228.633 5116.645 5014.833 4965.032
1967 4901.936 4882.821 4974.548 5034.800 5237.936 5343.333 5345.968 5366.548 5202.967 5059.387 4976.367 5052.871
1968 5033.968 5014.552 4956.807 5095.433 5224.839 5314.533 5404.323 5417.419 5290.500 5111.839 4988.300 4963.000
1969 5009.419 5017.571 5010.419 5065.700 5244.161 5365.133 5250.000 5383.742 5241.500 5164.968 5018.400 5029.484
1970 5022.742 4942.750 5124.291 5087.467 5210.000 5278.167 5437.871 5388.516 5274.533 5097.064 5051.100 5019.613
1971 4873.323 4990.929 5103.936 5141.533 5241.355 5339.567 5450.677 5292.000 5274.433 5101.968 4983.133 4936.323
1972 4894.419 4921.104 5008.871 5032.600 5254.452 5301.667 5403.677 5365.645 5293.400 5101.548 5038.067 4959.193
1973 4935.193 4948.607 4963.129 5155.267 5189.161 5319.133 5373.774 5346.452 5233.267 5104.000 5079.100 4968.581
1974 4930.613 5047.071 5008.742 5020.833 5240.193 5301.933 5435.000 5413.161 5225.233 5128.000 5007.000 4889.355
1975 4891.064 5028.607 4965.097 5138.700 5255.226 5376.467 5364.193 5317.903 5198.033 5068.548 5044.133 4900.419
1976 5014.871 4885.104 4981.323 5117.933 5240.419 5355.133 5402.742 5291.484 5275.600 5122.516 4987.900 5043.355
1977 5077.709 4994.179 5016.839 5020.633 5273.871 5390.567 5472.129 5460.871 5230.367 5145.548 5084.900 4976.516
1978 4967.097 4965.107 4964.871 5114.033 5223.032 5301.433 5406.677 5324.516 5270.767 5053.161 4990.967 4953.387
1979 4978.387 4873.679 5004.807 5147.733 5245.097 5342.233 5418.581 5385.645 5322.167 5184.097 5049.900 4947.709
1980 5040.742 5027.724 5090.419 5079.233 5282.419 5291.100 5428.548 5245.774 5208.967 5129.774 5074.500 5012.064
1981 4855.871 4968.321 5050.419 5106.167 5217.613 5326.100 5393.677 5292.097 5338.600 5275.000 5105.833 4966.193
1982 4982.807 4947.000 4998.903 5112.133 5256.419 5369.867 5366.064 5384.516 5214.467 5163.291 5043.200 4955.032
1983 4914.129 4958.643 4980.032 5118.467 5249.871 5266.533 5421.161 5352.903 5165.900 5107.839 4980.933 4944.677
1984 4876.839 4939.104 5017.452 5075.333 5196.323 5367.233 5385.226 5335.355 5288.467 5180.677 5056.000 4913.936
1985 5059.774 4963.714 4970.193 5088.267 5307.323 5391.500 5444.581 5361.226 5182.000 5106.064 5113.767 5061.581
1986 4971.064 4972.250 4862.161 5046.200 5294.581 5297.067 5370.839 5346.355 5237.433 5065.774 5063.167 4934.226
1987 4892.258 4967.500 5049.226 5087.933 5208.129 5372.200 5417.032 5388.936 5155.167 5011.742 5046.300 4995.807
1988 4953.774 4942.862 5024.387 5049.933 5274.258 5342.367 5426.581 5334.968 5116.233 5066.677 4995.133 4875.581
1989 4882.516 4883.143 4929.193 5148.333 5196.323 5264.633 5310.645 5377.161 5242.833 5134.032 5011.033 5010.774
1990 4964.677 4899.143 4944.419 5048.867 5099.193 5374.800 5370.226 5397.968 5254.500 5080.258 5034.100 4943.484
1991 4921.387 4932.893 5024.871 4933.267 5240.968 5381.467 5421.484 5345.097 5325.200 5014.484 5021.267 4928.258
1992 4946.258 4879.172 5038.064 5141.167 5139.129 5316.800 5353.064 5305.839 5263.867 5032.291 5060.167 4936.193
1993 4886.709 4960.429 4916.613 5085.200 5271.774 5376.533 5287.452 5374.032 5288.000 5106.645 4925.967 5005.161
1994 4986.323 5002.750 4932.129 5192.733 5241.581 5333.467 5375.000 5253.355 5103.467 5062.419 5019.600 4972.516
1995 4999.903 4956.607 5018.968 5219.767 5279.000 5342.333 5414.387 5361.064 5295.567 5131.323 5017.600 4953.516
1996 4933.226 4977.414 5001.258 5209.733 5204.161 5297.700 5287.516 5309.613 5314.167 5170.355 5120.000 5031.419
1997 4909.807 4910.321 5047.097 5070.833 5295.452 5344.967 5417.226 5279.677 5250.833 5181.613 4989.767 4949.548
1998 5004.097 4904.464 5038.484 5150.167 5228.419 5418.033 5425.226 5382.839 5271.300 5153.193 5152.967 4984.709
1999 4989.226 5024.464 5071.452 5148.500 5190.709 5309.000 5433.032 5396.839 5281.133 5141.548 5019.300 5003.968
2000 4923.064 4955.345 5051.936 5137.633 5225.968 5299.733 5428.839 5354.452 5219.900 5153.323 5080.567 5069.452
2001 4920.097 4989.357 5071.129 5013.033 5261.323 5329.167 5414.064 5364.774 5275.467 5160.774 4969.967 5061.677
2002 4921.419 4937.000 5050.355 5056.900 5215.548 5331.300 5366.484 5394.226 5201.500 5266.387 5099.633 5045.387
2003 4947.936 4932.071 4916.484 5117.267 5268.064 5381.000 5384.774 5312.839 5241.600 5197.903 5082.200 4951.032
2004 5031.064 5025.655 4913.419 5171.533 5320.774 5393.667 5388.387 5399.677 5235.200 5183.968 5029.433 4935.581
2005 4953.709 5021.429 5022.387 5128.533 5307.419 5371.900 5425.645 5407.452 5216.633 5113.968 5116.367 5039.484
2006 4945.516 5029.571 5103.839 5116.300 5264.677 5317.500 5439.581 5263.581 5198.500 5147.548 5061.567 4969.129
2007 4987.871 4996.071 4972.968 5087.067 5227.936 5438.367 5462.968 5386.677 5290.200 5148.419 5031.300 4997.161
2008 4955.839 4962.448 4981.064 5168.800 5284.419 5336.900 5470.807 5421.226 5274.000 5082.387 5105.333 4976.807
2009 5014.839 5033.179 5044.581 5016.000 5245.936 5382.367 5482.807 5357.709 5251.800 5217.774 5070.700 5100.871
2010 4963.871 5086.429 5073.355 5175.900 5325.774 5358.733 5338.097 5399.484 5350.467 5221.193 5039.067 5069.000
2011 5051.387 4891.286 4950.129 4970.333 5298.000 5444.533 5476.516 5447.291 5217.167 5128.645 5072.467 4942.387
2012 4987.032 4991.138 5010.871 5156.300 5261.355 5382.433 5422.936 5392.807 5327.200 5214.387 5087.800 5091.774
2013 4993.807 4988.393 5082.064 5160.167 5244.839 5256.800 5442.839 5336.709 5319.333 5093.355 4982.100 4991.581
2014 5011.677 5035.929 5031.129 5036.900 5234.613 5384.200 5443.355 5345.484 5249.933 5239.395 5017.658 5004.919
2015 4893.282 4922.169 5016.750 5110.317 5239.057 5376.783 5481.379 5421.541 5239.858 5146.282 5035.258 4962.798
2016 5059.557 4974.396 5055.621 5209.725 5270.314 5314.292 5371.121 5257.339 5225.642 5193.605 5131.592 5008.855
2017 4957.573 5005.018 4967.371 5135.392 5270.387 5317.692 5365.218 5330.387 5295.858 5185.209 5079.383 5056.145
2018 5022.161 4832.125 5002.202 5124.742 5196.718 5376.508 5349.742 5349.532 5258.950 5173.774 5082.842 4988.661
2019 4978.113 4926.777 4984.831 5096.258 5340.000 5337.658 5460.468 5399.959 5357.383 5199.468 5087.758 4997.024
2020 4908.250 4932.802 4903.048 5077.050 5310.347 5326.583 5460.992 5427.193 5255.475 5216.693 4980.842 5031.258
2021 5036.145 5049.188 4965.048 5132.633 5240.589 5291.000 5403.323 5344.226 5291.308 5164.057 5026.700 5053.524
2022 4922.936 4902.581 5058.193 5172.717 5215.943 5392.108 5430.000 5420.508 5340.183 5145.000 5059.908 5095.879
2023 4959.774 4879.839 4956.927 5174.450 5135.379 5352.842 5396.041 5398.927 5303.658 5213.557 5063.333 5053.839
2024 5043.484 5038.569 5023.387 5090.525 5259.387 5393.050 5410.379 5289.653 5316.908 5224.508 5078.900 5049.597
2025 5024.073 5020.473 5058.774 5094.317 5241.952 5377.050 5388.564 5316.452 5263.308 5203.492 5070.658 4975.137
