1951 2025
1951 15.334 14.434 15.498 18.693 18.077 25.049 26.929 27.989 25.234 25.108 19.246 17.666
1952 15.091 16.069 15.471 14.826 18.703 24.472 -999.000 29.288 27.818 26.212 22.546 17.534
1953 14.908 17.016 15.138 15.780 17.500 23.231 27.002 28.949 27.796 21.312 21.639 18.239
1954 16.222 13.988 15.752 17.217 21.969 21.802 23.685 32.217 31.007 22.441 19.591 17.709
1955 16.062 15.710 16.061 18.292 19.963 25.160 31.288 30.653 28.326 23.247 19.692 15.483
1956 15.215 13.955 15.132 18.155 22.071 25.000 30.000 27.534 28.717 23.529 23.083 18.206
1957 14.812 13.972 14.233 16.783 15.243 21.829 26.725 32.313 25.844 25.503 22.004 17.815
1958 15.673 13.134 15.725 17.662 20.906 23.369 24.365 25.934 27.666 22.735 21.276 15.332
1959 14.210 15.103 15.730 16.556 17.414 21.976 26.698 -999.000 27.790 23.731 22.500 -999.000
1960 15.799 15.008 14.667 16.525 19.315 23.999 27.500 32.388 29.082 21.491 18.509 19.662
1961 15.329 14.906 15.197 16.567 22.917 23.919 30.476 30.892 31.084 24.500 19.455 16.180
1962 13.892 15.700 15.849 15.130 21.746 22.635 27.307 29.305 27.672 21.688 19.986 16.230
1963 14.185 12.816 14.699 15.914 21.678 28.084 28.124 25.385 25.592 21.536 18.034 20.000
1964 14.910 16.939 14.232 18.461 19.422 23.568 29.731 32.485 28.708 24.322 20.204 18.235
1965 16.103 15.647 14.703 16.038 -999.000 23.909 27.357 -999.000 28.230 19.180 21.346 18.540
1966 16.376 15.155 15.218 16.585 17.764 22.117 28.284 31.925 30.980 21.049 20.680 17.846
1967 17.424 14.525 15.390 17.685 14.783 19.203 27.847 32.582 23.751 22.833 -999.000 15.030
1968 14.830 12.103 14.151 13.557 14.262 23.120 23.102 30.398 27.683 21.093 18.091 16.178
1969 16.123 15.199 15.212 15.322 17.500 22.878 27.433 29.057 28.181 18.904 21.806 19.874
1970 13.101 14.944 -999.000 16.847 18.111 23.916 25.881 32.076 29.882 23.202 19.943 17.737
1971 12.789 15.080 15.399 17.088 18.230 24.519 28.393 -999.000 25.916 25.342 -999.000 17.400
1972 15.722 13.255 13.520 13.226 18.907 22.468 31.068 29.825 27.500 21.189 21.340 18.042
1973 14.348 15.495 15.694 20.110 18.470 23.064 25.053 32.904 25.383 25.000 20.292 17.210
1974 -999.000 15.377 15.288 17.643 20.831 20.581 24.940 28.558 25.651 25.651 22.661 -999.000
1975 16.433 14.270 14.396 16.683 19.218 24.651 29.540 33.152 28.869 23.909 19.618 17.606
1976 16.513 14.293 15.670 17.875 20.361 22.670 -999.000 29.014 24.187 23.521 23.379 17.665
1977 15.084 16.617 17.025 18.743 19.398 24.245 28.779 26.024 29.604 19.851 22.862 16.209
1978 15.356 14.081 14.107 17.337 18.126 25.487 33.263 32.132 27.775 23.936 22.004 18.187
1979 14.511 13.660 14.749 19.853 17.951 24.115 25.540 28.990 28.338 24.693 23.644 17.386
1980 13.706 14.122 16.750 16.956 21.558 24.233 26.156 24.346 28.859 21.986 22.334 15.458
1981 15.367 15.388 14.794 17.152 19.631 23.405 29.297 28.835 26.706 22.318 20.450 17.539
1982 13.611 14.457 15.974 13.587 19.549 22.037 25.314 31.738 28.695 21.530 21.808 18.337
1983 14.532 12.491 12.936 15.886 16.576 20.902 25.000 29.719 25.233 24.091 20.480 17.500
1984 15.555 16.097 15.914 14.598 17.013 23.021 28.890 33.254 25.940 24.481 21.448 17.250
1985 15.038 15.163 16.537 15.164 19.800 24.096 27.628 35.098 27.800 24.133 20.000 -999.000
1986 15.943 13.210 14.446 17.483 16.981 21.500 26.898 30.422 27.877 21.289 21.859 17.860
1987 16.092 14.404 15.493 16.853 18.573 20.412 26.481 26.736 25.399 22.769 20.450 18.229
1988 17.280 -999.000 16.531 16.242 18.804 23.461 28.013 23.280 27.982 23.626 19.186 20.000
1989 18.274 16.762 14.912 17.295 21.913 23.317 27.640 27.615 29.563 23.468 20.000 15.070
1990 14.877 13.561 14.512 14.909 20.476 23.837 27.089 30.724 28.629 22.306 21.184 18.785
1991 15.000 13.978 17.037 18.428 19.573 24.296 26.856 29.003 28.777 27.500 23.433 18.345
1992 17.500 13.195 17.367 15.000 13.534 23.416 25.324 32.389 -999.000 22.753 24.480 17.500
1993 15.846 14.668 15.556 16.142 17.991 20.938 25.786 27.975 28.028 23.622 22.259 20.060
1994 15.686 14.650 15.128 17.233 21.078 22.864 29.811 34.188 24.432 27.892 19.675 18.782
1995 15.765 13.543 14.569 18.425 19.398 21.065 27.924 29.901 25.066 24.125 18.739 16.349
1996 15.599 15.217 15.541 15.005 18.911 22.417 28.164 25.965 25.282 22.207 22.906 16.784
1997 13.822 16.014 14.529 16.114 18.650 24.013 26.613 28.647 23.882 20.384 18.344 16.885
1998 15.808 13.001 15.420 16.458 19.460 21.671 22.380 26.540 29.191 23.793 19.897 19.297
1999 16.211 17.593 16.365 18.041 22.564 24.522 28.699 32.015 29.161 23.868 20.000 18.353
2000 15.150 15.856 17.332 17.114 16.606 24.186 28.245 28.512 30.171 25.117 22.046 19.269
2001 16.924 17.325 15.000 16.287 17.782 23.790 28.690 27.635 30.317 22.925 20.167 17.449
2002 15.486 15.516 16.035 16.593 17.080 22.424 30.238 30.180 28.498 22.117 18.898 16.071
2003 14.779 15.000 14.935 17.017 18.843 22.709 25.298 29.459 28.043 22.891 20.762 17.764
2004 14.495 16.090 15.296 15.816 21.339 27.739 27.619 30.307 28.068 25.290 21.410 17.609
2005 15.000 14.227 14.925 15.998 15.784 21.982 26.469 28.537 29.235 23.500 18.973 16.861
2006 15.387 17.396 14.393 16.334 20.750 22.023 28.104 32.121 30.891 22.751 18.577 18.577
2007 16.012 13.088 15.000 16.309 16.767 20.630 24.705 32.189 31.852 25.600 22.148 17.400
2008 17.355 14.477 14.106 16.658 21.690 23.487 29.889 23.525 26.328 22.818 20.082 18.477
2009 15.922 16.785 15.755 16.856 20.530 22.612 27.748 29.712 26.382 23.280 19.806 16.248
2010 15.558 12.990 16.759 16.346 14.239 19.576 26.161 32.045 28.014 26.201 19.453 15.566
2011 15.044 13.326 16.352 15.815 20.676 24.276 29.426 32.531 31.878 24.780 21.072 18.487
2012 14.623 16.913 16.156 15.854 18.980 23.174 27.958 34.669 28.659 23.276 16.886 16.213
2013 15.198 16.857 15.515 14.835 16.935 23.095 27.771 28.408 29.632 27.648 18.845 15.893
2014 15.980 12.793 14.683 16.209 18.024 20.475 25.508 28.047 25.109 22.768 18.463 17.141
2015 15.652 12.977 15.902 16.933 18.814 23.100 29.932 28.426 23.604 21.657 20.132 17.337
2016 14.617 15.475 13.234 16.510 18.144 21.765 25.906 30.439 28.922 24.891 19.811 18.370
2017 15.000 15.467 14.914 15.963 17.152 20.752 25.184 26.221 25.016 26.050 20.259 18.345
2018 16.442 17.109 14.737 16.516 20.432 24.076 34.147 32.743 27.767 21.810 18.717 19.467
2019 16.638 16.885 16.311 16.283 15.865 20.090 25.896 30.681 30.428 23.873 20.954 18.644
2020 15.808 16.307 15.689 16.166 17.935 22.463 26.098 31.849 25.185 24.033 21.891 18.895
2021 18.831 17.500 16.128 16.986 20.811 20.436 28.808 28.563 26.513 23.885 18.821 17.519
2022 14.423 16.591 15.000 21.893 19.737 23.233 25.618 30.013 32.757 24.576 19.998 19.266
2023 17.500 17.999 13.756 15.743 16.207 22.855 27.567 33.302 28.709 21.059 19.998 18.353
2024 14.113 15.616 15.091 17.051 18.271 21.430 27.930 29.677 31.589 25.573 20.156 17.595
2025 16.211 15.849 15.909 16.518 19.858 25.597 34.573 30.430 28.415 25.140 20.738 17.453
