1951 2025
1951 0.000 0.000 0.000 0.000 0.000 2.904 7.810 8.549 2.781 0.000 0.000 0.000
1952 0.000 0.000 0.000 0.000 0.000 4.439 6.902 6.397 1.021 1.244 0.000 0.000
1953 0.000 0.000 0.000 0.000 0.524 6.690 9.072 8.507 3.578 0.000 0.000 0.000
1954 0.000 0.000 0.000 0.000 0.000 0.802 6.558 5.980 2.133 0.000 0.000 0.000
1955 0.000 0.000 0.000 0.000 1.393 0.073 6.428 4.611 3.358 0.000 0.000 0.000
1956 0.000 0.000 0.000 0.000 0.000 0.867 6.780 6.269 1.009 0.000 0.000 0.000
1957 0.000 0.000 0.000 0.000 0.000 4.081 6.375 8.257 0.840 0.000 0.000 0.000
1958 0.000 0.376 0.000 0.000 0.000 4.144 7.561 7.342 4.604 0.000 0.000 0.000
1959 0.000 0.000 0.147 0.000 0.000 1.460 7.092 4.216 0.829 0.000 0.000 0.000
1960 0.000 0.000 0.000 0.000 0.000 1.610 8.291 7.198 4.035 0.000 0.000 0.000
1961 0.000 0.000 0.000 0.000 0.000 1.901 6.762 7.118 1.431 0.000 0.000 0.000
1962 0.000 0.000 0.000 0.000 0.000 0.871 6.314 6.819 4.303 0.000 0.000 0.000
1963 0.000 0.000 0.000 0.000 0.000 1.531 5.315 7.685 2.253 0.000 0.000 0.000
1964 0.000 0.000 0.000 0.000 0.366 0.212 6.112 5.649 3.206 0.000 0.000 0.000
1965 0.000 0.000 0.000 0.000 0.000 2.290 7.378 5.482 0.670 0.000 0.000 0.000
1966 0.000 0.000 0.000 0.000 0.000 3.513 5.367 7.160 2.393 0.000 0.000 0.000
1967 0.000 0.000 0.000 0.000 0.000 0.587 8.426 8.051 0.072 0.000 0.000 0.000
1968 0.000 0.000 0.000 0.000 0.000 2.076 7.753 7.929 4.625 0.000 0.000 0.000
1969 0.000 0.000 0.301 0.000 4.271 4.357 9.363 7.863 2.639 0.000 0.000 0.000
1970 0.000 0.000 0.000 2.371 2.694 6.557 7.779 7.577 4.712 0.000 0.000 0.000
1971 0.000 0.000 0.000 0.000 0.000 0.800 3.500 6.241 0.000 0.000 0.000 0.000
1972 0.000 0.000 0.000 0.000 0.000 1.248 7.728 7.708 0.807 0.000 0.000 0.000
1973 0.000 0.000 0.000 0.150 4.024 4.003 8.837 8.313 7.174 0.000 0.000 0.000
1974 0.000 0.000 0.000 0.000 0.000 0.293 6.616 7.177 2.843 0.000 0.000 0.000
1975 0.000 0.000 0.000 0.000 0.000 2.038 6.565 5.720 2.490 0.000 0.000 0.000
1976 0.000 0.000 0.000 0.000 0.000 0.406 7.391 6.428 0.360 0.000 0.000 0.000
1977 0.000 0.291 0.000 0.000 0.000 3.981 8.626 8.388 4.819 0.480 0.000 0.000
1978 0.000 0.150 0.000 0.000 0.374 4.507 6.613 7.350 1.261 0.000 0.000 0.000
1979 0.000 0.000 0.000 0.000 1.212 6.606 10.820 8.912 4.246 1.504 0.000 0.000
1980 0.000 0.000 0.000 0.000 3.611 10.126 10.383 8.503 8.136 1.063 0.000 0.000
1981 0.000 0.000 0.000 0.000 0.975 5.424 9.661 7.584 6.036 0.000 0.000 0.000
1982 0.000 0.000 0.000 0.000 5.491 8.457 9.806 10.732 7.074 0.425 0.000 0.000
1983 0.000 0.000 0.000 0.457 3.242 6.125 10.430 11.221 7.453 0.732 0.227 0.000
1984 0.000 0.000 0.000 0.000 0.000 3.450 7.829 7.308 0.361 0.000 0.000 0.000
1985 0.000 0.000 0.000 0.000 0.000 4.716 8.483 8.061 2.493 0.000 0.000 0.429
1986 0.000 0.000 0.000 0.000 1.336 5.703 9.784 7.018 4.224 0.069 0.000 0.000
1987 0.000 0.000 0.000 0.000 0.528 8.125 9.016 7.879 7.895 4.340 0.000 1.182
1988 0.000 0.000 0.000 0.000 3.463 5.904 10.127 8.224 5.177 0.000 0.000 0.000
1989 0.000 0.000 0.000 0.000 0.000 5.489 9.075 7.707 4.018 0.000 0.000 1.753
1990 0.000 0.000 0.000 0.000 0.825 9.584 8.958 9.283 5.980 0.074 0.000 0.000
1991 0.215 0.000 0.000 0.000 2.766 10.126 9.880 9.817 8.403 0.000 0.000 0.000
1992 0.000 0.000 0.000 0.000 0.000 4.795 8.774 9.552 1.667 0.000 0.000 0.000
1993 0.000 0.000 0.000 0.000 0.677 7.381 8.149 8.473 6.363 0.000 0.000 0.000
1994 0.000 0.000 0.000 0.000 0.300 7.060 9.171 8.608 5.422 0.000 0.000 0.000
1995 0.000 0.000 0.000 0.000 2.915 5.759 7.368 6.638 6.577 0.000 0.000 0.000
1996 0.000 0.000 0.000 0.000 2.854 6.906 10.527 8.325 1.246 0.000 0.000 0.000
1997 0.000 0.000 0.000 0.000 0.000 5.773 10.619 10.916 5.373 0.667 0.000 1.828
1998 0.000 1.286 0.076 2.869 4.125 8.916 11.057 10.089 8.014 4.707 0.000 0.000
1999 0.000 0.000 0.000 0.000 0.523 5.688 8.435 8.340 4.840 2.863 0.000 0.000
2000 0.000 0.000 0.000 0.000 0.376 7.023 7.364 8.505 4.567 2.321 0.000 0.216
2001 0.000 0.000 0.000 0.000 3.772 6.352 10.184 11.585 5.473 4.938 0.000 0.000
2002 0.362 0.000 0.000 0.000 1.809 9.309 11.868 9.850 4.919 0.000 0.773 0.509
2003 0.744 0.286 0.000 0.456 3.015 7.598 10.822 8.817 6.575 0.000 0.000 0.000
2004 0.000 0.000 0.000 0.000 3.013 8.526 8.338 10.293 5.786 0.000 0.000 0.000
2005 0.000 0.000 4.198 2.199 4.045 6.833 11.221 10.500 9.397 3.337 0.000 0.000
2006 0.000 0.000 0.000 0.000 3.608 7.796 11.718 9.049 8.059 4.589 0.000 0.000
2007 0.000 2.278 0.000 1.208 4.707 8.524 10.367 9.703 5.612 0.000 0.000 0.000
2008 0.000 0.000 0.000 0.000 0.974 6.664 9.641 8.565 6.659 3.658 0.000 0.000
2009 0.988 0.000 0.000 0.609 1.885 7.564 10.810 10.486 9.487 3.015 0.000 0.149
2010 0.297 2.339 4.853 3.021 5.778 10.314 12.275 10.687 6.651 1.303 0.000 0.000
2011 0.000 0.000 0.000 0.000 3.316 8.182 10.537 10.189 8.094 0.000 0.000 0.000
2012 0.000 0.000 0.000 0.000 2.395 8.651 10.763 10.100 8.225 0.222 0.295 0.000
2013 0.590 0.000 0.682 1.663 4.052 10.613 9.689 10.011 7.108 5.342 0.000 0.142
2014 0.349 0.000 0.000 0.152 4.123 7.912 11.252 10.424 8.498 4.967 2.974 0.000
2015 0.000 0.000 0.000 1.819 5.853 8.624 10.871 11.754 9.235 8.368 0.876 2.400
2016 1.711 0.304 2.423 3.759 6.812 9.753 11.467 11.229 10.933 3.266 0.000 0.000
2017 0.000 0.000 0.000 1.442 4.853 9.686 12.161 11.645 10.503 4.367 0.000 0.000
2018 0.000 0.000 0.000 0.153 2.942 8.691 12.711 12.275 4.521 1.139 1.118 0.293
2019 0.000 0.450 0.837 1.445 1.973 7.580 11.229 11.645 10.251 0.297 0.000 0.000
2020 0.153 0.381 1.143 2.715 3.980 6.782 10.150 11.526 8.398 1.965 0.685 0.229
2021 0.000 0.000 0.000 0.533 4.776 8.902 11.585 11.153 10.043 2.833 0.000 0.000
2022 0.000 0.000 0.000 0.458 3.980 5.086 12.161 11.754 8.759 1.292 0.000 0.000
2023 0.000 0.000 0.000 0.000 4.847 7.029 11.574 11.407 10.255 8.058 4.845 2.573
2024 3.885 2.932 2.947 4.853 4.996 9.690 12.044 12.218 8.917 8.453 4.122 0.153
2025 3.303 0.000 1.670 2.274 4.707 9.654 11.645 11.585 11.348 6.695 0.837 0.000
