1951 2025
1951 -0.508 -0.547 0.775 2.628 4.013 3.763 2.790 2.552 3.904 4.430 3.158 1.896
1952 -0.059 -0.428 0.943 2.060 2.546 1.076 0.442 0.808 2.563 3.146 1.271 1.508
1953 0.427 -0.073 1.261 3.232 4.143 3.767 3.180 4.371 5.023 4.666 2.984 2.387
1954 0.796 0.797 0.556 1.392 2.060 1.164 0.188 0.621 1.719 1.452 -0.251 -1.959
1955 -1.260 -0.353 1.112 2.788 3.896 2.569 3.006 2.967 5.497 5.558 3.375 2.117
1956 0.817 0.807 1.894 2.622 2.619 1.119 -0.435 -0.357 -0.106 -0.062 -0.399 0.013
1957 -0.486 -1.821 -0.195 2.179 2.778 2.702 2.678 4.545 5.772 5.051 4.152 5.295
1958 3.816 2.445 3.868 6.429 5.898 3.018 1.641 1.548 2.323 2.062 1.031 0.838
1959 -0.461 -1.367 0.298 0.758 1.054 0.563 1.007 2.526 6.209 6.960 6.876 4.789
1960 2.221 1.764 3.182 3.372 4.416 1.857 0.466 -0.054 0.927 1.461 0.942 0.249
1961 -1.775 -1.056 -0.138 1.228 3.040 3.159 3.452 5.608 6.505 6.771 6.244 5.285
1962 3.542 1.232 3.502 5.400 5.889 3.619 2.562 1.333 2.373 1.538 0.884 0.675
1963 -1.207 -1.878 0.237 1.253 1.102 -0.453 -1.354 0.619 2.993 4.256 3.317 4.339
1964 2.974 3.332 3.763 4.842 4.971 4.709 3.370 3.278 3.642 2.285 2.317 1.627
1965 0.008 0.847 2.161 3.424 3.790 2.104 0.906 1.550 1.740 1.545 -0.126 -0.746
1966 -1.821 -2.801 -1.389 0.399 1.806 1.341 2.109 4.076 5.915 6.341 4.486 4.237
1967 3.167 2.709 4.108 5.261 5.298 4.785 3.278 3.595 3.329 2.775 2.096 1.230
1968 -0.576 0.061 1.775 2.459 2.006 1.379 0.609 0.727 0.463 -0.098 -0.491 -0.581
1969 -1.543 -1.321 0.057 2.409 3.696 3.674 3.927 3.981 5.421 6.060 5.446 3.875
1970 3.256 3.497 3.215 3.649 3.237 2.214 -0.496 -0.456 -0.535 -0.834 -0.686 -1.561
1971 -3.379 -3.519 -0.980 0.614 1.455 1.631 2.294 4.229 4.090 3.635 3.599 3.150
1972 2.541 2.446 3.590 5.810 5.511 3.326 0.861 -0.840 -0.220 -0.808 -0.470 -0.441
1973 -1.237 -1.046 0.763 2.954 4.409 4.614 4.027 4.248 4.918 5.173 4.060 2.728
1974 0.441 0.900 1.061 3.681 4.353 3.100 1.376 0.305 0.546 0.420 -0.716 -1.680
1975 -3.245 -2.158 -1.256 0.399 0.377 0.062 0.629 1.118 1.847 3.778 4.273 2.870
1976 1.677 1.616 3.220 4.791 5.737 4.183 3.706 3.037 4.164 3.060 2.135 1.336
1977 -0.754 -0.219 0.201 2.073 1.775 0.287 -1.763 -1.063 -0.162 -0.083 0.438 0.924
1978 -0.250 1.709 3.371 5.196 6.046 3.960 2.595 2.711 3.414 3.501 4.252 3.981
1979 2.996 2.006 2.941 4.974 4.552 3.526 1.439 1.491 1.034 -0.550 0.012 0.694
1980 -0.668 -1.170 -0.854 1.759 2.785 2.740 3.644 5.475 6.709 5.779 6.055 5.490
1981 3.417 2.167 4.370 5.825 5.136 4.432 3.204 3.520 3.657 3.558 2.088 1.670
1982 -0.151 -0.743 0.246 2.243 2.879 2.428 1.885 2.263 3.465 2.266 5.247 5.384
1983 5.437 5.074 5.872 7.229 7.712 6.603 4.892 4.939 5.674 3.600 3.196 2.369
1984 1.173 0.751 1.065 3.312 3.338 0.498 -1.749 -1.173 -0.694 -1.169 -0.846 -1.045
1985 -1.089 -0.960 0.869 3.554 5.302 4.997 4.431 6.003 6.723 6.569 5.351 4.701
1986 2.925 2.465 4.562 5.405 5.371 4.313 3.248 1.984 1.699 3.863 2.045 1.767
1987 1.196 1.540 2.071 3.550 2.442 0.805 0.533 1.343 4.017 5.017 6.137 5.519
1988 5.693 4.873 4.380 5.869 6.237 5.340 3.645 2.525 3.083 2.457 2.434 2.400
1989 2.212 0.348 1.843 4.045 3.952 2.727 2.155 2.344 3.132 2.140 0.752 0.516
1990 -0.420 -0.714 0.640 2.646 4.669 4.330 4.730 5.559 4.841 7.055 6.580 5.256
1991 4.508 3.665 4.572 5.756 5.568 4.514 3.012 2.257 2.380 1.699 1.634 1.402
1992 -0.181 0.784 3.194 3.813 2.475 1.478 0.769 1.155 1.364 0.827 1.597 2.920
1993 3.772 3.029 4.658 7.381 7.661 6.585 4.931 4.229 5.277 4.051 3.732 3.177
1994 1.981 1.779 2.239 3.680 3.108 0.828 -1.060 -1.114 -0.590 -0.803 -0.249 2.890
1995 2.248 2.774 5.068 5.724 6.526 6.404 5.170 5.843 5.057 4.940 3.905 3.718
1996 2.022 1.670 1.777 3.855 3.507 1.595 -0.364 -1.504 -0.926 0.102 0.018 -0.358
1997 -1.130 -0.161 1.047 2.569 4.035 4.468 5.671 5.331 6.002 5.623 5.490 4.567
1998 4.134 4.306 4.719 6.080 3.826 0.520 -1.186 -0.150 0.163 0.772 0.538 0.329
1999 0.603 0.543 1.438 3.381 4.877 5.693 5.309 5.740 6.111 5.513 4.703 3.677
2000 3.273 3.312 4.143 5.343 6.268 4.651 2.495 2.964 2.062 0.370 0.553 1.694
2001 0.525 -0.191 0.549 1.641 1.784 -0.344 -0.718 -1.040 0.229 -0.605 0.342 0.022
2002 -0.517 1.326 2.839 4.705 5.860 5.048 3.617 1.696 2.194 3.366 4.764 3.545
2003 2.199 1.555 2.852 3.322 2.888 1.842 0.585 0.896 0.557 -0.672 0.256 0.038
2004 -1.222 0.351 0.600 2.348 3.905 4.018 3.547 4.719 4.258 3.945 4.700 4.592
2005 3.140 2.040 3.298 4.217 3.080 0.845 -0.397 -0.720 -1.343 -1.933 -1.707 -1.398
2006 -2.860 -1.975 -1.600 0.342 1.417 2.564 3.434 4.175 5.470 5.218 5.571 4.900
2007 3.790 2.319 2.985 4.509 4.389 2.233 -1.178 -1.037 -1.701 -2.381 -1.045 -1.750
2008 -2.863 -3.723 -0.941 0.135 1.099 3.030 3.982 5.043 5.924 5.051 4.983 2.841
2009 2.907 2.661 3.202 5.118 5.267 4.154 3.818 3.476 3.125 1.869 3.143 1.790
2010 1.485 1.449 2.004 2.141 1.290 -0.912 -2.657 -1.652 0.816 3.459 5.542 4.337
2011 3.749 3.313 4.441 4.588 4.412 4.263 2.234 4.066 4.655 4.621 3.759 2.532
2012 0.125 -0.475 0.508 1.191 1.533 0.253 -0.490 -0.756 -0.949 -2.353 -0.093 -0.858
2013 -1.641 -0.955 0.163 0.667 1.956 2.642 3.307 3.989 4.523 3.299 5.417 5.208
2014 2.593 2.263 3.660 4.933 4.801 3.653 1.795 1.047 1.508 -0.188 0.168 0.170
2015 -1.252 -1.847 -0.396 -0.169 -0.247 -0.358 1.266 3.681 6.243 7.246 6.779 6.164
2016 5.030 3.345 3.927 4.175 2.657 0.767 -0.025 1.290 1.001 2.544 3.337 4.664
2017 3.883 3.450 5.276 6.580 6.842 4.899 3.488 1.445 1.352 1.090 2.210 1.650
2018 0.245 -0.358 0.340 2.119 1.277 0.029 -1.337 -0.539 -0.336 -0.328 0.751 1.992
2019 1.218 2.193 3.416 4.940 6.145 5.608 4.010 3.110 0.526 1.992 3.202 4.007
2020 2.026 1.288 2.577 1.850 2.445 0.631 0.291 1.958 4.060 4.870 6.371 4.174
2021 3.968 2.939 4.918 4.720 5.406 4.428 3.782 3.032 3.799 3.643 3.179 1.074
2022 -0.430 0.358 1.164 1.414 0.997 -0.568 -0.479 1.506 3.844 5.466 6.582 5.481
2023 4.771 3.468 4.952 6.204 6.500 6.150 3.690 3.342 3.353 2.381 3.796 1.927
2024 0.700 -0.670 -0.243 -0.226 -0.179 -1.294 -0.406 1.047 2.788 4.211 6.282 6.207
2025 4.606 4.505 4.188 5.916 6.390 3.176 1.670 0.836 -0.041 0.064 -0.106 -1.157
