1951 2025
1951 19.341 19.024 19.455 17.387 16.093 18.841 15.388 15.412 17.989 18.129 18.696 19.826
1952 18.786 19.737 20.259 16.143 17.277 16.913 13.804 15.252 15.665 18.665 18.124 19.032
1953 18.350 19.455 19.455 17.766 18.325 16.485 15.318 15.623 16.888 16.416 17.620 19.231
1954 19.022 18.646 20.095 17.727 18.395 15.718 15.491 17.364 17.154 18.634 17.864 18.337
1955 19.779 20.205 20.259 17.877 17.555 15.126 14.077 14.684 16.577 18.601 19.986 20.205
1956 18.405 20.048 20.150 17.337 16.907 15.265 16.690 16.685 17.423 17.144 17.497 19.124
1957 19.988 19.986 20.259 18.111 16.645 18.048 15.687 15.804 16.906 17.735 19.336 18.499
1958 17.466 19.931 20.259 17.001 15.849 18.390 17.262 16.639 17.658 17.971 19.288 19.241
1959 19.714 20.150 19.986 18.215 17.627 17.065 14.519 15.551 17.082 19.500 18.223 18.766
1960 19.931 20.259 19.876 18.312 15.896 17.082 15.485 15.854 15.700 18.962 19.821 17.952
1961 18.684 19.876 19.941 19.826 16.847 15.230 15.275 14.763 16.903 17.605 18.104 20.205
1962 18.870 19.073 20.259 17.877 17.286 16.157 17.232 15.501 17.688 18.185 17.283 18.823
1963 19.103 19.368 20.259 19.127 16.433 17.189 15.234 15.748 15.121 16.796 19.383 19.306
1964 19.933 19.941 20.259 17.421 17.889 17.787 14.343 18.046 17.658 17.812 19.498 18.940
1965 19.127 18.904 20.098 17.317 18.106 17.580 15.791 16.061 17.466 18.400 19.274 19.602
1966 19.986 20.259 19.035 19.405 17.603 16.784 14.948 16.901 17.340 19.010 16.551 18.417
1967 19.605 19.878 19.667 17.976 18.277 15.700 15.375 14.517 14.446 18.367 18.216 19.099
1968 19.129 19.465 18.865 17.919 19.550 18.260 15.514 17.224 16.114 20.259 20.150 20.040
1969 20.259 19.470 19.829 16.483 17.608 17.140 16.634 15.791 15.959 19.931 16.536 18.022
1970 19.986 18.151 18.903 19.936 15.750 15.043 14.634 15.239 17.710 18.156 18.536 19.784
1971 19.988 19.664 19.672 16.563 16.496 16.871 16.540 14.739 17.396 18.148 18.093 19.936
1972 19.986 20.095 18.810 18.445 15.056 15.470 15.700 15.223 17.399 17.670 19.296 20.259
1973 19.657 18.410 19.331 17.839 16.953 16.352 14.823 15.438 16.739 18.950 19.376 18.221
1974 20.259 20.095 20.259 17.645 19.548 17.688 15.692 16.315 17.282 16.718 19.067 19.719
1975 19.767 20.259 19.988 18.762 17.384 17.035 14.310 16.768 16.468 19.328 18.858 17.981
1976 18.470 20.150 19.986 16.247 16.946 16.498 15.935 14.534 16.093 18.913 18.783 19.191
1977 19.201 19.363 20.259 16.354 16.425 15.993 15.972 16.883 17.981 18.581 18.594 20.095
1978 18.452 20.040 19.234 18.133 15.964 15.595 15.631 15.849 17.177 18.081 18.796 20.259
1979 19.092 20.259 17.667 17.389 16.472 15.401 13.858 15.804 16.252 18.746 18.123 18.910
1980 19.717 19.667 19.722 14.567 16.746 16.876 15.922 17.568 17.142 18.365 19.398 18.402
1981 16.354 18.340 19.351 17.083 15.132 17.974 15.199 13.637 16.963 19.017 18.121 19.876
1982 19.986 20.150 19.881 18.460 15.270 18.047 15.626 16.455 15.611 18.845 19.012 18.743
1983 17.976 19.076 19.057 15.949 17.093 16.679 14.482 14.349 16.925 17.242 20.259 19.876
1984 18.089 18.815 18.666 15.687 16.930 16.684 15.487 13.989 17.715 19.283 19.876 19.610
1985 18.950 20.150 20.043 17.760 17.116 17.998 16.045 16.684 17.722 19.164 19.876 19.284
1986 17.618 20.150 18.853 14.668 14.493 16.816 16.437 15.794 18.333 17.994 19.276 18.825
1987 18.990 19.346 18.743 14.236 15.121 16.650 15.155 16.734 16.548 17.760 18.033 20.259
1988 19.338 18.868 19.343 18.464 14.482 14.825 14.775 15.700 16.955 17.974 20.043 18.878
1989 19.286 19.717 19.657 17.837 15.103 15.907 14.015 15.789 15.556 18.527 18.860 19.473
1990 19.388 20.259 18.449 16.170 19.012 16.773 15.574 13.809 15.074 18.420 19.169 18.930
1991 19.512 18.982 20.095 15.925 15.392 16.815 16.456 14.086 16.199 17.946 18.220 18.706
1992 18.619 18.723 18.012 17.675 15.601 16.959 18.268 16.079 16.472 17.939 19.336 19.826
1993 19.493 18.976 18.761 16.851 16.032 18.210 17.530 14.961 17.386 18.240 19.224 18.502
1994 18.460 20.259 18.765 16.712 16.894 16.378 15.336 15.052 16.235 18.731 20.150 18.836
1995 18.556 19.503 18.489 18.592 18.253 14.325 15.849 15.977 15.587 19.005 18.387 19.612
1996 20.040 18.878 19.774 18.880 18.527 16.095 15.779 14.338 17.605 19.493 18.504 19.072
1997 19.400 19.560 19.605 18.784 17.740 16.592 15.707 16.048 16.013 19.336 19.669 19.358
1998 19.602 19.881 18.870 16.059 14.052 18.415 14.638 14.046 16.745 17.341 19.283 19.821
1999 18.858 19.159 18.190 16.193 14.744 15.561 16.320 15.367 15.773 18.688 17.249 18.447
2000 18.318 19.122 17.726 16.664 16.883 17.710 15.227 15.153 16.878 17.249 19.238 19.672
2001 18.286 20.043 19.507 17.476 16.163 17.125 15.722 15.030 14.828 18.584 16.200 19.565
2002 19.719 19.286 19.712 17.553 18.469 16.283 14.364 14.859 16.297 19.886 18.734 19.664
2003 18.331 20.098 19.821 17.018 16.124 17.209 15.741 14.103 15.417 17.165 19.328 18.572
2004 19.395 19.612 18.708 15.623 16.983 17.901 14.673 15.786 15.660 17.359 17.270 18.295
2005 17.929 17.719 19.722 15.223 16.145 16.436 14.424 15.213 16.148 17.620 17.971 18.776
2006 18.648 19.717 20.040 14.259 15.694 13.883 14.553 15.473 16.634 19.336 17.344 19.127
2007 18.723 20.040 17.926 18.143 15.312 16.176 15.098 15.527 15.661 17.775 17.518 19.933
2008 19.283 19.555 19.346 17.658 18.109 17.710 15.718 15.781 15.407 17.590 16.953 19.194
2009 18.995 19.552 19.246 16.938 16.983 17.824 16.756 15.470 14.334 20.205 17.815 20.150
2010 18.738 19.936 18.506 17.219 17.694 17.212 15.352 14.917 17.135 18.238 18.865 18.596
2011 19.034 20.259 19.348 19.224 14.675 17.053 15.720 15.726 15.548 18.529 19.383 18.078
2012 18.400 19.251 18.372 15.582 15.514 17.107 14.387 14.912 14.639 18.634 18.001 20.205
2013 19.152 19.612 19.667 17.570 13.224 16.186 14.031 15.077 14.390 19.418 18.295 19.607
2014 18.473 20.259 19.338 17.135 16.816 16.480 14.376 13.954 15.315 18.001 19.015 17.613
2015 17.654 18.467 18.368 17.827 14.561 16.267 16.364 14.823 15.202 17.638 18.188 19.548
2016 18.846 18.394 19.174 15.207 14.930 16.123 15.540 15.260 15.773 18.026 16.080 19.988
2017 18.922 20.040 19.074 15.179 17.529 17.257 14.983 15.134 15.064 17.396 17.945 18.619
2018 18.028 19.498 19.767 17.812 15.070 16.137 13.207 13.987 15.999 18.534 19.672 19.610
2019 17.661 20.259 18.452 17.456 18.091 16.453 15.783 15.878 15.763 18.945 18.439 19.503
2020 19.127 19.662 19.117 18.561 17.447 14.631 14.574 15.786 15.634 18.008 17.553 17.568
2021 18.721 20.205 18.377 15.410 16.740 14.713 13.577 14.427 15.257 17.384 17.492 20.150
2022 17.855 18.868 19.395 18.905 16.686 16.218 15.289 12.991 13.980 16.886 19.821 19.876
2023 18.292 19.990 20.259 18.417 13.757 13.619 13.348 14.935 13.354 18.703 18.761 17.974
2024 19.503 19.662 19.274 16.562 16.315 15.820 13.335 13.915 13.324 17.690 18.793 17.740
2025 19.018 20.259 19.124 16.752 14.765 15.800 14.825 13.757 14.220 17.037 18.551 19.286
