1951 2025
1951 0.000 0.000 0.000 0.000 33.170 207.902 976.156 1029.165 269.963 0.000 0.000 0.000
1952 0.000 0.000 0.000 0.000 18.543 481.374 883.172 632.273 125.474 61.360 0.000 0.000
1953 0.000 0.000 0.000 0.000 28.049 555.616 1245.496 1004.636 246.803 0.000 4.246 0.000
1954 0.000 0.000 0.000 0.000 0.000 109.710 687.852 670.241 141.544 0.000 0.000 0.000
1955 0.000 0.000 0.000 0.000 24.008 108.595 540.274 485.578 163.638 0.000 0.000 0.000
1956 0.000 0.000 0.000 0.000 13.091 171.084 630.527 471.702 59.724 0.000 0.000 0.000
1957 0.000 0.000 0.000 0.000 28.035 280.903 630.607 712.415 118.132 0.000 0.000 0.000
1958 0.000 7.561 0.000 49.289 9.423 423.314 1011.421 783.673 263.747 0.000 5.654 0.000
1959 0.000 52.663 45.257 0.000 0.000 212.055 663.123 499.935 91.997 28.496 0.000 0.000
1960 0.000 0.000 0.000 0.000 0.000 198.426 818.159 876.066 131.062 0.000 0.000 0.000
1961 0.000 0.000 0.000 0.000 56.602 213.490 601.330 702.846 29.699 0.000 0.000 0.000
1962 0.000 0.000 0.000 0.000 3.198 82.283 700.459 667.786 191.493 1.484 0.000 0.000
1963 0.000 0.000 0.000 0.000 4.905 147.747 580.187 646.899 112.361 0.000 0.000 0.000
1964 6.863 0.000 8.924 5.764 31.284 66.924 665.022 530.608 146.825 0.000 0.000 0.000
1965 0.000 0.000 0.000 0.000 0.000 160.873 670.404 371.367 62.031 3.119 0.000 0.000
1966 0.000 0.000 0.000 0.000 26.242 241.435 616.034 687.633 113.955 0.000 0.000 0.000
1967 0.000 0.000 0.000 0.000 31.970 138.384 913.923 731.418 77.235 0.000 0.000 0.000
1968 0.000 0.000 0.000 0.000 0.000 210.325 905.882 924.247 295.781 0.000 0.000 0.000
1969 0.000 0.000 31.285 5.461 204.964 499.083 1232.948 814.927 238.905 0.000 0.000 0.000
1970 0.000 0.000 0.000 100.803 111.961 541.942 904.545 779.712 236.903 0.000 0.000 0.000
1971 0.000 0.000 0.000 0.000 3.247 194.801 451.318 335.918 23.361 0.000 0.000 0.000
1972 0.000 0.000 0.000 0.000 7.593 184.785 845.566 651.839 216.064 22.335 16.548 0.000
1973 33.325 18.206 30.750 28.156 251.267 409.319 778.987 911.892 415.299 0.000 0.000 0.000
1974 0.000 0.000 0.000 0.000 0.000 153.624 596.543 609.229 145.208 0.000 0.000 0.000
1975 0.000 0.000 0.000 39.319 11.413 232.823 559.509 545.038 156.054 1.536 0.000 0.000
1976 0.000 0.000 0.000 0.000 22.162 98.971 679.613 717.328 146.098 0.000 9.575 0.000
1977 0.000 15.444 19.971 0.000 17.085 499.413 995.906 1130.349 458.967 54.375 0.000 7.446
1978 0.000 7.746 0.753 0.000 198.729 629.180 903.246 880.323 206.588 1.482 2.192 0.000
1979 0.000 0.000 0.000 0.000 231.688 895.142 1705.091 913.762 372.747 44.196 0.000 0.000
1980 0.000 0.000 5.715 5.572 419.063 1313.586 1559.478 1378.277 747.678 171.393 32.672 0.000
1981 0.000 0.000 11.683 57.806 222.754 690.863 1296.053 896.456 532.746 45.987 0.000 0.000
1982 0.000 0.000 0.000 41.062 291.815 1069.166 1164.005 1450.966 621.233 10.446 0.000 0.000
1983 16.304 0.768 77.847 124.180 461.507 874.601 1495.175 1713.458 762.231 113.086 15.690 8.166
1984 0.000 0.000 0.000 29.852 30.468 260.719 647.817 746.677 53.267 40.473 0.000 0.000
1985 0.000 0.000 0.000 0.000 7.223 558.897 1036.917 1117.105 234.339 32.947 0.000 40.305
1986 0.000 0.000 0.000 0.000 108.548 393.137 1407.653 947.110 489.324 35.236 35.139 12.905
1987 0.000 0.000 0.000 97.548 196.945 1018.365 1324.379 1271.923 889.909 219.087 25.231 91.089
1988 51.819 0.000 64.672 14.668 345.746 615.192 1558.902 1042.060 431.682 39.817 21.530 0.000
1989 0.000 0.000 0.000 0.000 64.431 611.463 1277.565 789.997 302.784 41.213 1.511 48.255
1990 0.000 7.839 18.716 0.000 191.222 952.069 1028.218 1308.580 553.953 62.478 3.055 10.842
1991 71.044 0.000 32.226 28.160 409.684 1010.415 1459.951 1473.011 745.002 0.000 0.000 0.000
1992 0.000 0.000 17.739 0.000 94.520 494.070 1038.243 1225.295 203.129 0.000 0.000 8.180
1993 0.000 0.000 0.000 0.000 102.658 798.599 1203.629 1123.492 515.668 54.807 22.252 0.000
1994 0.000 0.000 0.000 0.000 185.792 668.736 1105.799 1270.709 296.490 0.000 29.688 3.289
1995 0.000 6.334 0.000 0.000 154.453 733.636 904.759 1045.656 631.493 17.388 1.531 0.000
1996 0.000 0.000 0.000 0.000 296.723 540.102 1265.586 1041.954 215.792 35.855 0.000 0.000
1997 0.000 0.000 3.938 0.000 176.168 550.953 1537.599 1619.132 617.254 66.824 19.262 99.498
1998 9.116 254.775 107.467 440.963 823.405 1419.342 1824.521 1846.670 800.953 248.195 2.956 1.472
1999 0.000 0.000 0.000 36.623 137.752 580.088 1170.932 1135.073 285.593 58.651 0.000 0.000
2000 0.000 0.000 0.000 11.797 176.300 605.237 925.030 1239.594 271.306 48.489 1.531 6.592
2001 0.000 0.000 0.000 39.677 242.485 572.730 1518.758 1895.689 525.720 219.780 6.986 0.000
2002 35.746 17.770 12.467 22.874 304.419 883.258 1891.265 1297.307 637.198 22.041 49.718 57.806
2003 74.300 41.755 24.281 129.322 488.756 636.145 1758.366 1597.742 760.682 62.765 11.737 11.994
2004 0.000 42.348 3.826 67.904 457.253 1082.449 1057.444 1550.297 545.316 126.244 21.276 0.000
2005 0.000 46.519 340.945 305.563 356.307 811.333 1907.778 1563.188 1165.422 202.622 27.294 0.000
2006 0.000 25.304 0.000 24.240 404.381 966.835 1990.652 1533.999 894.796 365.764 0.000 114.762
2007 116.551 123.658 29.800 181.694 457.130 864.191 1549.605 1367.818 746.283 33.453 1.489 5.669
2008 0.000 4.836 0.000 2.340 159.731 840.941 1336.283 1019.202 680.573 296.283 9.057 6.654
2009 12.146 0.000 0.000 148.406 271.661 770.837 1974.284 1833.890 1096.123 173.406 0.000 38.375
2010 25.124 114.154 354.922 373.876 828.075 1644.922 2157.243 1904.074 777.823 107.757 0.000 0.000
2011 0.000 0.000 0.000 17.233 346.215 915.541 1417.560 1421.879 783.958 30.713 0.000 0.000
2012 0.000 0.000 26.352 29.880 390.056 917.784 1658.164 1649.500 799.726 44.727 10.103 0.000
2013 133.967 9.721 72.520 150.929 538.962 1037.895 1595.462 1378.679 631.465 239.032 0.000 20.527
2014 33.179 0.000 11.342 185.616 374.024 1067.264 2080.814 1779.685 906.497 189.889 99.385 0.000
2015 20.602 13.906 49.351 271.184 763.554 1366.751 1942.111 2002.559 1109.269 755.709 162.070 303.268
2016 221.508 293.276 537.579 492.665 1144.582 1789.233 2370.802 2201.778 1595.710 239.971 62.820 149.067
2017 38.591 6.979 54.575 259.529 860.305 1436.578 2421.210 2065.019 1222.789 494.403 62.704 85.880
2018 0.000 62.637 37.536 99.757 558.415 1231.314 2216.876 1912.839 885.387 197.434 140.534 190.311
2019 173.053 188.461 260.108 385.154 475.591 1471.768 1990.989 2175.712 1581.949 200.888 80.138 53.615
2020 209.802 335.525 358.199 618.535 876.915 1411.964 1830.431 1968.613 1205.211 354.930 219.698 76.517
2021 33.255 5.304 101.024 150.774 675.118 1373.025 2378.044 2039.775 1153.533 402.507 38.683 88.863
2022 4.923 0.000 36.840 116.343 693.542 869.834 2128.979 1582.978 881.391 202.847 57.977 0.000
2023 0.000 144.069 36.914 58.051 779.003 1421.420 2759.637 2522.264 1569.099 835.298 511.526 318.140
2024 622.666 484.458 604.413 724.768 1269.335 1909.086 2726.054 2657.843 1355.168 964.464 362.478 316.002
2025 273.108 193.377 363.075 416.001 1027.531 1747.441 2482.350 2333.193 1633.045 566.229 231.062 37.092
