1951 2025
1951 -999.000 -999.000 -999.000 -999.000 22.535 26.462 35.784 36.641 30.880 -999.000 -999.000 -999.000
1952 -999.000 -999.000 -999.000 -999.000 19.768 30.736 37.517 36.847 30.788 30.358 -999.000 -999.000
1953 -999.000 -999.000 -999.000 -999.000 18.074 29.920 37.922 37.633 31.589 -999.000 21.306 -999.000
1954 -999.000 -999.000 -999.000 -999.000 -999.000 27.085 38.825 36.789 34.114 -999.000 -999.000 -999.000
1955 -999.000 -999.000 -999.000 -999.000 20.098 26.777 36.534 36.147 32.073 -999.000 -999.000 -999.000
1956 -999.000 -999.000 -999.000 -999.000 24.164 28.927 36.615 35.845 31.784 -999.000 -999.000 -999.000
1957 -999.000 -999.000 -999.000 -999.000 19.791 26.386 36.072 36.292 30.011 -999.000 -999.000 -999.000
1958 -999.000 15.508 -999.000 19.368 23.858 29.280 36.883 37.046 32.100 -999.000 24.759 -999.000
1959 -999.000 23.764 21.387 -999.000 -999.000 26.603 37.300 35.337 30.974 28.222 -999.000 -999.000
1960 -999.000 -999.000 -999.000 -999.000 -999.000 28.308 37.127 37.432 35.105 -999.000 -999.000 -999.000
1961 -999.000 -999.000 -999.000 -999.000 23.221 29.276 37.090 37.990 35.025 -999.000 -999.000 -999.000
1962 -999.000 -999.000 -999.000 -999.000 21.879 27.891 35.883 37.931 31.575 22.829 -999.000 -999.000
1963 -999.000 -999.000 -999.000 -999.000 23.783 25.147 35.180 37.407 31.542 -999.000 -999.000 -999.000
1964 19.880 -999.000 20.822 20.655 21.493 26.777 36.049 34.921 32.430 -999.000 -999.000 -999.000
1965 -999.000 -999.000 -999.000 -999.000 -999.000 27.607 36.532 34.929 32.444 22.293 -999.000 -999.000
1966 -999.000 -999.000 -999.000 -999.000 21.206 27.164 34.755 36.308 28.596 -999.000 -999.000 -999.000
1967 -999.000 -999.000 -999.000 -999.000 21.754 26.661 37.180 37.410 28.401 -999.000 -999.000 -999.000
1968 -999.000 -999.000 -999.000 -999.000 -999.000 27.274 37.332 35.222 30.382 -999.000 -999.000 -999.000
1969 -999.000 -999.000 17.902 15.174 19.882 26.448 36.997 35.680 29.188 -999.000 -999.000 -999.000
1970 -999.000 -999.000 -999.000 21.349 19.659 28.409 36.486 36.667 33.248 -999.000 -999.000 -999.000
1971 -999.000 -999.000 -999.000 -999.000 20.317 26.922 34.918 36.479 26.233 -999.000 -999.000 -999.000
1972 -999.000 -999.000 -999.000 -999.000 19.469 25.234 35.146 35.624 28.606 26.988 22.236 -999.000
1973 20.612 16.001 17.828 18.352 22.169 26.846 36.567 36.767 31.817 -999.000 -999.000 -999.000
1974 -999.000 -999.000 -999.000 -999.000 -999.000 28.303 35.595 35.014 31.331 -999.000 -999.000 -999.000
1975 -999.000 -999.000 -999.000 23.293 21.238 25.318 36.510 35.192 33.259 29.433 -999.000 -999.000
1976 -999.000 -999.000 -999.000 -999.000 20.976 27.368 34.208 34.727 26.961 -999.000 23.137 -999.000
1977 -999.000 21.763 22.303 -999.000 18.360 28.724 37.831 37.564 29.759 23.730 -999.000 20.994
1978 -999.000 16.656 15.277 -999.000 22.356 29.391 36.210 35.531 30.212 23.035 22.724 -999.000
1979 -999.000 -999.000 -999.000 -999.000 19.083 29.042 36.960 35.843 30.521 27.330 -999.000 -999.000
1980 -999.000 -999.000 19.461 17.130 21.035 32.815 38.275 36.530 33.359 24.826 24.703 -999.000
1981 -999.000 -999.000 16.749 21.742 21.812 29.025 37.731 34.785 31.175 25.567 -999.000 -999.000
1982 -999.000 -999.000 -999.000 22.177 21.760 30.787 35.695 37.608 31.201 23.118 -999.000 -999.000
1983 14.813 10.059 14.385 15.804 21.677 27.598 37.084 37.795 32.321 23.881 17.069 21.257
1984 -999.000 -999.000 -999.000 18.596 21.857 26.497 36.525 34.793 25.503 24.170 -999.000 -999.000
1985 -999.000 -999.000 -999.000 -999.000 19.135 28.788 36.747 36.854 29.302 26.518 -999.000 24.327
1986 -999.000 -999.000 -999.000 -999.000 20.913 27.760 38.300 35.450 30.432 25.364 27.077 20.755
1987 -999.000 -999.000 -999.000 18.246 21.489 31.026 35.358 35.551 31.812 27.884 21.993 21.121
1988 23.304 -999.000 17.919 16.060 20.984 27.774 38.347 37.099 31.306 25.418 21.358 -999.000
1989 -999.000 -999.000 -999.000 -999.000 21.931 28.752 37.485 35.533 31.372 26.823 20.603 22.481
1990 -999.000 22.155 16.872 -999.000 20.928 32.610 36.086 36.733 32.585 23.070 22.901 24.668
1991 24.615 -999.000 20.077 17.940 22.507 30.969 36.692 37.728 33.130 -999.000 -999.000 -999.000
1992 -999.000 -999.000 18.050 -999.000 20.362 26.703 35.499 36.502 32.192 -999.000 -999.000 23.235
1993 -999.000 -999.000 -999.000 -999.000 20.533 30.115 36.096 36.069 32.009 28.436 26.962 -999.000
1994 -999.000 -999.000 -999.000 -999.000 21.414 31.483 36.678 37.463 29.586 -999.000 23.118 15.762
1995 -999.000 15.552 -999.000 -999.000 19.614 27.861 36.423 36.666 31.708 27.037 18.001 -999.000
1996 -999.000 -999.000 -999.000 -999.000 21.529 29.035 37.511 36.349 28.768 24.386 -999.000 -999.000
1997 -999.000 -999.000 20.534 -999.000 20.628 27.571 36.640 36.638 30.069 20.861 23.494 20.441
1998 12.967 15.519 13.545 18.851 23.228 32.064 38.860 39.302 32.777 25.404 21.987 22.680
1999 -999.000 -999.000 -999.000 21.078 23.449 29.979 36.953 37.227 30.724 32.037 -999.000 -999.000
2000 -999.000 -999.000 -999.000 19.181 22.652 32.514 36.091 37.496 31.040 29.884 20.978 22.920
2001 -999.000 -999.000 -999.000 17.876 22.009 31.243 37.818 38.299 30.144 26.336 19.004 -999.000
2002 23.598 17.856 19.400 23.078 22.457 31.346 38.104 36.946 30.613 27.169 24.848 22.404
2003 18.495 20.811 18.674 17.596 22.504 29.797 37.952 38.218 32.422 23.964 23.209 17.376
2004 -999.000 19.188 17.841 17.342 21.163 31.465 35.918 36.363 32.234 24.827 22.474 -999.000
2005 -999.000 16.079 18.188 17.884 21.691 29.184 37.816 38.066 34.647 25.546 20.018 -999.000
2006 -999.000 18.881 -999.000 18.971 21.411 31.693 38.230 37.892 31.842 24.907 -999.000 18.999
2007 17.320 20.200 15.863 17.139 21.630 29.510 37.281 37.663 32.225 24.591 20.663 22.292
2008 -999.000 15.430 -999.000 20.328 21.114 30.705 36.605 35.729 30.916 25.897 17.594 22.292
2009 26.277 -999.000 -999.000 16.822 21.663 28.627 36.497 37.749 31.028 24.373 -999.000 22.023
2010 19.602 15.400 18.429 18.219 24.575 33.666 39.270 38.422 33.391 23.539 -999.000 -999.000
2011 -999.000 -999.000 -999.000 21.847 21.508 30.517 38.434 36.409 31.393 25.580 -999.000 -999.000
2012 -999.000 -999.000 18.111 18.077 23.890 30.698 38.558 37.394 30.939 21.624 19.278 -999.000
2013 20.678 15.572 14.061 16.393 21.452 32.953 37.474 37.975 31.076 26.669 -999.000 24.813
2014 26.152 -999.000 15.684 18.897 21.005 29.779 37.249 37.254 32.941 23.724 25.817 -999.000
2015 18.018 15.284 18.909 19.310 24.612 32.253 37.870 37.957 32.295 26.632 21.327 19.917
2016 16.598 17.650 18.271 18.778 26.131 33.926 38.845 39.341 35.398 23.843 18.165 23.854
2017 18.126 13.128 14.144 16.906 24.241 32.880 39.318 38.632 34.247 25.982 22.880 21.703
2018 -999.000 26.188 16.256 15.303 21.848 31.491 39.691 39.156 32.966 20.900 18.139 20.015
2019 16.702 17.463 15.987 17.292 19.395 31.369 37.777 38.616 35.703 25.350 20.409 16.378
2020 16.547 17.175 16.415 19.743 23.506 31.308 38.900 37.407 35.103 25.083 18.525 14.067
2021 19.588 11.183 20.801 16.132 23.953 34.198 39.132 38.975 34.148 22.952 17.077 20.973
2022 13.246 -999.000 17.139 16.709 22.274 30.795 39.751 38.610 33.603 26.165 22.816 -999.000
2023 -999.000 21.244 17.030 15.885 22.323 29.311 39.097 39.298 33.609 26.947 21.982 18.033
2024 19.819 17.979 18.870 20.941 25.061 34.100 39.067 39.417 33.000 28.182 21.054 19.363
2025 20.299 19.472 17.452 18.466 25.110 34.684 39.422 39.240 34.857 26.633 19.509 17.348
