1951 2021
1951 85.000 84.800 79.300 131.700 153.700 142.400 87.200 86.500 117.700 73.300 74.200 65.000
1952 57.900 32.400 31.500 41.700 33.600 52.000 56.100 77.800 40.400 34.200 31.800 48.900
1953 37.900 5.900 14.700 39.600 18.300 31.500 12.700 33.600 28.000 12.300 2.500 3.900
1954 0.400 0.800 15.800 2.700 1.200 0.400 7.300 12.600 2.300 10.500 13.400 11.300
1955 33.400 29.900 7.300 16.400 41.300 45.200 38.200 58.000 60.800 83.000 126.300 108.800
1956 104.100 175.600 167.700 156.700 193.400 165.100 182.700 240.200 245.400 219.900 285.000 272.000
1957 233.700 184.500 222.800 248.000 233.000 284.300 265.100 223.700 334.000 359.400 298.600 339.000
1958 286.700 233.600 270.000 277.600 248.200 242.900 271.000 283.500 285.100 256.900 215.600 265.700
1959 307.700 202.600 263.000 231.300 243.600 238.900 211.900 282.600 205.600 157.700 175.600 177.100
1960 207.200 149.900 144.600 172.700 169.300 156.000 172.400 190.000 180.100 117.300 126.900 121.200
1961 82.100 65.400 75.200 86.900 72.300 109.500 99.300 79.200 90.100 53.700 46.500 56.900
1962 55.100 71.700 64.900 65.900 61.900 59.600 31.400 31.500 72.700 56.100 38.800 33.200
1963 28.700 35.200 24.800 41.700 61.100 51.200 28.700 47.500 55.200 50.100 33.700 21.600
1964 22.600 25.300 24.100 12.900 14.300 13.500 4.800 13.800 7.000 9.200 11.100 22.100
1965 25.400 20.800 17.500 10.200 34.500 23.300 17.300 13.300 24.500 29.100 22.800 24.700
1966 40.300 35.300 36.400 69.000 64.200 67.700 80.200 72.600 71.100 81.200 81.000 99.800
1967 157.000 132.600 158.300 98.400 122.500 95.400 129.500 151.800 108.700 125.000 133.600 179.000
1968 172.500 158.500 130.500 115.000 180.000 156.200 136.200 154.800 166.000 152.500 121.700 155.500
1969 147.800 170.500 192.300 151.100 169.900 150.100 137.100 138.800 129.300 135.400 132.400 138.600
1970 157.900 180.800 145.700 155.100 180.500 151.300 159.300 131.700 140.800 122.600 134.800 118.200
1971 129.200 111.800 85.900 101.600 81.500 70.700 114.700 87.000 71.300 73.400 89.500 116.500
1972 87.000 125.300 113.500 89.600 113.900 124.700 108.300 108.900 90.700 86.900 59.200 64.300
1973 61.800 60.900 65.400 81.800 60.300 56.100 33.200 36.600 84.100 43.700 34.300 33.300
1974 39.400 37.300 30.900 57.500 56.300 51.500 79.100 47.900 57.200 67.200 35.900 29.600
1975 27.300 16.700 16.900 7.700 13.100 16.700 40.400 56.700 20.300 13.600 27.900 11.600
1976 11.900 6.400 31.500 27.300 18.200 17.900 2.900 24.100 20.000 29.700 7.900 22.300
1977 23.800 33.300 13.000 19.000 27.000 54.900 30.600 43.000 62.400 62.100 41.600 61.400
1978 73.700 132.600 108.400 141.200 117.100 134.600 99.700 82.400 195.700 177.100 138.500 173.900
1979 235.900 194.700 195.300 143.700 190.300 211.700 225.700 201.400 266.900 263.600 259.500 249.600
1980 226.100 219.400 178.700 232.200 254.700 222.700 192.900 191.700 219.600 233.300 209.500 246.900
1981 156.600 189.900 196.600 225.300 194.700 131.600 205.300 242.500 245.300 216.200 186.000 195.400
1982 149.800 230.900 221.100 170.300 119.300 163.700 139.400 161.900 167.400 134.300 127.500 169.000
1983 115.500 73.100 88.700 109.600 132.500 131.500 108.900 96.000 69.900 72.500 45.700 45.600
1984 74.800 110.200 116.700 90.400 96.900 65.100 55.700 35.000 22.600 12.600 26.500 21.400
1985 17.800 20.700 16.900 20.400 32.400 28.300 39.900 10.100 4.300 22.000 17.900 15.800
1986 2.800 27.900 13.800 22.400 16.100 0.600 18.100 9.900 5.100 40.100 15.400 5.800
1987 9.800 3.400 17.400 46.000 39.100 18.800 38.200 47.900 42.200 63.400 48.800 29.100
1988 70.500 45.400 91.200 108.800 74.200 124.300 131.400 139.400 142.700 156.500 156.800 231.200
1989 210.100 208.700 170.400 166.300 195.400 284.500 180.500 232.000 225.100 212.200 238.200 211.400
1990 227.400 171.800 191.700 189.700 175.200 153.300 191.100 252.100 169.100 199.400 178.800 197.100
1991 195.300 240.300 197.000 197.600 166.900 224.700 240.200 240.800 168.900 197.100 159.500 212.600
1992 198.300 230.700 151.000 142.200 94.300 98.500 114.200 91.900 94.000 133.400 129.600 122.000
1993 81.400 127.800 102.400 94.400 78.800 69.600 80.400 62.500 31.200 71.100 48.200 68.400
1994 84.900 54.900 47.500 27.400 29.800 39.700 50.600 34.300 40.500 67.100 29.500 32.200
1995 32.600 45.800 46.300 21.600 19.400 22.500 20.400 18.200 15.700 30.600 14.000 14.900
1996 13.300 7.700 12.600 6.800 7.600 16.500 11.800 19.700 3.000 0.700 24.900 14.000
1997 7.400 11.000 12.100 23.000 25.400 20.800 12.900 35.700 59.700 32.800 50.400 55.500
1998 44.500 50.200 82.000 70.600 74.000 90.500 96.700 121.100 132.000 78.500 97.300 119.200
1999 86.000 98.000 103.500 93.600 149.600 207.200 173.500 142.300 106.300 168.700 188.300 116.800
2000 133.100 165.700 217.700 191.500 165.900 188.000 244.300 180.500 156.000 141.600 158.100 143.300
2001 142.600 121.500 165.800 161.700 142.100 202.900 123.000 161.500 238.200 194.100 176.600 213.400
2002 184.600 170.200 147.100 186.900 187.500 128.800 161.000 175.600 187.900 151.200 147.200 135.300
2003 133.500 75.700 100.700 97.900 86.800 118.700 128.300 115.400 78.500 97.800 82.900 72.200
2004 60.600 74.600 74.800 59.200 72.800 66.500 83.800 69.700 48.800 74.200 70.100 28.900
2005 48.100 43.500 39.600 38.700 61.900 56.800 62.400 60.500 37.200 13.200 27.500 59.300
2006 20.900 5.700 17.300 50.300 37.200 24.500 22.200 20.800 23.700 14.900 35.700 22.300
2007 29.300 18.400 7.200 5.400 19.500 21.300 15.100 9.800 4.000 1.500 2.800 17.300
2008 4.100 2.900 15.500 3.600 4.600 5.200 0.600 0.300 1.200 4.200 6.600 1.000
2009 1.300 1.200 0.600 1.200 2.900 6.300 5.500 0.000 7.100 7.700 6.900 16.300
2010 19.500 28.500 24.000 10.400 13.900 18.800 25.200 29.600 36.400 33.600 34.400 24.500
2011 27.300 48.300 78.600 76.100 58.200 56.100 64.500 65.800 120.100 125.700 139.100 109.300
2012 94.400 47.800 86.600 85.900 96.500 92.000 100.100 94.800 93.700 76.500 87.600 56.800
2013 96.100 60.900 78.300 107.300 120.200 76.700 86.200 91.800 54.500 114.400 113.900 124.200
2014 117.000 146.100 128.700 112.500 112.500 102.900 100.200 106.900 130.000 90.000 103.600 112.900
2015 93.000 66.700 54.500 75.300 88.800 66.500 65.800 64.400 78.600 63.600 62.200 58.000
2016 57.000 56.400 54.100 37.900 51.500 20.500 32.400 50.200 44.600 33.400 21.400 18.500
2017 26.100 26.400 17.700 32.300 18.900 19.200 17.800 32.600 43.700 13.200 5.700 8.200
2018 6.800 10.700 2.500 8.900 13.100 15.600 1.600 8.700 3.300 4.900 4.900 3.100
2019 7.700 0.800 9.400 9.100 9.900 1.200 0.900 0.500 1.100 0.400 0.500 1.500
2020 6.200 0.200 1.500 5.200 0.200 5.800 6.100 7.500 0.600 14.600 34.500 23.100
2021 10.400 8.200 17.200 24.500 21.200 25.000 34.300 22.000 51.300 38.100 35.000 67.600
