1951 2025
1951 18.406 -999.000 -999.000 15.593 17.218 23.112 30.170 25.953 26.261 27.761 23.484 14.188
1952 12.969 12.540 11.217 16.023 17.692 28.443 31.432 24.681 28.172 21.002 22.224 19.978
1953 13.974 15.489 12.578 17.422 22.771 24.108 29.811 24.659 25.905 25.808 24.909 17.750
1954 12.864 14.334 12.850 14.050 16.988 28.403 33.172 27.099 22.306 26.683 20.811 19.648
1955 20.259 -999.000 14.318 14.080 23.405 24.656 30.240 30.981 28.932 20.232 16.591 -999.000
1956 -999.000 -999.000 12.411 12.641 19.647 30.101 32.120 28.524 32.364 17.249 20.238 17.329
1957 -999.000 -999.000 11.982 13.575 15.000 26.855 31.281 30.506 25.401 20.267 20.427 14.093
1958 16.201 13.162 11.813 13.820 18.148 25.018 27.515 30.405 30.424 23.677 19.610 15.114
1959 13.427 12.735 18.734 14.768 15.231 26.406 33.243 31.106 31.059 25.532 22.101 22.911
1960 15.513 16.102 12.129 13.508 17.668 26.937 28.785 32.184 29.839 19.900 19.522 14.982
1961 15.323 18.849 13.571 12.892 19.815 28.409 34.267 29.762 31.108 18.419 21.148 15.895
1962 13.210 13.379 12.527 15.229 14.629 19.294 29.171 34.657 28.299 27.500 23.677 14.203
1963 13.189 15.218 12.737 13.178 16.208 28.319 35.137 31.245 29.641 23.398 16.796 16.153
1964 17.121 14.349 11.591 12.901 14.403 27.191 34.319 36.575 33.668 30.062 18.025 -999.000
1965 -999.000 -999.000 13.625 12.473 14.589 26.528 31.902 31.014 26.745 23.275 13.931 13.914
1966 14.742 11.595 13.904 11.524 14.100 27.639 29.913 32.269 22.653 18.711 15.280 18.960
1967 20.530 14.991 13.659 13.546 15.174 21.376 33.204 32.909 29.291 -999.000 20.131 13.906
1968 -999.000 12.817 14.434 11.823 15.090 27.706 32.295 29.057 29.427 19.557 18.701 12.618
1969 -999.000 11.468 11.571 14.569 13.250 20.275 29.007 32.705 31.973 19.075 14.448 15.247
1970 11.905 12.844 14.203 16.373 16.074 28.134 34.059 34.341 26.559 19.897 17.139 -999.000
1971 -999.000 16.103 13.479 14.940 17.223 29.846 31.763 36.194 31.055 24.556 24.883 -999.000
1972 -999.000 -999.000 13.456 12.464 13.261 18.418 33.357 30.000 18.422 15.439 16.562 13.262
1973 13.371 11.663 13.091 11.649 17.500 29.163 31.205 32.289 28.620 20.703 15.947 22.420
1974 -999.000 -999.000 -999.000 13.840 16.984 27.879 34.045 28.770 21.982 25.327 26.871 22.481
1975 -999.000 13.114 12.651 13.060 18.081 24.809 31.752 33.549 21.988 29.057 20.976 18.278
1976 -999.000 -999.000 -999.000 12.953 16.305 18.983 33.210 32.086 30.295 17.219 16.418 17.719
1977 13.948 14.689 12.655 11.603 15.495 26.739 33.205 29.614 24.697 20.130 20.483 14.591
1978 13.412 15.000 12.387 12.954 13.647 25.629 29.284 31.586 31.133 18.833 14.980 13.229
1979 12.664 10.973 13.054 12.909 19.516 23.983 29.244 28.350 28.128 25.727 17.715 16.628
1980 11.826 14.062 14.412 18.302 15.267 20.190 33.319 35.700 25.352 26.679 20.955 14.062
1981 15.506 14.430 15.096 13.012 14.399 29.501 30.324 30.359 30.545 18.715 25.474 17.000
1982 12.949 12.592 14.052 17.622 13.720 24.086 30.401 24.690 26.663 19.052 16.387 15.179
1983 16.046 14.689 14.717 12.092 17.370 25.138 30.761 28.425 34.380 24.835 23.566 16.946
1984 15.653 19.582 13.705 20.246 24.308 30.125 37.612 32.796 24.257 28.604 22.685 -999.000
1985 14.168 -999.000 14.947 11.631 15.973 26.989 31.784 30.019 28.734 18.544 15.904 14.800
1986 16.793 12.867 14.937 12.690 16.759 27.336 32.326 31.358 24.226 23.804 19.378 20.000
1987 14.951 11.395 11.927 12.250 12.500 20.282 25.806 27.106 22.792 18.497 22.075 12.864
1988 14.539 13.806 11.889 18.452 18.646 27.824 33.416 25.570 24.777 27.551 23.987 17.868
1989 20.426 16.632 14.868 12.918 17.796 26.081 31.644 27.436 27.500 18.252 16.523 13.517
1990 -999.000 -999.000 11.423 11.703 18.140 29.835 32.664 27.553 27.243 22.533 15.466 13.826
1991 12.439 12.666 12.710 15.982 18.259 26.462 29.895 30.140 28.325 17.190 22.674 16.163
1992 14.320 10.475 12.876 10.501 10.985 24.697 28.998 31.918 28.664 22.924 20.150 15.939
1993 11.856 12.709 13.835 15.437 18.268 23.770 33.617 28.931 27.500 17.285 16.175 15.150
1994 13.452 13.563 14.338 12.307 19.534 28.091 31.455 25.592 25.526 20.883 21.278 20.801
1995 14.929 11.599 12.859 11.252 17.500 25.107 29.143 35.242 23.919 27.500 18.622 17.083
1996 16.135 13.585 12.230 14.631 20.107 23.384 32.156 28.174 23.776 22.546 16.474 14.064
1997 12.917 17.232 10.695 14.054 12.072 26.314 29.085 23.904 23.133 23.130 22.608 13.232
1998 15.066 14.990 15.820 12.501 12.336 30.239 30.871 30.989 25.749 27.912 24.996 17.171
1999 16.011 18.161 12.629 14.229 21.107 31.016 34.261 26.405 29.604 25.632 22.302 17.128
2000 17.085 19.835 21.639 18.776 25.813 30.121 33.810 37.635 24.766 25.584 18.609 19.109
2001 19.025 13.865 11.678 17.734 24.583 30.052 29.372 31.592 30.318 30.000 20.342 17.628
2002 12.666 14.566 12.448 12.364 12.808 28.096 31.432 33.468 20.354 18.359 21.523 19.482
2003 14.693 13.278 12.575 15.000 20.175 22.681 29.270 30.102 27.113 24.001 16.363 17.619
2004 12.065 14.277 16.812 16.931 13.781 24.371 30.200 28.532 31.340 24.409 16.152 13.161
2005 13.318 13.735 11.537 15.836 16.686 29.374 30.886 27.255 28.764 29.905 17.513 17.942
2006 19.848 11.500 10.979 16.506 17.130 26.869 30.734 30.106 25.250 17.774 19.398 20.898
2007 14.924 11.325 12.108 22.823 17.500 28.333 30.654 31.736 33.632 29.032 21.873 20.525
2008 -999.000 15.265 20.489 17.245 21.256 29.605 32.613 31.246 27.957 27.965 20.494 18.239
2009 13.235 14.587 13.410 14.266 16.119 27.589 28.831 30.771 29.747 23.534 17.296 13.111
2010 14.891 15.724 11.533 11.881 19.942 26.473 30.764 32.736 25.671 26.711 19.477 17.373
2011 15.091 12.851 18.176 16.758 18.056 30.821 35.778 30.171 26.580 24.009 21.936 18.798
2012 15.433 14.414 11.397 20.328 27.500 29.496 32.412 25.719 27.046 19.861 13.117 13.356
2013 11.277 15.776 11.076 13.031 18.506 26.777 25.567 28.407 29.734 19.137 16.102 15.532
2014 11.805 16.271 14.078 22.850 17.851 28.614 27.653 30.909 25.906 26.156 21.874 16.501
2015 15.168 11.877 12.839 11.425 14.683 24.120 30.382 30.128 26.636 22.764 16.247 20.678
2016 15.562 13.777 10.326 17.440 12.018 26.092 34.844 25.890 30.354 26.605 25.135 17.289
2017 16.994 13.424 15.148 17.359 14.047 27.351 31.680 29.606 28.105 24.990 23.392 20.000
2018 17.317 -999.000 13.629 16.991 17.120 28.896 35.807 31.117 25.953 24.254 20.882 19.592
2019 17.500 12.406 14.857 16.262 17.113 22.755 30.403 26.589 31.370 23.675 18.173 14.733
2020 14.268 14.725 14.144 15.961 17.399 29.391 32.508 33.272 27.645 21.698 20.809 20.705
2021 20.458 16.437 16.306 18.114 19.615 27.759 33.701 35.659 33.288 21.989 22.587 16.173
2022 15.117 16.983 16.371 16.791 17.188 28.063 32.612 30.737 24.723 22.631 21.046 19.733
2023 17.053 17.097 13.900 13.194 13.951 24.297 30.535 26.727 28.590 21.825 19.234 17.421
2024 14.311 11.542 12.960 13.685 15.127 26.389 32.822 29.677 26.555 21.998 21.626 21.866
2025 17.875 16.604 15.711 16.885 20.804 27.728 26.900 27.144 27.527 23.631 22.312 16.941
