1951 2025
1951 0.000 0.000 0.000 0.000 2.461 15.282 43.750 46.855 24.707 5.490 6.224 1.174
1952 0.000 2.005 0.000 0.000 1.249 33.632 38.903 34.494 13.413 5.539 1.789 0.000
1953 0.000 2.740 0.000 0.875 4.612 37.420 49.665 43.708 18.589 4.156 6.605 0.437
1954 0.000 0.000 0.000 0.000 0.140 13.270 29.227 28.809 11.948 1.254 1.372 0.000
1955 0.000 0.000 0.000 0.000 2.480 7.443 26.079 23.638 13.963 1.000 0.000 0.000
1956 0.000 0.000 0.000 0.000 0.795 9.109 25.348 22.437 5.064 0.000 1.428 0.000
1957 0.000 0.000 0.000 0.000 2.145 21.898 30.592 34.355 13.620 2.023 2.581 1.027
1958 3.936 0.676 1.713 5.117 3.732 29.769 39.011 36.031 21.354 0.664 2.631 1.391
1959 0.000 3.052 3.897 0.000 0.000 18.380 29.565 24.059 10.475 6.656 2.074 0.940
1960 0.000 0.000 0.000 0.000 0.000 18.111 35.089 40.140 11.985 1.843 0.000 2.682
1961 0.000 0.000 0.000 0.000 4.432 12.898 24.814 32.674 4.995 0.000 0.000 0.000
1962 0.000 0.000 0.000 0.000 1.082 6.046 28.961 38.150 16.607 3.294 0.567 0.000
1963 0.000 0.000 0.000 0.000 0.433 9.750 22.793 26.152 15.769 0.741 0.000 1.894
1964 0.588 0.890 0.733 0.513 2.266 4.798 31.645 25.080 14.616 1.890 0.000 0.000
1965 0.000 0.000 0.000 0.000 1.263 15.091 27.122 19.130 7.120 1.564 3.319 0.733
1966 1.853 0.000 0.000 0.000 2.059 22.982 30.050 32.490 10.946 0.000 0.506 0.000
1967 0.000 0.000 0.000 0.000 2.116 7.074 31.045 30.341 6.680 3.117 0.281 0.000
1968 0.000 0.000 0.000 0.000 0.000 18.012 35.336 32.722 14.164 0.406 0.437 0.000
1969 0.000 0.000 4.933 1.947 14.799 34.203 49.296 34.494 15.674 1.545 2.877 2.624
1970 0.000 0.000 0.739 7.500 7.347 34.626 35.563 31.476 15.211 0.000 0.000 0.000
1971 0.000 0.000 0.000 0.000 0.293 9.873 20.034 18.817 1.483 2.917 0.286 0.000
1972 0.000 0.000 0.000 0.000 0.661 8.231 29.518 26.304 11.616 5.447 6.431 2.938
1973 2.362 8.608 7.921 4.401 16.155 26.757 36.534 38.326 33.209 0.211 1.449 1.083
1974 0.000 0.000 0.000 0.000 0.000 5.606 25.383 23.290 8.151 5.951 1.568 0.437
1975 0.000 0.000 0.000 2.546 0.733 13.919 26.750 25.490 10.154 1.091 0.000 0.000
1976 0.000 0.000 0.000 0.000 1.397 5.249 31.540 37.476 11.169 3.102 4.482 0.000
1977 0.000 3.465 4.941 0.000 1.407 29.998 35.642 42.680 28.272 10.555 2.648 1.921
1978 0.000 5.919 0.075 1.849 10.843 36.969 35.621 43.615 17.233 6.120 3.460 3.374
1979 0.000 0.000 0.000 0.732 18.894 47.525 69.347 38.314 28.000 11.494 3.746 0.000
1980 0.000 0.000 0.515 4.159 29.499 61.540 60.580 53.918 42.351 22.718 9.705 0.000
1981 1.190 0.000 3.495 8.980 13.751 45.350 50.882 37.821 34.479 7.196 7.314 2.131
1982 0.000 0.000 0.000 3.089 22.277 50.931 48.574 48.946 33.895 1.363 3.386 7.213
1983 14.837 12.406 22.570 18.957 34.992 53.909 68.142 72.525 42.174 19.379 9.057 2.943
1984 0.000 0.000 2.751 2.374 3.253 20.079 25.436 36.142 5.173 5.962 1.940 0.000
1985 0.000 0.000 0.000 0.000 0.659 32.839 41.080 42.877 21.902 4.964 0.291 4.797
1986 0.000 0.000 0.000 2.739 6.894 29.494 56.769 36.370 27.645 14.091 7.027 6.884
1987 5.039 1.572 3.443 16.085 16.051 54.861 56.761 54.492 45.295 22.717 13.977 14.180
1988 9.339 0.521 10.138 8.221 30.074 42.244 64.450 50.102 28.346 7.606 6.256 2.110
1989 0.000 0.000 0.000 0.000 7.983 34.656 55.434 34.832 22.730 4.959 0.509 3.738
1990 0.000 0.656 2.324 2.322 14.957 44.326 42.689 59.718 37.045 8.605 1.513 1.965
1991 4.006 0.000 4.361 3.471 31.052 46.691 58.253 54.881 42.436 2.190 3.730 2.780
1992 2.146 0.000 8.174 0.299 6.367 29.003 42.938 49.266 12.751 0.069 2.828 0.724
1993 0.000 0.000 0.954 4.368 10.088 40.759 48.348 46.940 30.335 8.811 6.147 3.496
1994 0.000 0.000 0.000 0.000 13.784 37.797 40.387 46.942 19.310 1.298 4.572 8.351
1995 1.859 0.598 0.000 3.895 13.232 47.364 40.685 48.472 46.856 7.782 2.853 4.530
1996 0.000 0.000 0.000 0.293 23.021 38.483 50.317 39.511 14.374 6.645 2.218 0.000
1997 0.000 0.000 0.365 0.886 11.698 33.837 57.825 62.773 36.875 18.602 11.531 18.288
1998 17.985 32.935 25.245 41.652 52.026 67.972 72.211 79.983 38.304 27.101 7.840 5.192
1999 0.000 1.842 0.000 4.404 9.316 34.690 41.071 49.122 24.369 10.450 0.655 2.728
2000 0.000 0.000 1.038 1.780 9.177 33.805 34.609 41.161 16.070 9.001 5.588 4.758
2001 2.224 0.000 0.224 9.278 19.270 27.795 46.932 66.056 29.150 21.217 4.070 4.210
2002 4.275 8.195 6.322 2.567 19.964 49.355 71.776 53.112 32.011 6.241 14.743 13.677
2003 13.100 3.894 3.728 11.803 26.359 34.794 63.667 70.048 48.031 13.474 6.893 7.388
2004 1.805 5.058 5.379 9.173 22.711 40.028 46.421 63.052 32.779 12.117 8.570 2.511
2005 1.194 11.590 28.647 29.018 23.924 45.341 73.669 67.299 64.726 22.608 9.114 5.857
2006 0.000 4.816 0.000 5.480 27.117 53.889 76.852 55.432 39.528 30.062 5.596 22.856
2007 22.238 7.124 2.558 21.337 30.063 48.217 65.253 60.930 43.022 12.696 4.509 4.326
2008 0.964 0.450 0.000 0.219 13.364 42.973 53.745 45.987 39.758 31.503 8.784 3.075
2009 2.627 1.188 1.042 16.174 14.829 44.618 67.636 71.264 58.620 18.873 6.216 6.064
2010 7.915 17.491 31.911 37.160 51.513 81.364 87.742 84.433 49.867 16.975 4.733 0.000
2011 0.000 0.000 0.000 2.136 24.576 50.324 53.301 61.521 47.973 8.763 3.996 5.931
2012 0.000 1.114 2.169 5.006 18.909 44.803 58.719 62.020 45.268 6.194 6.972 3.866
2013 11.513 8.122 11.896 17.214 33.902 56.480 59.877 66.346 40.514 18.425 4.103 5.873
2014 2.969 0.000 5.765 19.632 31.580 50.072 78.451 73.271 53.017 23.230 17.620 8.889
2015 5.892 1.133 10.283 20.673 49.758 65.526 80.691 74.635 58.345 63.681 25.349 36.779
2016 31.609 34.386 41.279 45.935 58.708 81.990 86.571 81.111 76.553 33.676 19.448 16.441
2017 4.689 2.997 7.007 23.356 50.681 74.104 90.744 84.826 73.900 41.252 9.520 14.420
2018 0.000 5.072 2.686 7.582 44.662 64.886 78.098 79.130 49.178 24.635 25.868 21.403
2019 19.460 23.447 26.678 36.688 48.059 76.332 82.125 84.190 82.967 24.372 14.861 15.411
2020 23.926 29.345 28.764 43.366 64.587 74.835 80.931 87.293 74.442 35.928 33.342 15.307
2021 5.876 2.228 7.036 11.397 49.805 73.025 82.714 91.967 76.673 41.527 13.936 11.325
2022 0.456 1.633 4.693 10.922 48.228 53.761 86.112 81.798 57.813 27.164 16.531 2.706
2023 0.812 12.341 4.037 5.413 42.743 71.702 97.489 90.633 85.205 72.721 49.033 42.656
2024 43.461 40.072 42.863 48.743 63.555 88.213 100.928 107.558 83.049 69.715 40.169 35.705
2025 22.309 23.652 30.526 32.872 48.698 83.031 86.188 96.355 83.336 51.306 31.489 4.031
