1951 2021
1951 -999.000 -999.000 -999.000 -999.000 -999.000 -999.000 -999.000 -999.000 -999.000 -999.000 -999.000 -999.000
1952 -999.000 -999.000 -999.000 -999.000 -999.000 -999.000 -999.000 -999.000 -999.000 -999.000 -999.000 -999.000
1953 -999.000 -999.000 -999.000 -999.000 -999.000 -999.000 -999.000 -999.000 -999.000 -999.000 -999.000 -999.000
1954 -999.000 -999.000 -999.000 -999.000 -999.000 -999.000 -999.000 -999.000 -999.000 -999.000 -999.000 -999.000
1955 -999.000 -999.000 -999.000 -999.000 -999.000 -999.000 -999.000 -999.000 -999.000 -999.000 -999.000 -999.000
1956 -999.000 -999.000 -999.000 -999.000 -999.000 -999.000 -999.000 -999.000 -999.000 -999.000 -999.000 -999.000
1957 -999.000 -999.000 -999.000 -999.000 -999.000 -999.000 -999.000 -999.000 -999.000 -999.000 -999.000 -999.000
1958 -999.000 -999.000 -999.000 -999.000 -999.000 -999.000 -999.000 -999.000 -999.000 -999.000 -999.000 -999.000
1959 -999.000 -999.000 -999.000 -999.000 -999.000 -999.000 -999.000 -999.000 -999.000 -999.000 -999.000 -999.000
1960 -999.000 -999.000 -999.000 -999.000 -999.000 -999.000 -999.000 -999.000 -999.000 -999.000 -999.000 -999.000
1961 -999.000 -999.000 -999.000 -999.000 -999.000 -999.000 -999.000 -999.000 -999.000 -999.000 -999.000 -999.000
1962 -999.000 -999.000 -999.000 -999.000 -999.000 -999.000 -999.000 -999.000 -999.000 -999.000 -999.000 -999.000
1963 -999.000 -999.000 -999.000 -999.000 -999.000 -999.000 -999.000 -999.000 -999.000 -999.000 -999.000 -999.000
1964 -999.000 -999.000 -999.000 -999.000 -999.000 -999.000 -999.000 -999.000 -999.000 -999.000 -999.000 -999.000
1965 -999.000 -999.000 -999.000 -999.000 -999.000 -999.000 -999.000 -999.000 -999.000 -999.000 -999.000 -999.000
1966 -999.000 -999.000 -999.000 -999.000 -999.000 -999.000 -999.000 -999.000 -999.000 -999.000 -999.000 -999.000
1967 -999.000 -999.000 -999.000 -999.000 -999.000 -999.000 -999.000 -999.000 -999.000 -999.000 -999.000 -999.000
1968 -999.000 -999.000 -999.000 -999.000 -999.000 -999.000 -999.000 -999.000 -999.000 -999.000 -999.000 -999.000
1969 -999.000 -999.000 -999.000 -999.000 -999.000 -999.000 -999.000 -999.000 -999.000 -999.000 -999.000 -999.000
1970 -999.000 -999.000 -999.000 -999.000 -999.000 -999.000 -999.000 -999.000 -999.000 -999.000 -999.000 -999.000
1971 -999.000 -999.000 -999.000 -999.000 -999.000 -999.000 -999.000 -999.000 -999.000 -999.000 -999.000 -999.000
1972 -999.000 -999.000 -999.000 -999.000 -999.000 -999.000 -999.000 -999.000 -999.000 -999.000 -999.000 -999.000
1973 -999.000 -999.000 -999.000 -999.000 -999.000 -999.000 -999.000 -999.000 -999.000 -999.000 -999.000 -999.000
1974 -999.000 -999.000 -999.000 -999.000 -999.000 -999.000 -999.000 -999.000 -999.000 -999.000 -999.000 -999.000
1975 -999.000 -999.000 -999.000 -999.000 -999.000 -999.000 -999.000 -999.000 -999.000 -999.000 -999.000 -999.000
1976 -999.000 -999.000 -999.000 -999.000 -999.000 -999.000 -999.000 -999.000 -999.000 -999.000 -999.000 -999.000
1977 -999.000 -999.000 -999.000 -999.000 -999.000 -999.000 -999.000 -999.000 -999.000 -999.000 -999.000 -999.000
1978 -999.000 -999.000 -999.000 -999.000 -999.000 -999.000 -999.000 -999.000 -999.000 -999.000 -999.000 -999.000
1979 0.490 0.850 0.360 -0.090 0.120 0.250 0.090 0.340 0.790 0.650 0.810 0.900
1980 0.800 0.560 0.500 0.640 0.800 0.950 0.220 0.070 -0.110 0.050 0.370 0.460
1981 0.260 0.210 0.730 0.630 0.260 -0.190 -0.510 -0.500 0.050 0.200 -0.020 -0.100
1982 0.220 0.530 0.780 0.790 0.900 0.890 0.950 1.280 1.530 1.830 1.740 1.260
1983 0.150 -0.560 -0.830 0.150 -0.120 -0.690 -1.060 -1.290 -1.730 -1.830 -1.540 -1.130
1984 -0.860 -0.820 -0.710 -0.630 -0.900 -0.900 -0.240 -0.210 -0.290 -0.750 -0.500 -0.310
1985 -0.090 -0.310 -0.500 -0.190 0.070 0.030 -0.030 0.120 -0.070 -0.160 0.050 0.160
1986 0.190 0.420 0.340 0.010 0.350 0.610 0.490 0.380 0.560 0.810 0.530 0.770
1987 0.930 0.370 0.490 0.260 0.420 0.170 -0.250 -0.050 -0.290 -0.230 -0.400 -0.540
1988 -0.460 -0.860 -1.100 -1.430 -1.290 -1.080 -0.730 -0.610 -0.880 -1.520 -1.510 -1.310
1989 -0.720 -0.120 0.340 0.450 0.580 0.700 0.650 0.290 0.240 -0.060 -0.120 0.480
1990 0.680 0.980 0.880 0.560 0.050 -0.200 0.160 0.370 0.320 0.400 0.280 0.610
1991 0.640 0.350 0.240 0.470 0.710 0.680 0.640 0.430 0.540 1.070 1.040 1.230
1992 1.270 1.540 0.700 0.190 -0.400 -0.830 -0.720 -0.660 -0.540 -0.520 -0.350 -0.050
1993 0.070 0.170 0.380 0.610 0.320 -0.310 -0.500 -0.470 -0.120 -0.070 -0.150 -0.360
1994 -0.570 -0.640 -0.580 -0.350 0.000 0.050 0.000 0.400 0.460 0.760 0.910 0.630
1995 0.360 0.040 -0.470 -0.560 -0.500 -0.280 -0.340 -0.620 -0.850 -0.770 -0.740 -0.630
1996 -0.160 -0.020 0.090 -0.030 -0.070 0.080 -0.150 -0.180 -0.260 -0.240 -0.370 -0.170
1997 0.490 0.850 1.260 1.870 1.820 2.010 1.770 1.500 1.850 2.050 1.940 1.150
1998 0.160 -0.350 -0.510 -0.910 -1.420 -1.790 -1.940 -1.970 -1.760 -1.950 -1.960 -1.710
1999 -1.520 -1.360 -0.860 -0.750 -0.590 -0.400 -0.510 -0.870 -0.920 -0.880 -1.180 -1.230
2000 -0.960 -0.690 -0.410 -0.080 0.040 0.150 0.090 0.040 0.000 -0.300 -0.540 -0.720
2001 -0.440 -0.410 -0.030 0.290 0.130 0.290 0.510 0.100 0.240 0.180 0.180 0.230
2002 0.640 0.640 0.600 0.290 0.030 0.420 0.580 0.810 1.140 1.400 1.230 0.630
2003 0.130 -0.270 -0.240 -0.510 -0.770 0.030 0.440 0.200 0.160 0.330 0.530 0.250
2004 0.180 0.160 -0.050 0.190 0.160 0.140 0.620 0.610 0.700 0.560 0.580 0.640
2005 0.420 0.420 0.720 0.360 0.010 0.040 -0.080 -0.170 -0.160 -0.110 -0.440 -0.570
2006 -0.670 -0.560 -0.220 0.250 0.490 0.710 0.740 0.910 1.010 0.770 1.000 0.680
2007 -0.200 -0.580 -0.620 -0.510 -0.490 -0.220 -0.320 -0.420 -0.690 -0.870 -0.970 -0.870
2008 -1.050 -0.820 -0.260 0.090 0.330 0.560 0.470 0.030 -0.400 -0.340 -0.650 -1.080
2009 -0.770 -0.370 0.000 0.520 0.770 1.070 1.040 0.790 0.720 0.860 1.310 1.280
2010 0.940 0.930 0.650 -0.010 -0.830 -1.120 -1.140 -1.330 -1.450 -1.470 -1.310 -1.240
2011 -0.920 -0.110 0.500 0.720 0.640 0.460 0.200 -0.220 -0.640 -0.870 -0.710 -0.810
2012 -0.790 -0.260 0.060 0.510 0.580 0.660 0.760 0.740 0.440 0.380 0.220 -0.170
2013 -0.470 -0.230 -0.040 -0.020 -0.090 0.160 0.280 0.250 0.290 0.260 0.480 0.260
2014 0.000 0.420 1.210 1.270 1.000 0.390 0.020 0.370 0.580 0.510 0.680 0.480
2015 0.220 0.650 1.170 1.420 1.420 1.270 1.360 1.430 1.480 1.510 1.410 1.040
2016 0.880 0.310 -0.330 -0.850 -1.080 -0.970 -0.680 -0.560 -0.550 -0.750 -0.530 -0.180
2017 0.070 0.300 0.380 0.280 0.360 0.220 0.150 -0.210 -0.570 -0.770 -0.650 -0.540
2018 -0.170 0.090 0.440 0.620 0.750 0.800 0.730 0.730 0.930 1.290 1.200 0.880
2019 0.620 0.760 0.910 0.390 0.090 0.070 0.030 -0.060 0.090 0.490 0.340 0.450
2020 0.480 0.510 0.190 -0.240 -0.700 -0.540 -0.250 -0.550 -0.630 -0.850 -0.800 -0.710
2021 -0.710 -0.440 0.290 0.560 0.570 0.340 -0.220 -0.510 -0.890 -1.090 -0.880 -0.810
