1951 2025
1951 15.427 11.181 10.106 13.644 18.316 17.701 19.941 14.150 22.922 21.963 19.214 17.957
1952 15.932 11.150 8.473 12.807 14.962 17.978 14.208 14.932 23.279 20.375 19.431 13.739
1953 13.808 13.029 12.032 13.264 14.571 19.415 20.516 18.265 18.106 19.247 18.112 17.469
1954 12.851 14.199 13.121 15.117 13.736 17.793 22.036 23.249 18.551 18.660 15.185 9.712
1955 12.552 10.060 7.581 6.945 7.605 11.564 14.544 15.814 18.346 13.344 15.188 15.469
1956 12.480 9.622 10.667 11.896 14.217 16.607 19.651 13.122 15.364 19.954 22.127 21.091
1957 16.018 12.719 12.889 15.881 17.977 15.518 16.971 19.771 16.712 17.790 14.318 15.125
1958 14.384 17.833 18.844 14.999 13.635 13.148 13.056 17.707 21.830 19.372 16.192 15.740
1959 8.954 8.502 9.604 12.710 16.378 18.674 21.625 21.845 24.218 21.273 20.100 18.629
1960 14.148 12.365 13.236 14.301 19.285 16.094 20.315 16.713 20.284 17.795 24.497 20.265
1961 14.324 16.593 12.742 16.020 16.454 17.497 16.612 16.803 18.104 15.746 17.818 20.723
1962 20.630 14.749 14.954 16.047 14.069 18.544 19.817 21.318 22.036 21.463 18.661 17.441
1963 15.373 15.865 17.754 19.390 19.573 16.996 17.945 22.456 24.164 18.814 17.823 15.510
1964 14.006 14.025 14.959 18.967 18.200 16.908 19.000 15.064 19.193 18.924 16.845 10.946
1965 9.822 9.598 8.476 9.402 12.147 12.149 10.976 16.210 14.048 13.856 14.389 11.961
1966 10.823 12.894 13.893 13.890 12.821 17.918 22.349 24.479 23.636 22.555 21.801 16.203
1967 10.567 8.653 10.211 14.570 16.990 19.131 18.005 19.959 22.221 18.403 14.555 13.722
1968 12.062 9.347 12.548 12.674 15.194 25.595 25.392 21.210 22.049 24.448 21.922 20.437
1969 18.638 14.926 17.519 20.691 22.368 23.874 24.583 28.886 32.270 29.515 28.406 25.320
1970 22.486 19.037 20.937 16.937 20.017 19.738 21.567 21.071 21.988 23.274 25.484 18.747
1971 16.936 14.709 13.234 13.574 14.778 14.951 16.159 16.784 16.343 16.676 20.432 18.145
1972 14.465 14.057 14.544 15.064 13.875 14.587 11.602 9.406 13.669 15.433 16.343 16.948
1973 17.455 16.164 18.792 18.418 19.669 21.079 19.374 19.716 22.504 20.896 20.025 20.481
1974 12.191 10.920 12.681 13.356 14.664 16.151 18.741 19.145 19.201 20.234 19.721 14.901
1975 11.686 9.620 12.627 15.482 18.494 17.200 18.446 14.613 16.146 15.243 15.829 13.150
1976 12.601 7.749 10.444 13.819 12.911 13.394 13.570 14.441 13.368 20.294 23.944 21.996
1977 17.083 18.447 14.976 18.127 19.795 21.545 19.434 20.198 21.745 19.384 18.670 17.099
1978 16.142 12.064 16.735 15.751 20.394 25.131 23.233 22.715 26.982 21.815 19.994 18.907
1979 16.372 15.502 18.195 18.948 20.348 20.872 21.657 21.390 23.362 19.476 23.860 22.152
1980 18.907 16.707 18.907 18.395 20.371 20.004 24.451 25.265 25.979 22.932 26.832 25.658
1981 20.817 17.938 16.872 18.349 23.868 25.482 23.571 20.511 23.622 26.854 30.125 25.427
1982 19.799 17.653 17.546 20.210 22.129 21.639 16.749 15.629 16.244 19.167 17.008 19.572
1983 15.760 13.203 13.462 18.479 17.918 20.580 19.401 20.566 24.013 24.430 22.258 20.934
1984 21.155 18.523 17.193 18.747 21.054 18.537 21.641 19.408 27.803 22.940 23.742 19.256
1985 16.349 17.217 16.058 19.300 20.401 18.671 19.000 18.553 26.708 23.370 27.293 25.983
1986 22.080 19.354 21.055 20.047 26.435 22.404 24.344 21.526 18.846 23.976 21.132 15.929
1987 17.153 12.800 14.612 16.448 21.838 19.875 17.589 24.194 24.204 25.135 28.786 24.880
1988 22.394 23.245 22.324 25.687 25.481 26.612 30.269 29.097 29.552 29.563 26.543 19.454
1989 19.395 15.101 17.157 21.185 22.413 23.438 27.674 23.951 27.977 29.028 23.492 21.972
1990 19.650 20.618 19.441 22.220 24.767 24.768 25.705 25.272 24.464 28.287 26.528 22.047
1991 20.993 17.718 17.803 21.229 23.177 26.583 31.236 29.621 24.588 20.431 21.004 18.022
1992 12.996 16.593 13.858 17.443 20.134 20.999 20.618 23.660 24.454 25.101 19.361 19.528
1993 14.432 9.861 12.847 14.112 14.663 19.485 21.699 19.390 23.067 17.243 23.359 21.386
1994 17.226 19.367 20.401 22.419 24.249 26.909 27.186 25.492 22.853 22.162 23.678 21.385
1995 18.464 22.116 21.737 24.077 26.276 27.149 30.640 38.342 35.920 32.799 33.792 30.206
1996 25.310 23.662 21.902 22.909 23.157 29.347 30.861 31.271 33.331 34.705 31.699 29.694
1997 21.243 19.666 17.073 19.632 21.629 20.735 22.694 19.422 20.483 22.583 23.226 25.144
1998 16.542 19.717 20.488 22.233 22.518 24.875 30.263 32.183 31.896 30.502 30.346 24.580
1999 22.361 18.550 22.127 23.891 24.236 24.033 23.825 22.207 28.807 28.303 25.321 22.965
2000 20.739 20.437 18.125 23.330 22.913 24.120 21.809 28.093 30.257 30.881 32.468 25.505
2001 24.728 21.364 25.171 27.587 29.425 34.677 33.742 30.281 30.449 33.059 32.710 27.446
2002 25.066 22.058 21.638 30.845 33.540 34.182 28.681 28.143 27.434 28.368 32.682 29.285
2003 23.884 24.482 26.126 29.023 30.910 28.832 33.082 34.861 35.678 36.884 35.048 31.747
2004 26.741 27.167 27.446 27.589 27.148 23.795 28.127 26.745 31.495 28.393 31.714 31.414
2005 27.260 25.858 27.072 25.086 27.434 29.116 32.450 32.767 32.523 34.948 35.462 34.873
2006 27.756 21.052 22.399 25.538 29.559 31.379 27.391 26.731 31.643 25.735 28.602 29.729
2007 27.518 23.774 23.255 26.194 29.359 34.903 35.916 35.342 34.241 31.734 28.959 26.729
2008 19.730 18.717 19.783 20.189 20.297 20.805 24.711 27.559 29.719 30.738 32.572 31.870
2009 26.965 20.594 23.826 27.220 30.757 33.006 34.520 35.898 32.874 30.927 31.622 26.885
2010 22.057 20.991 24.724 30.113 33.984 35.229 32.543 29.528 32.480 32.835 32.968 30.993
2011 24.132 20.801 21.973 24.709 26.598 29.736 26.151 24.901 24.743 26.713 29.031 30.251
2012 24.174 20.907 21.018 24.986 28.751 26.866 27.840 26.302 28.796 29.875 33.068 32.320
2013 26.207 25.400 22.884 28.873 32.681 34.231 34.056 38.385 37.920 32.475 34.238 34.315
2014 27.240 22.934 24.430 28.583 34.737 37.766 34.714 39.004 43.778 37.488 38.285 37.228
2015 30.786 27.723 27.069 29.327 30.157 32.602 29.724 31.684 32.616 27.618 32.779 30.639
2016 28.006 27.775 33.443 33.115 34.855 40.449 43.954 40.789 41.709 43.004 40.377 34.647
2017 32.786 28.429 30.693 30.658 33.120 38.052 42.564 44.256 44.696 41.792 40.124 37.346
2018 32.532 24.558 27.479 31.902 33.800 35.424 32.443 35.194 37.394 39.856 39.038 34.496
2019 24.359 18.818 21.641 25.471 31.472 36.479 39.813 39.972 39.998 40.971 36.214 35.733
2020 30.685 31.186 33.085 34.100 35.536 41.455 44.895 47.922 45.933 40.411 36.844 34.288
2021 28.460 23.708 25.604 28.132 31.062 33.144 34.141 38.545 42.196 39.221 41.546 36.119
2022 28.033 25.011 30.327 29.545 33.897 40.403 37.834 40.008 38.712 39.480 42.288 37.575
2023 27.858 24.759 30.038 35.566 36.539 35.558 38.358 37.060 40.507 41.604 39.385 35.426
2024 37.134 31.606 33.372 38.458 41.295 42.631 46.102 47.061 47.021 47.156 47.466 42.799
2025 41.302 33.732 34.041 37.357 39.221 40.734 40.666 43.524 48.454 45.657 44.044 39.319
