1951 2025
1951 0.000 0.000 0.000 0.000 0.000 0.000 0.000 0.000 0.000 0.000 0.000 0.000
1952 0.000 0.000 0.000 0.000 0.000 0.000 0.000 0.000 0.000 0.000 0.000 0.000
1953 0.000 0.000 0.000 0.000 0.000 0.000 0.000 0.000 0.000 0.000 0.000 0.000
1954 0.000 0.000 0.000 0.000 0.000 0.000 0.000 0.000 0.000 0.000 0.000 0.000
1955 0.000 0.000 0.000 0.000 0.000 0.000 0.000 0.000 1.454 0.000 0.000 0.000
1956 0.000 0.000 0.000 0.000 0.000 0.000 0.000 0.000 0.000 0.000 0.000 0.000
1957 0.000 0.000 0.000 0.000 0.000 0.000 0.000 0.000 0.000 0.000 0.000 0.000
1958 0.000 0.000 0.000 0.000 0.000 0.000 0.000 0.000 0.000 0.000 0.000 0.000
1959 0.000 0.000 0.000 0.000 0.000 0.000 0.000 0.000 0.000 0.000 0.000 0.000
1960 0.000 0.000 0.000 0.000 0.000 0.000 0.000 0.000 0.000 0.000 0.000 0.000
1961 0.000 0.000 0.000 0.000 0.000 0.000 0.000 0.000 0.000 0.000 0.000 0.000
1962 0.000 0.000 0.000 0.000 0.000 0.000 0.000 0.000 0.000 0.000 0.000 0.000
1963 0.000 0.000 0.000 0.000 0.000 0.000 0.000 0.000 0.000 0.000 0.000 0.000
1964 0.000 0.000 0.000 0.000 0.000 0.000 0.000 0.000 0.000 0.000 0.000 0.000
1965 0.000 0.000 0.000 0.000 0.000 0.000 0.000 0.000 0.000 0.000 0.000 0.000
1966 0.000 0.000 0.000 0.000 0.000 0.000 0.000 0.000 0.000 0.000 0.000 0.000
1967 0.000 0.000 0.000 0.000 0.000 0.000 0.000 3.569 0.000 0.000 0.000 0.000
1968 0.000 0.000 0.000 0.000 0.000 0.000 0.000 0.000 0.000 0.000 0.000 0.000
1969 0.000 0.000 0.000 11.427 0.741 0.000 0.000 0.000 0.000 0.000 0.000 0.000
1970 0.000 0.000 0.000 0.000 0.000 0.000 0.000 0.000 0.000 0.000 0.000 0.000
1971 0.000 0.000 0.000 0.000 0.000 0.000 0.000 0.000 0.000 0.000 0.000 0.000
1972 0.000 0.000 0.000 0.000 0.000 0.000 0.000 0.000 0.000 13.734 0.000 0.000
1973 0.000 32.747 10.775 0.000 3.898 0.000 0.000 0.733 3.649 0.000 0.000 0.000
1974 0.000 0.000 0.000 0.000 0.000 0.000 0.000 0.000 0.000 0.000 0.000 0.000
1975 0.000 0.000 0.000 0.000 0.000 0.000 0.000 0.000 0.000 0.000 0.000 0.000
1976 0.000 0.000 0.000 0.000 0.000 0.000 0.000 0.906 0.000 0.000 0.000 0.000
1977 0.000 0.000 22.754 0.000 0.000 0.000 0.000 0.000 0.000 32.977 0.000 0.000
1978 0.000 8.527 0.000 0.000 0.000 0.000 0.000 0.000 0.000 0.000 0.000 0.000
1979 0.000 0.000 0.000 0.000 0.000 3.272 15.818 0.000 0.793 0.000 0.000 0.000
1980 0.000 0.000 0.000 16.193 0.000 30.096 3.774 2.505 0.000 11.499 0.000 0.000
1981 0.000 0.000 2.436 15.218 1.520 0.000 0.000 0.000 4.567 6.164 7.671 0.753
1982 0.000 0.000 0.000 0.000 9.344 0.000 0.000 0.000 0.000 0.000 0.000 0.000
1983 17.635 25.948 34.883 57.627 34.632 16.571 23.767 0.000 10.906 24.701 0.000 0.000
1984 0.000 0.000 0.000 0.000 0.000 0.000 0.000 0.000 0.000 0.000 0.000 0.000
1985 0.000 0.000 0.000 0.000 0.000 0.000 0.000 0.000 1.574 0.722 0.000 0.000
1986 0.000 0.000 0.000 15.491 0.000 0.000 1.581 0.000 0.000 14.328 0.000 7.854
1987 6.897 8.162 11.461 45.092 32.106 1.583 0.702 15.825 16.072 30.925 28.599 8.920
1988 7.322 0.000 14.039 37.383 26.225 0.000 7.188 0.000 0.000 2.312 3.231 0.000
1989 0.000 0.000 0.000 0.000 0.000 2.302 0.000 0.000 0.000 7.653 0.000 0.000
1990 0.000 0.000 3.137 12.833 0.000 0.000 0.000 0.000 0.000 12.976 0.000 0.000
1991 0.000 0.000 6.893 5.509 26.852 1.832 2.833 0.000 0.000 0.000 0.000 0.000
1992 0.000 0.000 0.000 0.000 0.000 0.000 3.416 0.000 0.000 0.000 0.000 0.000
1993 0.000 0.000 0.000 2.483 6.269 2.538 0.000 1.682 0.000 0.000 0.000 0.000
1994 0.000 0.000 0.000 0.000 0.000 0.000 0.000 0.000 0.000 0.000 9.349 5.722
1995 1.619 0.000 0.000 7.480 0.000 3.440 0.000 1.419 5.961 6.762 0.000 0.000
1996 0.000 0.000 0.000 0.000 0.000 13.368 0.000 0.000 0.000 0.727 0.000 0.000
1997 0.000 0.000 0.000 0.000 0.000 0.000 0.000 0.000 9.417 64.603 57.011 51.816
1998 62.349 54.174 80.559 71.899 69.221 41.380 10.824 49.437 0.000 6.592 0.000 0.000
1999 0.000 0.000 0.000 0.000 0.000 0.000 0.000 0.000 0.000 0.727 0.805 0.000
2000 0.000 0.000 0.000 0.000 0.000 0.000 0.000 0.000 0.000 1.543 0.000 0.000
2001 0.000 0.000 0.000 21.260 0.000 0.000 0.000 0.000 0.000 19.428 0.000 3.510
2002 0.000 20.890 9.352 5.577 3.510 0.000 0.000 0.000 0.000 3.216 21.911 15.862
2003 12.425 0.000 4.268 13.778 0.000 0.000 28.935 15.646 4.426 17.635 16.338 10.794
2004 0.000 0.000 19.780 7.708 0.000 0.000 0.000 0.000 10.361 5.038 4.088 0.000
2005 0.000 32.193 29.911 50.583 13.374 0.000 1.641 0.000 25.047 32.868 13.119 0.000
2006 0.000 0.000 0.000 10.020 1.717 3.546 0.000 4.920 0.000 47.637 2.499 1.602
2007 22.589 0.000 0.760 12.046 11.033 0.000 5.544 0.000 0.000 0.722 0.000 0.000
2008 0.000 0.000 0.000 0.000 0.000 0.000 0.000 0.000 5.909 48.656 0.881 0.000
2009 0.000 0.786 1.629 0.000 0.000 0.000 1.552 0.689 22.910 9.843 9.459 0.000
2010 22.029 39.172 64.256 74.551 45.548 41.275 26.182 47.021 21.905 0.000 0.000 0.000
2011 0.000 0.000 0.000 0.000 0.000 0.000 0.000 0.000 0.000 0.000 0.000 0.000
2012 0.000 0.000 0.000 4.659 0.000 0.000 0.000 0.000 0.000 0.736 11.779 0.000
2013 2.606 17.559 13.368 8.132 11.758 0.000 0.700 2.594 2.521 0.000 0.000 0.000
2014 0.000 0.000 14.287 1.576 32.246 0.000 4.342 3.312 18.273 10.315 13.967 21.204
2015 0.800 0.000 46.747 12.032 55.093 22.539 0.000 0.000 54.425 72.078 62.125 62.458
2016 39.713 66.735 78.231 68.023 60.564 34.203 8.340 15.783 0.000 12.366 35.877 5.388
2017 0.000 0.000 0.000 23.036 52.349 22.064 11.050 11.475 85.933 38.002 15.104 22.150
2018 0.000 0.000 0.000 0.000 28.152 0.000 0.000 0.000 16.786 46.585 55.310 44.910
2019 52.027 70.615 47.115 63.908 38.347 22.478 0.000 0.000 8.218 33.367 24.312 33.449
2020 40.010 70.384 48.936 60.577 94.876 21.110 18.041 4.801 26.771 38.903 56.231 6.688
2021 0.000 0.000 0.000 8.102 52.614 1.548 0.000 4.213 44.523 16.487 18.093 21.363
2022 0.000 0.000 2.312 0.000 1.707 0.000 14.069 74.157 5.737 47.019 39.991 0.000
2023 0.000 0.000 10.512 7.973 67.020 14.401 24.058 2.591 61.218 109.418 103.590 83.302
2024 49.380 108.697 103.498 103.859 84.341 74.170 22.780 79.250 58.833 32.648 19.132 23.418
2025 2.552 14.128 28.114 51.340 28.941 7.790 0.000 36.323 53.192 54.243 22.490 0.000
