1951 2025
1951 0.111 0.319 -0.841 -0.270 -0.293 -0.285 0.247 -0.179 -0.221 0.709 0.017 0.428
1952 0.045 -0.462 -0.420 0.149 -0.446 -0.377 0.049 -0.132 0.118 -0.029 -0.374 -0.222
1953 -0.193 0.093 0.308 -0.539 -0.413 0.307 0.098 -0.213 0.023 0.575 0.323 0.382
1954 0.007 0.234 -0.097 0.354 -0.268 -0.250 -0.113 -0.693 0.229 0.469 0.145 0.376
1955 -0.563 -0.396 -0.542 -0.080 0.107 -0.123 0.703 0.358 0.248 -0.123 -0.373 -0.370
1956 -0.461 -0.409 0.260 -0.303 0.837 0.469 -0.098 -0.339 0.309 0.634 0.009 0.010
1957 0.233 -0.522 -0.615 0.074 -0.372 -0.330 -0.454 -0.108 -0.085 0.593 -0.053 0.144
1958 -0.473 -0.667 -1.062 0.070 0.050 -0.326 -0.466 -0.711 0.130 0.564 0.356 -0.509
1959 -0.768 0.860 0.338 0.021 0.092 0.208 0.156 -0.394 0.451 0.375 -0.160 0.377
1960 -0.662 -0.884 -0.256 0.262 0.077 -0.048 -0.231 -0.875 0.405 -0.156 -0.148 0.114
1961 -0.255 0.501 0.194 -0.421 0.229 0.527 -0.069 -0.007 0.672 0.501 0.079 -0.419
1962 0.073 0.081 -1.277 0.433 0.269 0.180 -0.435 -0.234 0.359 0.394 -0.134 -0.344
1963 -0.945 -0.188 0.069 -0.250 0.842 0.142 -0.043 -0.223 0.696 0.801 -0.288 -0.539
1964 -0.055 -0.080 -0.046 0.184 0.808 0.678 0.881 -0.802 0.355 0.589 -0.217 -0.083
1965 -0.292 -0.651 -0.348 0.334 0.111 0.158 0.005 -0.088 0.416 0.568 -0.891 0.240
1966 -0.676 -0.720 -0.031 -0.119 0.572 0.815 0.051 -0.695 0.177 0.070 -0.052 0.151
1967 -0.295 0.532 0.423 0.218 -0.002 0.573 0.324 0.372 0.466 0.567 0.417 -0.300
1968 -0.217 -0.354 0.103 -0.264 -0.172 0.274 -0.359 -0.285 -0.336 -0.214 -0.341 -0.446
1969 -0.772 -0.750 -0.505 0.287 0.113 0.201 0.402 -0.404 0.725 0.389 -0.257 -0.163
1970 -0.815 -0.345 -0.517 -0.229 0.423 0.911 0.095 0.045 0.200 0.232 -0.210 -0.171
1971 -0.431 -0.196 -0.458 -0.116 0.465 -0.473 -0.066 0.506 0.351 0.523 0.017 0.221
1972 0.096 0.209 0.080 0.104 0.398 0.439 0.107 0.379 0.143 0.492 -0.062 0.150
1973 0.126 0.359 0.188 -0.345 0.071 0.317 0.335 -0.025 -0.006 0.017 -0.590 -0.054
1974 0.118 -0.124 0.109 0.309 0.078 0.531 -0.087 -0.390 0.645 0.179 0.034 0.611
1975 0.335 -0.019 -0.190 -0.404 0.042 -0.219 0.504 0.106 0.640 0.258 0.169 0.343
1976 -0.186 0.463 0.157 -0.022 0.385 0.416 0.110 0.850 -0.157 0.409 0.204 -0.378
1977 -0.972 -0.314 -0.288 0.202 -0.125 -0.214 -0.370 -0.465 0.095 0.227 -0.032 -0.219
1978 -0.175 -0.855 0.144 -0.210 0.216 0.451 -0.421 0.059 0.218 0.649 0.961 -0.475
1979 -0.778 0.130 -0.281 -0.418 -0.227 0.467 0.115 0.008 0.351 0.025 0.154 0.400
1980 -0.637 -0.125 -0.356 0.253 -0.541 0.115 -0.208 -0.270 0.184 -0.399 -0.179 0.037
1981 -0.225 0.124 -0.753 0.028 0.130 -0.302 0.149 0.219 -0.287 -0.465 -0.108 -0.276
1982 -0.428 0.309 0.240 0.249 -0.089 -0.502 0.374 -0.027 0.554 0.084 0.250 0.360
1983 0.349 -0.158 0.110 -0.292 0.006 0.653 0.215 0.425 -0.302 0.433 -0.280 -0.141
1984 0.350 -0.025 -0.159 -0.048 0.357 0.057 0.058 0.442 0.282 0.095 -0.035 0.109
1985 -0.880 -0.266 0.173 0.145 -0.049 -0.181 -0.066 -0.203 -0.121 0.522 -0.421 -0.467
1986 0.069 -0.457 0.820 -0.038 0.214 0.710 0.247 -0.069 -0.295 0.780 0.508 0.194
1987 -0.272 -0.362 -0.180 0.356 0.283 -0.537 0.074 -0.279 -0.333 0.303 0.153 -0.083
1988 0.212 -0.190 -0.052 -0.337 -0.322 0.399 -0.324 -0.049 -0.212 0.114 -0.130 0.523
1989 0.728 0.910 0.637 0.089 0.385 0.471 0.558 -0.007 0.590 0.279 0.281 -0.395
1990 0.255 0.619 0.633 0.671 -0.104 -0.018 0.224 -0.056 0.298 0.371 0.051 0.376
1991 0.209 0.133 -0.185 0.150 -0.024 -0.134 -0.028 0.469 0.180 0.091 0.208 0.560
1992 -0.036 0.297 0.157 0.366 1.180 0.435 0.339 0.335 0.039 -0.269 0.218 0.258
1993 0.681 0.173 0.485 0.202 -0.410 -0.243 -0.721 -0.140 -0.053 -0.191 1.073 0.321
1994 -0.103 0.076 0.573 0.151 -0.006 0.559 0.523 0.434 -0.179 0.026 0.435 0.615
1995 -0.100 0.285 0.228 -0.629 -0.364 0.287 -0.156 0.186 0.228 0.107 -0.577 -0.352
1996 -0.232 0.010 -0.138 -0.210 -0.083 0.447 0.537 0.443 -0.143 0.125 -0.373 -0.600
1997 -0.236 0.626 0.195 -0.101 -0.227 -0.340 0.120 0.470 0.177 -0.274 -0.258 -0.066
1998 -0.334 0.067 0.019 -0.488 -0.023 -0.913 -0.379 -0.089 -0.565 -0.106 -0.553 0.317
1999 0.178 -0.134 -0.399 -0.308 0.039 0.569 -0.274 -0.176 0.143 0.144 0.182 0.384
2000 0.212 0.278 -0.162 0.025 0.543 0.173 -0.124 -0.136 0.035 0.500 -0.275 -0.389
2001 -0.051 -0.084 -0.530 0.075 0.047 0.130 -0.017 -0.053 -0.063 0.064 0.235 -0.211
2002 0.107 0.386 -0.147 0.578 -0.014 0.263 0.183 -0.130 -0.264 -0.626 -0.272 -0.331
2003 -0.294 0.352 0.179 -0.026 0.232 0.015 -0.103 -0.007 -0.029 -0.545 0.221 0.209
2004 -0.505 -0.376 0.093 0.051 -0.148 -0.339 0.271 -0.184 0.047 -0.263 0.190 0.482
2005 0.093 -0.315 -0.671 -0.095 -0.549 -0.311 -0.186 -0.094 0.091 -0.114 -0.180 -0.199
2006 0.278 -0.307 -0.903 0.072 -0.303 0.478 0.177 -0.179 -0.443 -0.779 0.019 0.613
2007 0.223 -0.560 0.486 0.053 0.196 -0.557 -0.445 -0.334 0.256 0.116 -0.019 0.145
2008 0.288 0.199 -0.029 -0.358 -0.617 -0.322 -0.369 -0.407 0.256 0.277 -0.172 0.031
2009 -0.048 -0.267 -0.034 0.097 0.483 -0.388 -0.903 -0.262 0.345 -0.468 0.092 -0.997
2010 -0.489 -1.342 -0.687 -0.428 -0.760 -0.561 0.046 -0.543 -0.234 -0.327 -0.462 -0.986
2011 -0.578 0.261 0.276 0.959 -0.139 -0.687 -0.611 -0.764 0.260 0.280 0.547 0.829
2012 0.160 0.017 0.210 -0.128 -0.322 -0.772 -0.381 -0.226 -0.038 -0.458 -0.315 -0.245
2013 -0.150 -0.195 -1.288 0.236 0.223 0.529 0.125 0.304 0.074 -0.336 0.490 0.115
2014 -0.241 -0.156 0.096 0.221 -0.007 -0.244 -0.113 -0.522 0.316 -0.385 0.129 0.262
2015 0.293 0.556 0.360 0.060 0.161 -0.110 -1.009 -0.401 -0.263 0.092 0.611 0.635
2016 -0.300 -0.335 -0.033 -0.254 -0.367 -0.106 -0.499 -0.168 0.003 -0.062 -0.345 0.219
2017 0.063 0.202 0.472 0.187 -0.520 -0.021 0.222 -0.125 -0.249 -0.200 -0.396 0.042
2018 0.059 -0.013 -0.650 0.205 0.566 0.137 0.424 0.215 0.308 -0.064 -0.100 0.326
2019 -0.046 0.290 0.341 0.196 -1.067 -0.606 -0.616 -0.553 -0.246 -0.481 0.017 0.165
2020 0.420 0.665 0.546 -0.009 -0.437 -0.093 -0.640 -0.396 0.262 -0.559 0.822 -0.065
2021 -0.551 -0.513 0.148 -0.340 -0.352 0.333 0.016 -0.337 -0.189 -0.619 -0.202 -0.038
2022 0.048 0.409 -0.089 -0.224 0.286 -0.198 -0.158 0.152 -0.448 -0.108 0.195 -0.406
2023 0.003 0.295 -0.440 -0.152 0.508 -0.081 -0.901 -0.476 -0.222 -0.626 -0.030 0.269
2024 -0.059 0.031 -0.334 -0.275 -0.113 -0.576 0.254 0.103 -0.511 -0.338 -0.115 0.250
2025 -0.205 -0.289 -0.163 0.001 0.037 -0.071 0.131 -0.121 -0.306 -0.316 -0.399 -0.189
