1951 2025
1951 16.574 15.097 16.094 17.752 22.448 26.258 28.883 26.422 25.462 25.072 20.736 18.263
1952 14.428 16.618 13.658 15.813 19.757 26.469 31.673 26.221 28.732 28.224 22.878 19.150
1953 14.853 17.256 13.899 19.995 21.285 23.288 30.240 27.400 28.626 25.437 22.663 20.000
1954 14.733 14.548 14.538 15.641 -999.000 27.051 33.252 28.844 32.212 26.750 21.408 18.139
1955 17.744 16.249 15.515 16.463 24.140 24.920 30.567 30.981 31.415 30.683 20.683 15.543
1956 15.215 14.243 14.542 16.415 22.381 28.401 32.767 28.524 28.897 19.964 23.449 17.789
1957 14.719 14.439 14.080 15.567 15.000 24.927 30.005 30.975 26.259 26.064 22.398 18.800
1958 16.395 13.492 15.659 17.662 22.503 24.564 28.637 30.022 28.919 30.656 23.501 19.160
1959 13.915 14.541 17.888 16.043 16.662 25.353 31.607 31.106 29.728 24.089 22.920 20.773
1960 16.118 15.994 13.034 16.174 19.152 26.003 29.890 31.923 30.477 27.828 19.772 20.604
1961 16.113 16.359 14.874 15.250 22.034 28.409 32.369 31.054 31.683 21.571 21.097 16.292
1962 14.118 14.629 14.828 14.519 21.997 26.380 28.866 32.273 29.257 28.812 23.266 16.048
1963 14.467 14.347 13.684 13.705 18.535 27.213 33.942 31.245 28.077 29.872 17.882 19.615
1964 16.321 16.746 13.027 14.423 15.754 26.164 32.617 35.387 30.440 29.374 19.364 17.931
1965 16.330 15.667 14.604 13.990 25.538 24.786 28.039 31.014 28.711 30.123 21.499 18.540
1966 16.774 13.464 14.409 14.299 15.628 25.448 29.449 32.395 30.641 20.448 20.680 18.430
1967 18.171 15.020 14.684 15.691 15.619 25.000 33.204 32.818 30.706 27.654 -999.000 16.113
1968 15.109 12.704 14.744 13.293 15.117 24.864 32.015 30.202 28.961 29.272 20.000 14.471
1969 16.249 14.517 15.610 15.322 23.687 23.025 28.978 28.856 29.032 24.942 22.216 20.067
1970 13.130 14.329 -999.000 17.010 17.610 26.504 31.963 34.374 29.745 22.423 19.006 18.760
1971 13.651 15.394 15.753 16.627 19.099 27.435 31.839 36.194 30.000 26.709 -999.000 18.230
1972 15.756 13.255 13.778 12.600 16.695 21.723 33.357 30.623 27.500 23.784 21.977 18.593
1973 14.426 15.612 15.863 20.801 18.228 27.062 31.400 32.991 27.691 25.000 20.698 21.149
1974 -999.000 15.695 15.086 17.480 19.808 24.862 33.341 29.910 24.818 25.782 23.406 -999.000
1975 16.979 14.730 14.015 15.304 19.973 25.146 30.480 33.714 30.521 28.335 21.573 18.290
1976 17.223 14.293 15.678 17.351 19.194 21.615 31.746 30.882 30.248 25.217 24.123 17.944
1977 14.949 17.199 17.025 17.473 18.093 25.730 31.503 30.710 29.102 24.259 22.749 16.209
1978 14.900 15.130 13.595 17.337 16.797 27.308 32.189 31.974 28.844 25.376 21.608 18.723
1979 14.378 12.679 14.492 19.902 20.626 24.815 28.125 31.034 29.061 25.689 24.639 17.004
1980 12.799 14.299 16.166 16.956 21.277 23.571 29.582 29.563 28.170 24.718 22.242 15.135
1981 15.668 15.127 16.356 17.619 20.492 27.342 30.733 30.359 29.491 22.947 22.306 18.631
1982 13.877 13.488 15.003 17.622 21.099 25.568 28.568 27.273 29.805 23.717 21.935 19.829
1983 15.566 13.840 14.349 15.886 19.052 23.893 28.634 26.794 27.832 25.503 22.457 17.956
1984 15.702 16.974 16.384 18.588 23.802 29.971 37.612 33.129 25.940 26.083 22.326 17.615
1985 15.127 15.200 17.173 13.521 19.133 26.059 30.697 32.441 27.319 24.148 20.000 19.723
1986 16.647 13.605 14.871 17.483 17.437 27.877 29.967 31.358 27.592 23.061 22.000 18.956
1987 16.882 14.503 15.493 16.853 18.193 20.926 26.396 27.427 28.368 23.128 21.167 19.384
1988 17.792 15.000 16.889 16.400 20.959 26.201 32.063 27.742 30.673 25.739 20.926 20.095
1989 18.981 16.266 14.303 16.349 22.288 25.358 31.112 31.856 30.426 26.660 20.000 17.677
1990 16.359 12.726 14.512 14.909 19.789 25.851 31.469 29.344 28.973 24.029 21.203 19.279
1991 15.000 13.767 17.037 18.988 20.763 24.030 28.519 30.290 29.063 28.546 22.844 19.158
1992 17.283 12.557 17.583 15.000 12.914 24.465 27.587 31.431 28.664 -999.000 24.728 17.500
1993 14.238 14.676 18.167 17.051 18.539 22.283 30.090 29.768 28.071 25.671 22.103 20.315
1994 15.057 14.388 15.093 15.049 21.762 24.541 32.928 30.388 28.316 28.424 20.156 19.427
1995 15.765 13.059 13.405 18.501 19.254 23.796 28.190 32.145 25.895 25.650 19.443 16.888
1996 15.628 14.825 14.264 17.500 20.223 22.574 31.173 29.197 26.125 23.088 22.771 16.746
1997 13.896 16.366 14.482 18.023 18.650 24.338 29.039 25.140 26.437 21.626 19.456 17.166
1998 15.855 14.497 15.493 17.156 16.487 26.277 28.575 30.699 29.819 25.362 22.235 19.700
1999 16.213 18.542 15.878 18.757 23.589 28.365 32.892 27.673 29.682 26.362 20.000 18.483
2000 15.365 17.822 17.439 17.114 21.993 27.923 32.134 32.918 30.457 25.431 22.713 19.119
2001 17.399 17.350 15.000 16.765 18.303 26.447 29.519 32.761 32.167 24.202 21.528 17.972
2002 15.646 16.312 16.185 16.593 17.564 26.611 30.641 31.863 27.690 23.538 20.505 17.725
2003 15.479 15.000 14.944 16.891 20.175 24.001 28.359 30.293 28.198 24.737 20.774 18.574
2004 14.733 15.871 15.530 16.802 21.832 25.658 28.999 28.082 29.905 25.573 22.234 17.728
2005 15.218 14.440 16.107 16.269 17.168 25.688 30.043 28.153 29.791 28.059 18.885 17.264
2006 17.220 17.475 12.923 16.334 20.840 25.352 30.079 30.626 29.674 24.866 18.692 20.343
2007 16.882 12.543 15.000 18.481 18.043 25.614 28.536 31.866 32.786 28.146 23.356 18.682
2008 17.355 14.721 17.640 18.740 23.014 27.179 32.641 31.432 28.413 26.098 21.554 18.689
2009 16.041 16.785 15.755 18.979 21.501 24.841 29.470 30.943 29.277 24.467 21.263 16.841
2010 15.484 13.227 17.310 15.760 16.951 24.427 29.874 32.530 28.089 28.148 20.469 15.585
2011 15.254 13.052 17.780 16.716 21.513 27.846 33.786 31.398 30.293 27.159 21.128 19.698
2012 14.157 16.862 14.950 15.878 23.222 27.072 31.873 27.682 30.407 24.541 17.434 16.392
2013 14.912 16.676 15.869 15.583 19.735 25.879 27.008 28.980 30.903 28.643 19.494 16.562
2014 15.800 14.244 15.290 18.588 19.505 24.863 27.048 30.287 26.684 24.820 20.459 17.987
2015 15.680 12.429 15.945 17.717 19.508 24.837 30.533 28.054 24.526 23.211 21.819 18.553
2016 15.557 15.672 12.434 17.809 16.593 24.561 30.171 29.278 29.830 26.182 22.621 19.519
2017 15.875 15.448 14.840 17.945 17.880 25.042 28.759 28.443 27.151 26.666 20.799 20.219
2018 17.115 16.894 14.327 16.991 21.115 27.279 35.280 31.748 27.535 24.436 19.707 20.227
2019 16.841 17.189 17.174 17.007 17.681 22.674 29.293 27.527 30.881 25.245 21.973 19.319
2020 16.651 16.913 15.693 17.582 18.870 26.351 30.217 32.876 27.635 24.535 22.594 19.955
2021 19.648 17.898 16.306 17.550 21.721 25.368 32.961 32.450 30.658 24.564 20.872 17.917
2022 14.940 17.026 18.036 19.182 19.231 26.381 30.031 31.862 29.916 25.626 20.947 20.308
2023 17.500 18.107 13.756 15.743 16.578 24.720 30.272 29.453 29.332 22.731 20.988 19.252
2024 14.460 13.704 14.837 15.758 18.608 25.031 31.244 31.215 29.574 24.533 21.378 19.994
2025 17.857 16.199 16.091 18.494 20.843 27.260 29.627 29.440 28.493 25.417 22.098 17.466
