1951 2025
1951 5829.679 5842.553 3789.105 3405.756 3042.935 2346.183 1705.969 1968.729 2758.237 5081.599 5634.268 5098.554
1952 4685.091 6341.354 4862.225 4419.364 2987.319 2829.662 1571.824 1793.503 2808.882 4696.540 5737.044 6830.258
1953 5332.154 6678.020 5478.167 3752.317 3009.298 2042.373 1688.569 2347.342 3125.469 5431.933 6436.524 6534.876
1954 4742.191 6631.803 4585.755 2554.170 3301.124 2914.923 1996.738 1991.454 2880.644 4969.333 5905.245 6043.134
1955 5796.057 4953.903 4267.857 4245.742 3654.986 2804.412 1911.806 2465.518 3250.945 5785.342 4778.348 4426.284
1956 4043.833 5223.414 5407.003 3699.326 3468.348 2668.799 1783.975 2322.177 3207.867 5349.202 5133.316 4900.655
1957 3611.683 4342.753 5023.749 3371.411 2699.209 2676.417 1920.090 2341.987 3110.383 4533.544 5043.130 6192.909
1958 5721.493 5239.496 4238.285 3714.303 3516.331 2183.769 2025.423 2225.503 3764.753 5323.116 5784.510 4843.792
1959 3384.181 5535.399 5589.597 2955.901 2648.238 2637.096 2092.716 1916.346 3296.054 4890.905 4952.390 6596.098
1960 4915.046 5412.298 4134.725 3942.441 3231.306 2774.308 1772.674 2278.636 3306.785 5245.928 5498.390 5228.238
1961 5044.241 6086.552 5797.193 2941.657 2849.314 2394.161 1865.749 2537.688 3322.269 5063.939 5980.962 4874.519
1962 3882.833 4793.189 4367.058 2856.648 2957.719 2224.058 1815.281 2570.701 3770.929 5425.996 6048.445 4762.301
1963 3297.278 5018.447 4699.635 3320.895 3065.409 3230.368 2027.749 2315.148 3745.330 5898.478 5453.748 5342.710
1964 6546.222 6527.484 5292.210 4249.954 2834.641 2487.535 2659.818 2632.390 3529.181 5205.629 4794.308 5226.162
1965 4736.948 5438.547 4065.100 3341.403 3475.764 3218.679 1925.757 2522.924 2774.189 5992.579 4936.481 5692.016
1966 5256.929 5774.253 4852.338 2980.933 3412.914 3161.816 2025.194 2490.027 3769.701 4991.305 4261.216 5489.194
1967 5955.250 6355.963 4508.516 3269.560 2234.871 2267.086 2146.513 2819.408 4119.433 5759.399 5575.058 5055.201
1968 3944.178 5485.594 4987.181 3831.429 2554.714 2820.196 1878.189 2207.455 3441.879 6047.522 6011.042 5107.170
1969 4366.148 6456.894 4893.315 4187.721 3187.237 2485.655 2297.257 2613.031 3452.596 4785.497 5445.511 6292.829
1970 4267.104 5503.236 5089.641 4148.456 2693.047 2942.022 2522.597 2587.780 3373.969 5106.789 4363.463 5700.097
1971 3997.872 5636.173 5643.226 3903.051 3926.239 2622.732 1690.362 2700.327 3446.444 5280.065 5496.194 5402.913
1972 4937.303 4826.159 4918.781 3694.016 2888.684 3056.379 1504.309 2516.367 2911.696 4887.324 5746.246 4728.257
1973 6059.804 5720.840 5665.735 3200.028 3628.296 3028.453 2338.619 2610.362 3891.813 5140.069 4418.953 5993.675
1974 3625.301 5985.938 5173.362 3883.829 3426.353 3020.364 2273.622 2026.915 2590.938 5107.933 6402.016 7014.159
1975 5580.346 5975.575 4987.469 3465.729 3254.023 2630.670 2138.149 2374.814 3196.550 5268.194 5886.729 6009.475
1976 5300.311 5746.881 5568.029 4448.979 3681.883 2588.737 2729.178 2804.275 3862.317 5286.714 5550.603 5576.082
1977 4293.128 6656.139 5519.807 3675.564 3431.866 2390.741 1567.526 1749.602 3173.417 5627.076 5433.051 4973.220
1978 4610.568 6508.233 4598.596 3408.519 2751.387 2572.595 1714.215 2535.049 3488.007 5144.370 4869.892 5858.168
1979 4395.385 4793.075 4402.324 3300.231 3203.832 2401.612 1857.925 2097.366 3445.668 5350.527 5263.534 5742.833
1980 3853.234 6040.739 5447.547 4606.841 3133.303 2218.287 1811.750 2376.583 3360.757 5343.691 5832.830 4294.030
1981 5610.378 5353.782 5310.267 3402.895 2812.553 2881.500 1988.534 2414.176 3460.245 4023.301 5821.394 5922.907
1982 4288.463 4018.824 4849.768 3616.867 3221.680 2931.166 2081.759 2147.760 3161.270 4676.627 5488.686 5936.270
1983 5753.849 6769.258 5425.285 3369.087 2961.771 3239.660 2152.907 2327.255 3553.577 5207.003 6098.402 4138.513
1984 4562.095 6442.056 5176.178 4002.948 3633.894 2744.406 1947.198 2403.204 3361.049 4367.857 6225.738 5167.540
1985 4580.990 4899.295 5902.787 3830.905 3338.043 2889.841 1569.611 2301.502 3644.420 5145.775 3951.380 4877.053
1986 5638.376 5460.125 5424.783 3503.921 3176.615 3044.852 1869.624 2705.916 3001.716 4933.799 4650.589 6041.086
1987 6034.423 6102.429 4923.750 4441.541 3186.046 2797.527 1765.639 1756.928 3931.460 4942.352 5509.920 6167.609
1988 5221.153 5804.418 5080.872 3902.597 2956.531 2874.814 1804.973 2651.085 3488.916 4772.804 5700.687 5532.266
1989 6283.310 3889.210 3896.964 2924.795 2504.139 2319.352 1878.449 2079.379 3039.688 4676.440 5328.212 4261.906
1990 5624.174 5673.954 4618.734 2334.777 2926.912 2555.657 1775.781 2152.581 3793.677 5260.436 4674.922 4751.295
1991 3739.527 5577.327 5314.244 3993.471 3096.334 2147.665 1699.039 2308.252 3516.285 4212.241 5045.966 6603.592
1992 6299.341 5223.047 5414.641 3093.462 3338.857 3071.182 1979.930 2854.576 3730.964 5450.866 5599.736 5254.349
1993 5406.295 5253.945 5746.224 3932.317 2853.948 2679.349 1557.885 2400.374 3361.517 4834.600 5462.293 5931.500
1994 3741.649 4360.318 5536.550 3408.140 3465.767 2535.696 1971.316 2222.716 3498.222 5290.100 5615.572 6828.608
1995 5029.264 4571.190 4303.423 3320.176 2629.135 2693.488 1766.989 2522.607 3165.743 5155.244 3766.448 5517.348
1996 4294.069 5959.252 3997.861 4012.064 2689.720 2669.791 2186.932 2389.477 3094.163 4812.417 4309.667 4681.562
1997 4979.599 5514.023 4618.907 3684.517 2887.346 2703.256 2037.475 2067.906 3494.586 4627.081 5645.322 6296.688
1998 5027.266 6995.974 5034.669 3766.045 3227.448 1984.605 1512.102 2669.177 3364.820 4682.504 5362.183 5086.766
1999 5147.211 7473.319 5819.437 3367.760 2873.618 2779.317 1578.054 2357.230 3639.590 4790.585 5676.803 5372.600
2000 4799.893 6260.951 5490.817 3163.131 3091.656 2598.485 1691.448 2016.295 3356.369 5273.813 5449.392 5032.892
2001 5798.491 5675.300 4660.752 3423.016 3132.151 2386.526 1729.922 2311.853 3723.299 5095.449 5598.781 6170.982
2002 4761.718 5955.334 3791.909 2591.435 2601.358 2868.457 2035.681 2143.575 3245.617 4179.237 4886.052 6347.965
2003 4562.854 4749.741 4574.136 3521.536 3007.508 2559.737 1581.940 2334.158 3210.436 4267.522 4702.114 6414.103
2004 3616.990 5880.281 4658.160 3389.443 2110.662 1709.297 1812.811 1785.588 3406.281 4850.690 5401.359 5109.047
2005 3761.962 5307.208 4701.681 3065.827 2673.273 2292.942 1811.068 1833.185 3280.558 5133.208 4196.771 5513.824
2006 5418.462 5415.725 4295.572 3608.763 2434.218 2263.849 1886.470 1956.645 2677.672 4246.026 3729.634 6966.997
2007 5356.483 4710.998 4580.145 3882.769 2578.570 2007.142 1596.226 1799.196 3290.912 5125.051 5161.335 5311.954
2008 5533.255 5891.674 4375.062 2666.624 2709.090 2488.728 1989.345 2241.992 2766.589 5136.434 4996.575 3819.724
2009 4222.459 5203.913 4161.351 3344.005 2279.782 2397.808 1647.316 2305.242 3341.960 4119.639 6185.887 4172.631
2010 5039.252 5201.590 5917.009 4082.604 2003.411 2425.701 1612.675 1872.786 2930.010 5205.961 4187.839 3803.809
2011 4262.012 4583.263 5311.635 3686.926 3036.194 2521.769 1794.562 2308.843 3972.727 5365.100 5688.570 5834.838
2012 5259.270 6142.952 5762.412 2614.731 2745.666 2426.794 1730.130 2089.181 3431.095 3499.544 3687.898 5284.214
2013 4051.453 5823.482 3838.226 2030.973 2520.492 2060.987 1220.648 2157.337 3334.714 4311.856 4149.868 3460.984
2014 4531.901 3902.392 4661.428 3858.746 1966.854 2214.282 1487.943 1968.233 3063.171 4572.344 4335.919 5045.869
2015 3635.284 3936.352 4515.335 3688.108 2566.388 2196.300 1832.688 1954.811 3026.732 4433.333 5176.236 6341.012
2016 5264.964 5704.991 4681.411 3226.919 1922.808 2140.989 1428.687 1588.437 3249.643 4767.908 5607.525 4898.098
2017 4637.269 4937.481 4489.579 3395.994 2918.497 2879.007 1765.653 2209.282 3058.525 4608.805 3795.671 4459.702
2018 3980.474 3898.427 3910.009 3127.329 2943.311 2633.040 1521.795 2240.581 1892.224 4142.884 4200.510 6020.535
2019 4825.767 5077.041 4651.992 3237.392 2281.401 1688.174 1620.808 1641.364 3077.297 4053.856 4224.327 5510.165
2020 4997.065 5818.399 3942.450 3130.768 2667.838 2399.573 1495.216 2457.787 2938.849 3795.943 5351.288 6209.024
2021 5336.791 4839.624 4859.938 2302.914 2535.282 2499.195 1617.850 2305.826 3769.356 5308.857 4888.579 4734.559
2022 3846.808 4629.564 4279.649 3300.213 2559.139 2285.707 1638.553 1940.171 3055.722 4497.882 3996.823 4222.080
2023 4732.483 5685.014 4065.707 3135.852 2752.062 2628.040 1108.552 2010.934 3203.494 3864.324 4775.573 5957.846
2024 4318.657 5360.316 4660.342 2998.426 2559.293 2147.055 1676.853 2465.028 3355.417 4349.146 4306.206 5336.437
2025 4018.514 4651.159 4617.578 2546.302 2923.492 2066.569 1345.281 1995.633 3347.944 5191.043 4861.436 3791.566
