1951 2025
1951 60.403 80.758 100.141 101.916 99.584 26.405 52.818 42.968 81.563 94.157 116.010 88.823
1952 121.289 96.696 74.085 124.819 92.703 46.773 26.802 19.146 57.176 87.816 93.989 103.789
1953 75.653 99.217 116.287 113.076 101.661 51.896 63.261 38.498 71.477 121.932 113.193 94.882
1954 62.063 92.799 91.417 99.930 72.793 38.982 28.035 26.063 19.477 72.652 74.683 49.763
1955 66.200 55.262 67.716 73.583 58.673 13.773 31.957 27.040 64.710 69.344 61.519 34.801
1956 27.118 28.702 78.597 83.370 38.938 39.339 14.168 12.823 34.560 78.992 87.334 68.049
1957 67.540 66.354 62.495 108.922 113.904 49.590 37.077 37.099 62.097 92.579 109.395 106.100
1958 76.335 89.759 92.006 115.037 106.393 61.696 30.790 51.145 60.041 88.813 92.237 89.868
1959 73.627 77.651 98.333 109.015 89.873 64.818 32.023 21.978 41.146 81.107 104.543 110.166
1960 51.480 54.178 54.944 100.106 69.555 45.218 53.242 34.859 50.176 78.321 106.074 103.937
1961 61.996 50.577 81.070 76.587 66.575 35.168 16.983 18.007 28.964 59.780 69.347 26.353
1962 45.350 40.406 56.687 62.514 61.760 14.447 3.155 35.008 27.280 72.307 95.347 55.076
1963 21.150 37.655 50.135 57.199 57.465 40.057 22.265 33.546 57.074 84.994 81.439 63.409
1964 83.449 63.591 91.051 88.616 64.293 39.027 48.461 21.144 38.852 71.984 59.622 54.461
1965 41.326 19.825 62.226 88.072 72.993 48.662 37.146 63.573 69.088 101.115 105.128 90.279
1966 76.879 76.537 68.851 107.634 108.597 82.833 52.025 65.867 76.153 111.463 108.505 76.783
1967 70.231 69.193 56.761 92.131 86.236 62.008 48.349 42.666 77.105 97.245 84.063 79.538
1968 37.867 41.630 69.165 102.077 88.656 74.444 67.193 59.071 84.848 104.759 110.797 81.027
1969 42.565 103.300 106.265 144.430 110.832 86.658 62.399 85.622 69.240 109.459 114.502 105.331
1970 70.340 82.439 98.656 126.609 108.006 83.280 64.926 56.439 65.804 87.625 79.630 89.922
1971 47.017 26.732 71.032 62.438 65.704 35.855 32.060 48.051 64.970 75.506 77.236 70.540
1972 60.673 43.684 85.001 89.360 100.880 75.642 41.720 52.193 93.462 135.637 108.642 121.375
1973 117.484 112.102 114.678 133.824 109.883 73.304 40.819 50.484 83.211 90.876 79.189 84.150
1974 33.303 57.650 66.811 83.314 69.577 44.823 47.234 36.705 75.396 66.992 80.649 87.916
1975 62.025 61.917 83.428 107.865 80.224 29.793 56.365 41.399 69.946 70.499 89.649 73.535
1976 31.369 44.041 56.802 93.952 74.776 59.449 57.567 62.153 88.270 123.723 116.059 105.495
1977 81.970 112.104 140.618 107.756 105.383 95.515 64.391 82.418 95.457 146.654 136.166 92.786
1978 76.809 81.382 85.443 114.212 106.054 75.785 62.228 50.166 81.988 115.752 127.097 109.194
1979 95.827 78.517 116.358 131.010 130.920 117.499 107.445 83.321 122.340 145.056 140.364 93.486
1980 81.549 76.773 96.263 140.490 133.489 97.016 81.783 91.027 112.270 130.090 121.406 97.031
1981 42.582 82.839 88.734 124.682 115.310 70.752 80.906 67.230 110.285 128.912 111.636 115.962
1982 85.561 73.072 105.869 114.241 142.378 102.822 81.359 77.080 108.501 130.887 119.877 125.987
1983 95.066 85.062 124.216 150.891 142.283 115.990 113.209 106.351 116.178 114.346 120.648 117.810
1984 75.415 80.454 105.106 108.634 104.375 59.294 69.771 60.396 98.949 110.919 109.384 93.010
1985 60.542 50.976 121.841 102.254 95.971 62.770 73.455 71.089 97.229 109.876 113.603 109.840
1986 97.952 63.165 91.985 121.888 100.408 79.050 88.566 76.207 112.913 139.325 117.473 107.668
1987 112.186 83.823 66.748 144.964 148.405 107.284 109.064 107.818 138.141 147.271 141.533 136.562
1988 118.185 95.231 119.292 148.523 122.749 95.281 96.401 106.629 110.742 101.020 104.347 105.637
1989 105.019 111.089 68.903 129.923 103.018 90.272 86.710 72.341 103.175 113.556 124.228 83.240
1990 116.952 57.895 91.081 115.594 107.016 91.464 80.895 96.219 112.077 130.800 128.660 118.513
1991 92.900 115.761 119.546 125.122 152.380 108.348 79.062 81.467 125.918 101.746 133.465 91.329
1992 80.179 57.371 148.720 132.518 115.832 81.119 86.195 84.468 90.718 102.740 99.847 87.012
1993 87.982 54.547 90.125 119.243 121.045 106.782 80.659 94.092 102.520 134.753 120.767 127.900
1994 104.291 80.639 115.150 116.997 122.060 75.924 54.180 75.327 104.009 123.333 104.101 105.926
1995 82.634 74.055 111.775 123.303 106.351 103.073 73.807 93.739 110.431 118.180 105.340 104.029
1996 71.639 65.439 94.353 103.873 115.865 99.090 72.468 89.515 81.647 113.944 101.812 107.829
1997 51.715 72.157 101.091 76.834 125.282 105.287 89.481 98.102 137.904 153.565 143.064 141.521
1998 139.246 127.575 141.082 163.955 155.084 126.026 107.621 128.310 125.715 131.705 116.383 127.942
1999 83.368 117.391 95.335 110.321 92.307 77.444 61.857 79.532 90.982 101.578 118.897 102.568
2000 77.851 71.451 92.145 106.972 100.206 71.738 55.022 65.695 94.647 102.134 119.599 124.091
2001 103.617 97.884 84.824 139.023 102.689 71.463 69.710 81.465 104.780 129.086 120.797 122.030
2002 75.274 124.892 101.998 110.688 98.403 94.613 87.995 75.588 102.401 131.452 137.212 121.504
2003 129.574 75.678 95.370 136.525 109.763 93.211 88.584 91.301 111.896 136.982 153.677 124.950
2004 66.823 111.891 139.411 121.588 117.165 89.328 78.427 78.656 116.791 138.181 131.023 126.142
2005 101.022 119.132 127.459 146.808 116.675 98.076 91.957 95.833 111.848 137.018 133.501 105.280
2006 140.091 121.245 108.739 116.016 118.884 107.079 80.007 79.793 112.509 146.223 128.422 157.864
2007 158.522 67.571 120.013 121.112 105.285 98.810 88.438 84.029 96.871 119.649 106.931 115.740
2008 101.248 91.879 84.835 111.629 81.891 87.053 73.961 89.053 96.069 136.224 135.968 129.502
2009 130.088 115.318 94.270 119.751 99.386 82.934 75.200 111.728 112.088 138.371 145.287 121.584
2010 134.196 117.317 154.088 169.621 142.807 123.108 103.324 104.770 118.576 113.199 132.193 86.361
2011 73.344 71.694 91.779 104.979 110.680 82.003 75.550 87.527 99.279 125.377 121.418 126.916
2012 69.498 93.448 114.072 117.536 101.438 83.973 73.635 85.498 112.896 134.098 130.072 118.023
2013 114.590 108.399 122.722 124.084 119.745 79.937 57.650 85.208 101.111 127.511 128.524 109.741
2014 107.744 97.146 113.317 131.624 133.250 105.100 86.845 107.166 110.431 138.334 147.940 146.878
2015 110.696 74.041 137.531 127.770 150.165 111.251 102.381 112.042 135.761 162.077 158.733 163.131
2016 91.432 174.471 162.841 168.630 133.264 118.913 100.514 85.962 115.117 121.708 151.942 140.754
2017 102.702 134.355 108.661 133.247 148.977 115.551 101.855 109.275 143.528 136.359 131.519 154.167
2018 112.046 119.756 116.318 121.010 135.940 100.838 81.584 81.096 129.185 157.920 166.894 144.990
2019 125.766 133.809 151.011 147.071 156.974 133.438 112.264 99.871 146.550 169.886 167.272 144.765
2020 129.927 154.639 132.896 143.679 158.179 130.312 127.024 109.182 133.216 123.534 163.829 145.073
2021 142.368 91.235 127.376 126.240 128.117 120.141 98.830 123.019 119.286 147.244 150.190 129.670
2022 63.914 83.716 117.926 142.466 108.425 108.600 97.940 96.155 124.958 144.711 146.100 133.383
2023 136.834 144.312 106.858 137.441 148.751 120.162 119.354 128.365 126.661 173.293 175.802 173.054
2024 134.299 162.182 171.916 186.181 163.713 140.545 102.041 140.922 123.176 156.496 158.018 163.401
2025 161.716 146.559 157.694 142.368 133.724 110.557 88.770 115.582 119.426 145.141 159.012 140.028
