1951 2025
1951 -999.000 -999.000 -999.000 -999.000 -999.000 -999.000 -999.000 -999.000 -999.000 -999.000 -999.000 -999.000
1952 -999.000 -999.000 -999.000 -999.000 -999.000 -999.000 -999.000 -999.000 -999.000 -999.000 -999.000 -999.000
1953 -999.000 -999.000 -999.000 -999.000 -999.000 -999.000 -999.000 -999.000 -999.000 -999.000 20.525 -999.000
1954 -999.000 -999.000 -999.000 -999.000 -999.000 -999.000 -999.000 -999.000 -999.000 -999.000 -999.000 -999.000
1955 -999.000 -999.000 -999.000 -999.000 -999.000 -999.000 -999.000 -999.000 -999.000 -999.000 -999.000 -999.000
1956 -999.000 -999.000 -999.000 -999.000 -999.000 -999.000 -999.000 -999.000 -999.000 -999.000 -999.000 -999.000
1957 -999.000 -999.000 -999.000 -999.000 -999.000 -999.000 -999.000 -999.000 -999.000 -999.000 -999.000 -999.000
1958 -999.000 -999.000 -999.000 -999.000 -999.000 -999.000 -999.000 -999.000 -999.000 -999.000 -999.000 -999.000
1959 -999.000 -999.000 -999.000 -999.000 -999.000 -999.000 -999.000 -999.000 -999.000 -999.000 -999.000 -999.000
1960 -999.000 -999.000 -999.000 -999.000 -999.000 -999.000 -999.000 -999.000 -999.000 -999.000 -999.000 -999.000
1961 -999.000 -999.000 -999.000 -999.000 -999.000 -999.000 -999.000 -999.000 -999.000 -999.000 -999.000 -999.000
1962 -999.000 -999.000 -999.000 -999.000 -999.000 -999.000 -999.000 -999.000 -999.000 -999.000 -999.000 -999.000
1963 -999.000 -999.000 -999.000 -999.000 -999.000 -999.000 -999.000 -999.000 -999.000 -999.000 -999.000 -999.000
1964 -999.000 -999.000 -999.000 -999.000 -999.000 -999.000 -999.000 -999.000 -999.000 -999.000 -999.000 -999.000
1965 -999.000 -999.000 -999.000 -999.000 -999.000 -999.000 -999.000 -999.000 -999.000 -999.000 -999.000 -999.000
1966 -999.000 -999.000 -999.000 -999.000 -999.000 -999.000 -999.000 -999.000 -999.000 -999.000 -999.000 -999.000
1967 -999.000 -999.000 -999.000 -999.000 -999.000 -999.000 -999.000 -999.000 -999.000 -999.000 -999.000 -999.000
1968 -999.000 -999.000 -999.000 -999.000 -999.000 -999.000 -999.000 -999.000 -999.000 -999.000 -999.000 -999.000
1969 -999.000 -999.000 -999.000 -999.000 -999.000 -999.000 -999.000 -999.000 -999.000 -999.000 -999.000 -999.000
1970 -999.000 -999.000 -999.000 -999.000 -999.000 -999.000 -999.000 -999.000 -999.000 -999.000 -999.000 -999.000
1971 -999.000 -999.000 -999.000 -999.000 -999.000 -999.000 -999.000 -999.000 -999.000 -999.000 -999.000 -999.000
1972 -999.000 -999.000 -999.000 -999.000 -999.000 -999.000 -999.000 -999.000 -999.000 -999.000 -999.000 -999.000
1973 -999.000 -999.000 -999.000 -999.000 -999.000 -999.000 -999.000 -999.000 -999.000 -999.000 -999.000 -999.000
1974 -999.000 -999.000 -999.000 -999.000 -999.000 -999.000 -999.000 -999.000 -999.000 -999.000 -999.000 -999.000
1975 -999.000 -999.000 -999.000 -999.000 -999.000 -999.000 -999.000 -999.000 -999.000 -999.000 -999.000 -999.000
1976 -999.000 -999.000 -999.000 -999.000 -999.000 -999.000 -999.000 -999.000 -999.000 -999.000 -999.000 -999.000
1977 -999.000 -999.000 -999.000 -999.000 -999.000 -999.000 -999.000 -999.000 -999.000 24.254 -999.000 -999.000
1978 -999.000 -999.000 -999.000 -999.000 -999.000 -999.000 -999.000 -999.000 -999.000 -999.000 -999.000 -999.000
1979 -999.000 -999.000 -999.000 -999.000 17.109 28.896 -999.000 -999.000 -999.000 -999.000 -999.000 -999.000
1980 -999.000 -999.000 -999.000 -999.000 -999.000 -999.000 -999.000 -999.000 -999.000 -999.000 -999.000 -999.000
1981 -999.000 -999.000 -999.000 -999.000 -999.000 -999.000 -999.000 -999.000 -999.000 -999.000 -999.000 -999.000
1982 -999.000 -999.000 -999.000 -999.000 -999.000 -999.000 -999.000 -999.000 -999.000 -999.000 -999.000 -999.000
1983 14.842 11.590 14.827 16.714 21.870 29.003 -999.000 35.511 -999.000 -999.000 -999.000 -999.000
1984 -999.000 -999.000 -999.000 -999.000 22.593 -999.000 -999.000 37.682 -999.000 -999.000 -999.000 -999.000
1985 -999.000 -999.000 -999.000 -999.000 -999.000 -999.000 -999.000 -999.000 -999.000 -999.000 -999.000 -999.000
1986 -999.000 -999.000 -999.000 -999.000 23.639 -999.000 -999.000 -999.000 -999.000 -999.000 -999.000 -999.000
1987 -999.000 -999.000 -999.000 16.135 -999.000 -999.000 -999.000 -999.000 30.568 -999.000 -999.000 -999.000
1988 -999.000 -999.000 -999.000 15.396 25.433 -999.000 32.995 -999.000 -999.000 -999.000 -999.000 -999.000
1989 -999.000 -999.000 -999.000 -999.000 -999.000 -999.000 -999.000 -999.000 -999.000 -999.000 -999.000 -999.000
1990 -999.000 -999.000 -999.000 -999.000 -999.000 -999.000 -999.000 35.441 -999.000 -999.000 -999.000 -999.000
1991 -999.000 -999.000 -999.000 -999.000 23.176 -999.000 -999.000 -999.000 -999.000 -999.000 -999.000 -999.000
1992 -999.000 -999.000 16.768 -999.000 20.061 -999.000 -999.000 -999.000 -999.000 -999.000 -999.000 -999.000
1993 -999.000 -999.000 -999.000 -999.000 -999.000 -999.000 -999.000 -999.000 -999.000 -999.000 -999.000 -999.000
1994 -999.000 -999.000 -999.000 -999.000 24.568 -999.000 -999.000 -999.000 -999.000 -999.000 -999.000 -999.000
1995 -999.000 -999.000 -999.000 -999.000 -999.000 -999.000 -999.000 -999.000 -999.000 -999.000 -999.000 -999.000
1996 -999.000 -999.000 -999.000 -999.000 -999.000 -999.000 -999.000 -999.000 -999.000 -999.000 -999.000 -999.000
1997 -999.000 -999.000 -999.000 -999.000 20.349 -999.000 -999.000 -999.000 -999.000 17.398 -999.000 14.466
1998 15.664 15.723 16.776 19.911 20.853 -999.000 -999.000 28.016 -999.000 -999.000 -999.000 20.000
1999 -999.000 -999.000 -999.000 -999.000 -999.000 -999.000 -999.000 -999.000 -999.000 -999.000 -999.000 -999.000
2000 -999.000 -999.000 -999.000 -999.000 30.286 -999.000 -999.000 -999.000 -999.000 -999.000 -999.000 -999.000
2001 -999.000 -999.000 -999.000 -999.000 -999.000 -999.000 -999.000 -999.000 -999.000 26.318 -999.000 -999.000
2002 -999.000 -999.000 -999.000 -999.000 24.745 -999.000 -999.000 -999.000 -999.000 -999.000 -999.000 -999.000
2003 -999.000 -999.000 -999.000 -999.000 20.318 -999.000 32.602 -999.000 -999.000 -999.000 -999.000 -999.000
2004 -999.000 -999.000 -999.000 18.218 -999.000 -999.000 -999.000 -999.000 -999.000 -999.000 -999.000 -999.000
2005 -999.000 12.777 12.833 16.009 -999.000 -999.000 -999.000 -999.000 28.255 23.409 -999.000 -999.000
2006 -999.000 -999.000 -999.000 -999.000 28.374 -999.000 -999.000 -999.000 -999.000 25.861 -999.000 18.713
2007 18.030 -999.000 -999.000 -999.000 -999.000 -999.000 -999.000 -999.000 -999.000 -999.000 -999.000 -999.000
2008 -999.000 -999.000 -999.000 -999.000 -999.000 30.078 -999.000 -999.000 -999.000 25.287 -999.000 -999.000
2009 -999.000 -999.000 -999.000 -999.000 -999.000 -999.000 -999.000 34.540 28.136 -999.000 -999.000 -999.000
2010 -999.000 12.025 17.236 20.130 21.830 -999.000 -999.000 36.990 -999.000 -999.000 -999.000 -999.000
2011 -999.000 -999.000 -999.000 -999.000 -999.000 -999.000 -999.000 -999.000 -999.000 -999.000 -999.000 -999.000
2012 -999.000 -999.000 -999.000 -999.000 -999.000 -999.000 -999.000 34.324 -999.000 -999.000 -999.000 -999.000
2013 -999.000 -999.000 12.554 -999.000 -999.000 -999.000 -999.000 34.804 -999.000 -999.000 -999.000 -999.000
2014 -999.000 -999.000 -999.000 17.887 -999.000 -999.000 30.189 -999.000 -999.000 -999.000 -999.000 -999.000
2015 -999.000 -999.000 12.028 21.878 22.621 -999.000 37.518 31.177 26.983 20.696 18.129 19.567
2016 11.507 19.286 17.762 19.784 22.470 30.176 31.356 36.477 -999.000 23.194 20.480 22.668
2017 -999.000 15.303 -999.000 16.495 24.868 31.150 -999.000 -999.000 28.018 26.369 -999.000 19.469
2018 -999.000 -999.000 -999.000 16.062 23.175 27.793 -999.000 31.782 27.406 20.019 21.287 16.161
2019 14.504 13.786 17.118 15.781 17.246 27.278 28.085 35.278 31.771 23.399 20.973 15.726
2020 15.235 17.714 13.891 16.389 21.064 29.212 29.268 -999.000 26.662 24.213 20.089 -999.000
2021 -999.000 -999.000 -999.000 13.924 15.584 26.904 29.906 27.766 31.071 22.730 19.643 -999.000
2022 -999.000 -999.000 -999.000 -999.000 18.864 -999.000 35.114 34.277 27.742 24.072 20.349 -999.000
2023 -999.000 19.656 -999.000 -999.000 18.345 27.579 28.914 28.727 29.820 22.897 19.272 19.697
2024 17.031 18.077 18.813 20.179 20.970 10.697 27.864 35.692 32.990 23.527 23.630 19.568
2025 19.079 17.299 19.148 23.880 -999.000 -999.000 -999.000 33.726 29.677 22.219 20.889 -999.000
