1951 2025
1951 0.000 0.000 0.000 0.000 2.038 5.760 12.280 11.685 6.351 0.000 0.000 0.000
1952 0.000 0.000 0.000 0.000 1.542 7.941 6.862 4.890 4.785 0.000 0.000 0.000
1953 0.000 0.000 0.000 0.000 1.771 9.713 12.009 9.232 5.231 0.000 0.366 0.000
1954 0.000 0.000 0.000 0.000 0.000 4.001 7.207 5.523 2.557 0.000 0.000 0.000
1955 0.000 0.000 0.000 0.000 0.516 4.913 7.203 7.557 3.979 0.000 0.000 0.000
1956 0.000 0.000 0.000 0.000 0.939 5.599 7.321 5.075 1.400 0.000 0.000 0.000
1957 0.000 0.000 0.000 0.000 1.698 6.535 4.906 6.836 1.690 0.000 0.000 0.000
1958 0.000 0.000 0.000 0.000 0.719 6.210 7.983 6.456 1.261 0.000 0.000 0.000
1959 0.000 0.000 0.000 0.000 0.000 4.916 5.139 5.589 0.281 0.000 0.000 0.000
1960 0.000 0.000 0.000 0.000 0.000 3.958 7.245 7.877 0.000 0.000 0.000 0.000
1961 0.000 0.000 0.000 0.000 0.000 5.298 4.978 5.585 0.000 0.000 0.000 0.000
1962 0.000 0.000 0.000 0.000 0.000 2.135 5.835 4.790 0.498 0.000 0.000 0.000
1963 0.000 0.000 0.000 0.000 0.000 3.184 5.562 5.861 1.843 0.000 0.000 0.000
1964 0.000 0.000 0.000 0.000 1.900 2.860 6.978 5.339 2.456 0.000 0.000 0.000
1965 0.000 0.000 0.000 0.000 0.000 4.604 7.372 4.976 0.563 0.289 0.000 0.000
1966 0.000 0.000 0.000 0.000 2.059 6.044 6.419 6.057 0.497 0.000 0.000 0.000
1967 0.000 0.000 0.000 0.000 1.533 6.071 8.501 6.739 4.299 0.000 0.000 0.000
1968 0.000 0.000 0.000 0.000 0.000 6.599 8.727 11.211 7.322 0.000 0.000 0.000
1969 0.000 0.000 0.000 0.000 6.557 12.173 14.538 12.546 8.436 0.000 0.000 0.000
1970 0.000 0.000 0.000 0.000 4.645 10.318 8.274 8.320 2.907 0.000 0.000 0.000
1971 0.000 0.000 0.000 0.000 0.293 6.393 6.063 5.118 1.779 0.000 0.000 0.000
1972 0.000 0.000 0.000 0.000 0.661 6.818 9.134 6.830 5.715 0.000 0.000 0.000
1973 0.000 0.000 0.299 0.000 5.605 9.263 8.304 10.814 6.398 0.000 0.000 0.000
1974 0.000 0.000 0.000 0.000 0.000 5.601 6.965 6.404 2.131 0.000 0.000 0.000
1975 0.000 0.000 0.000 0.000 0.880 6.833 7.915 5.965 3.250 0.000 0.000 0.000
1976 0.000 0.000 0.000 0.000 1.693 4.886 8.796 11.277 7.895 0.000 0.000 0.000
1977 0.000 0.000 0.000 0.000 1.480 11.293 10.396 15.343 10.732 1.610 0.000 0.000
1978 0.000 0.000 0.000 0.000 10.027 11.789 13.394 13.213 9.142 0.143 0.000 0.000
1979 0.000 0.000 0.000 0.000 12.124 17.941 21.807 12.641 11.799 1.087 0.000 0.000
1980 0.000 0.000 0.000 0.521 11.423 19.505 19.169 19.718 15.105 5.031 0.000 0.000
1981 0.000 0.000 0.000 2.212 10.947 16.556 16.298 15.899 11.753 0.510 0.000 0.000
1982 0.000 0.000 0.000 0.000 10.311 19.830 15.392 17.922 13.586 0.513 0.000 0.000
1983 1.362 0.076 3.256 7.002 14.607 18.828 18.696 19.359 15.267 5.725 1.109 0.000
1984 0.000 0.000 0.000 1.260 2.118 7.758 8.858 14.569 3.689 1.092 0.000 0.000
1985 0.000 0.000 0.000 0.000 0.224 13.966 14.396 16.159 8.627 1.925 0.000 0.000
1986 0.000 0.000 0.000 0.000 4.615 8.699 18.937 16.048 11.026 1.938 0.000 0.075
1987 0.000 0.000 0.000 5.905 10.680 18.949 19.689 18.516 18.179 3.292 1.758 0.224
1988 0.000 0.000 2.542 0.601 10.887 14.243 17.899 15.126 10.300 2.137 1.546 0.000
1989 0.000 0.000 0.000 0.000 3.292 14.131 18.726 13.019 9.213 2.269 0.000 0.000
1990 0.000 0.000 1.499 0.000 8.799 16.878 13.997 19.100 13.305 3.996 0.000 0.000
1991 0.000 0.000 0.000 1.708 14.650 18.312 18.570 19.141 15.336 0.000 0.000 0.000
1992 0.000 0.000 0.000 0.000 6.445 11.379 11.225 15.374 3.787 0.000 0.000 0.000
1993 0.000 0.000 0.000 0.000 5.601 15.690 15.173 17.137 10.292 0.000 0.000 0.000
1994 0.000 0.000 0.000 0.000 9.137 9.685 11.109 16.237 5.558 0.000 0.660 0.299
1995 0.000 0.000 0.000 0.000 4.765 16.084 9.600 16.867 12.846 0.577 0.148 0.000
1996 0.000 0.000 0.000 0.000 11.318 11.536 13.638 15.311 8.929 2.015 0.000 0.000
1997 0.000 0.000 0.000 0.000 9.059 14.655 19.469 20.856 14.923 2.799 0.000 1.278
1998 0.835 7.180 4.760 11.298 15.295 20.484 20.459 21.134 15.829 6.010 0.073 0.143
1999 0.000 0.000 0.000 1.180 7.143 14.692 11.510 15.586 9.287 0.000 0.000 0.000
2000 0.000 0.000 0.000 0.963 8.905 11.611 14.125 16.779 5.114 0.215 0.000 0.000
2001 0.000 0.000 0.000 2.614 10.407 9.504 17.402 21.263 13.105 3.296 0.594 0.000
2002 0.000 0.150 0.000 0.000 12.014 16.917 21.685 16.704 15.112 0.000 0.000 0.000
2003 0.526 0.525 0.676 5.771 14.005 13.673 19.205 19.978 15.608 4.574 0.000 1.042
2004 0.000 0.525 0.000 4.503 13.511 17.282 15.045 20.712 13.227 4.496 0.000 0.000
2005 0.000 3.168 8.144 9.455 13.887 17.262 21.948 20.869 17.441 7.040 2.208 0.000
2006 0.000 0.076 0.000 0.747 13.585 18.872 23.046 21.615 15.713 10.286 0.000 5.188
2007 5.368 0.227 2.333 7.525 13.183 16.681 19.107 17.255 13.423 1.824 0.000 0.000
2008 0.000 0.450 0.000 0.000 9.244 17.042 17.641 15.578 15.921 9.861 0.817 0.000
2009 0.000 0.000 0.000 7.229 11.869 17.934 22.781 22.684 18.223 1.682 0.000 0.000
2010 0.000 2.648 9.085 10.927 15.560 18.912 22.853 23.575 15.566 4.075 0.000 0.000
2011 0.000 0.000 0.000 0.000 11.806 17.808 17.313 18.425 12.371 1.724 0.000 0.000
2012 0.000 0.000 2.021 2.167 15.153 17.351 20.420 22.160 16.641 1.831 0.000 0.000
2013 1.811 0.828 4.463 6.420 13.807 16.868 20.642 17.916 15.773 2.161 0.000 0.000
2014 0.000 0.000 0.455 10.179 13.205 17.749 23.084 22.480 15.945 5.955 0.000 0.000
2015 0.751 1.133 1.136 10.887 17.093 18.618 25.372 24.743 19.250 16.676 5.743 8.504
2016 5.296 9.762 9.689 10.404 17.668 21.148 25.048 24.930 21.037 6.100 4.245 3.177
2017 1.646 0.682 4.316 11.354 17.241 21.755 24.916 24.635 22.581 15.179 1.478 2.230
2018 0.000 0.000 1.584 4.774 14.093 18.823 23.500 24.032 17.143 6.722 4.751 4.368
2019 6.553 4.318 7.018 8.581 11.874 21.957 23.273 25.578 23.444 5.622 0.911 2.573
2020 5.983 6.645 6.280 9.834 15.784 20.826 20.780 22.770 20.292 9.588 7.188 4.468
2021 0.076 0.458 3.287 6.723 15.857 22.991 24.695 25.622 20.114 11.657 0.987 3.218
2022 0.456 0.000 1.886 5.345 15.153 19.529 23.533 19.620 18.090 5.797 0.440 0.000
2023 0.000 4.128 1.139 3.179 14.456 20.527 26.500 27.537 21.397 16.879 11.364 10.206
2024 9.769 8.662 9.474 11.227 16.844 22.592 25.171 25.295 21.215 16.743 10.884 10.122
2025 2.786 5.050 8.728 11.926 17.122 22.498 25.688 26.030 22.751 15.461 7.052 1.967
