1951 2025
1951 -0.031 -0.122 -0.171 -0.010 0.046 0.004 0.147 -0.044 -0.073 -0.051 -0.010 -0.078
1952 -0.191 -0.153 -0.106 -0.113 -0.032 0.128 0.116 0.173 0.046 0.149 0.030 0.099
1953 0.043 -0.033 -0.122 0.026 0.187 0.019 0.028 -0.207 -0.034 -0.102 0.112 0.099
1954 0.052 -0.083 -0.123 -0.224 -0.126 -0.171 -0.278 -0.389 -0.376 -0.238 -0.244 -0.197
1955 -0.038 -0.172 -0.208 -0.241 -0.062 -0.256 0.009 -0.071 -0.089 -0.064 0.162 0.005
1956 0.035 -0.050 -0.130 -0.154 -0.331 -0.617 -0.434 -0.478 -0.496 -0.272 -0.293 -0.126
1957 -0.251 -0.250 -0.207 -0.305 -0.417 -0.351 -0.276 -0.153 -0.066 -0.041 -0.131 -0.125
1958 -0.069 0.018 0.169 0.162 0.022 -0.006 -0.128 -0.093 -0.071 -0.099 -0.004 0.007
1959 -0.016 -0.017 -0.200 -0.305 -0.265 -0.348 -0.391 -0.339 -0.150 -0.104 -0.165 -0.134
1960 -0.020 0.050 -0.085 -0.103 0.103 0.054 -0.057 0.030 -0.033 0.097 0.050 -0.046
1961 0.027 0.027 0.053 0.098 0.011 -0.138 -0.115 -0.115 -0.165 -0.144 0.019 0.098
1962 0.047 0.047 0.001 -0.053 -0.174 -0.370 -0.312 -0.424 -0.251 -0.163 -0.069 0.066
1963 0.039 -0.011 -0.123 -0.125 -0.356 -0.410 -0.428 -0.475 -0.555 -0.301 -0.196 -0.200
1964 -0.258 -0.115 -0.191 -0.388 -0.127 -0.251 -0.430 -0.591 -0.489 -0.416 -0.311 -0.298
1965 -0.326 -0.288 -0.248 -0.269 -0.303 -0.449 -0.487 -0.480 -0.544 -0.473 -0.464 -0.239
1966 -0.231 -0.099 -0.126 -0.082 -0.244 -0.363 -0.373 -0.391 -0.289 -0.211 -0.166 -0.121
1967 -0.116 -0.088 -0.198 -0.246 -0.495 -0.538 -0.441 -0.369 -0.352 -0.314 -0.322 -0.317
1968 -0.348 -0.267 -0.330 -0.323 -0.434 -0.614 -0.634 -0.594 -0.441 -0.254 -0.240 -0.279
1969 -0.201 -0.094 -0.042 -0.120 -0.299 -0.447 -0.360 -0.405 -0.360 -0.409 -0.311 -0.242
1970 -0.227 -0.227 -0.191 -0.198 -0.285 -0.471 -0.609 -0.518 -0.473 -0.412 -0.387 -0.350
1971 -0.358 -0.409 -0.460 -0.537 -0.524 -0.608 -0.581 -0.733 -0.590 -0.370 -0.325 -0.453
1972 -0.451 -0.461 -0.557 -0.468 -0.687 -0.745 -0.693 -0.820 -0.714 -0.636 -0.582 -0.551
1973 -0.511 -0.402 -0.366 -0.327 -0.352 -0.361 -0.365 -0.500 -0.378 -0.422 -0.419 -0.407
1974 -0.365 -0.382 -0.512 -0.663 -0.704 -0.731 -0.781 -0.763 -0.744 -0.662 -0.550 -0.435
1975 -0.304 -0.314 -0.342 -0.417 -0.493 -0.499 -0.377 -0.288 -0.400 -0.493 -0.377 -0.395
1976 -0.383 -0.447 -0.499 -0.458 -0.563 -0.532 -0.310 -0.233 -0.359 -0.348 -0.426 -0.480
1977 -0.382 -0.279 -0.151 -0.221 -0.246 -0.249 -0.237 -0.395 -0.421 -0.296 -0.227 -0.298
1978 -0.145 -0.044 -0.100 -0.174 -0.331 -0.441 -0.516 -0.463 -0.308 -0.277 -0.061 -0.144
1979 -0.116 -0.127 -0.263 -0.245 -0.141 -0.123 -0.300 -0.401 -0.262 -0.155 -0.099 -0.051
1980 0.039 0.017 -0.096 0.081 0.194 0.009 -0.139 -0.190 -0.147 -0.161 -0.230 -0.227
1981 -0.094 -0.085 0.074 -0.091 -0.024 -0.061 -0.219 -0.314 -0.169 -0.359 -0.146 0.029
1982 -0.111 -0.179 -0.118 -0.270 -0.250 -0.355 -0.414 -0.561 -0.482 -0.481 -0.438 -0.398
1983 -0.250 -0.120 -0.006 -0.039 -0.147 -0.222 -0.248 -0.375 -0.321 -0.230 -0.119 -0.068
1984 -0.101 -0.110 -0.202 -0.165 -0.191 -0.532 -0.505 -0.408 -0.358 -0.449 -0.462 -0.363
1985 -0.318 -0.320 -0.340 -0.418 -0.379 -0.207 -0.221 -0.464 -0.353 -0.331 -0.345 -0.331
1986 -0.358 -0.318 -0.351 -0.400 -0.299 -0.437 -0.398 -0.469 -0.491 -0.483 -0.497 -0.470
1987 -0.223 -0.194 -0.055 0.048 0.025 0.081 0.157 0.178 0.098 -0.073 -0.094 0.012
1988 -0.105 -0.128 -0.075 -0.003 0.071 0.040 -0.060 -0.180 -0.212 -0.213 -0.128 -0.182
1989 -0.201 -0.140 -0.255 -0.340 -0.197 0.026 0.086 0.010 -0.220 -0.228 -0.177 -0.182
1990 -0.216 -0.114 -0.125 -0.105 -0.116 -0.181 -0.171 -0.042 0.069 0.037 -0.077 -0.116
1991 -0.178 -0.082 -0.144 -0.225 -0.297 -0.314 -0.299 -0.211 -0.140 -0.318 -0.278 -0.234
1992 -0.147 -0.102 -0.151 -0.260 -0.307 -0.334 -0.474 -0.642 -0.632 -0.520 -0.470 -0.342
1993 -0.219 -0.205 -0.318 -0.206 -0.293 -0.442 -0.588 -0.425 -0.344 -0.447 -0.411 -0.420
1994 -0.383 -0.401 -0.353 -0.223 -0.355 -0.387 -0.397 -0.448 -0.399 -0.139 -0.062 -0.107
1995 -0.021 -0.030 -0.053 0.038 0.186 0.197 0.204 0.125 -0.080 0.065 0.078 -0.014
1996 0.018 -0.055 -0.127 0.004 -0.184 -0.285 -0.301 -0.147 -0.116 -0.216 -0.192 -0.145
1997 0.026 0.070 0.018 0.012 -0.005 -0.108 0.019 -0.068 0.032 0.163 0.082 0.090
1998 0.177 0.214 0.195 0.175 0.240 0.449 0.370 0.450 0.243 0.248 0.312 0.286
1999 0.094 0.047 0.055 0.152 0.302 0.194 0.132 0.298 0.195 0.046 -0.059 0.054
2000 -0.081 -0.010 0.109 0.040 0.114 -0.055 0.022 0.024 0.076 0.021 0.067 -0.050
2001 -0.040 0.063 0.058 0.000 0.021 0.205 0.163 0.347 0.430 0.391 0.309 0.365
2002 0.413 0.254 0.242 0.141 -0.069 -0.192 -0.235 -0.040 0.074 0.155 0.153 0.068
2003 0.188 0.119 0.179 0.135 0.138 0.183 0.371 0.537 0.539 0.626 0.333 0.379
2004 0.406 0.354 0.275 0.257 0.083 0.228 0.288 0.332 0.263 0.340 0.284 0.298
2005 0.294 0.179 0.330 0.459 0.430 0.501 0.616 0.568 0.544 0.409 0.342 0.363
2006 0.363 0.266 0.162 0.323 0.437 0.424 0.448 0.516 0.489 0.506 0.519 0.315
2007 0.428 0.393 0.308 0.267 0.218 0.134 0.158 -0.013 0.183 0.343 0.375 0.271
2008 0.218 0.327 0.289 0.133 0.304 0.463 0.413 0.354 0.318 0.281 0.206 0.148
2009 0.108 -0.050 -0.058 0.015 -0.024 0.244 0.391 0.284 0.165 0.332 0.306 0.358
2010 0.317 0.357 0.438 0.546 0.569 0.744 0.691 0.785 0.600 0.525 0.589 0.386
2011 0.417 0.340 0.188 0.239 0.306 0.328 0.190 0.220 0.285 0.339 0.197 0.212
2012 0.252 0.261 0.213 0.262 0.340 0.553 0.613 0.695 0.706 0.590 0.426 0.402
2013 0.387 0.317 0.369 0.283 0.262 0.145 0.346 0.307 0.408 0.619 0.455 0.219
2014 0.214 0.163 0.095 0.096 0.117 0.234 0.406 0.524 0.515 0.542 0.428 0.369
2015 0.273 0.193 0.079 0.052 0.161 0.167 0.167 0.261 0.510 0.503 0.358 0.318
2016 0.506 0.479 0.399 0.351 0.431 0.481 0.485 0.596 0.600 0.545 0.623 0.506
2017 0.543 0.507 0.364 0.470 0.433 0.511 0.526 0.537 0.604 0.682 0.753 0.686
2018 0.515 0.355 0.257 0.240 0.194 -0.001 0.125 0.276 0.328 0.294 0.174 0.191
2019 0.304 0.349 0.309 0.256 0.260 0.440 0.550 0.649 0.547 0.511 0.485 0.365
2020 0.480 0.587 0.514 0.576 0.464 0.542 0.680 0.692 0.510 0.518 0.467 0.436
2021 0.452 0.446 0.341 0.464 0.447 0.389 0.448 0.490 0.623 0.719 0.728 0.600
2022 0.635 0.597 0.332 0.289 0.442 0.390 0.333 0.653 0.833 0.788 0.673 0.543
2023 0.596 0.570 0.652 0.717 0.832 1.074 1.294 1.191 1.184 1.155 0.947 0.824
2024 0.870 0.932 0.899 0.835 1.055 1.142 1.113 1.025 0.995 1.038 0.950 0.923
2025 0.805 0.676 0.562 0.469 0.553 0.631 0.769 0.661 0.627 0.865 0.864 0.616
