1951 2025
1951 -0.451 -0.505 0.470 0.133 0.081 -0.270 0.234 0.313 0.522 -0.095 -0.054 -999.000
1952 0.339 -0.450 -0.226 -0.488 0.154 -0.075 0.061 0.584 0.487 0.331 -0.061 -999.000
1953 0.126 -0.327 -0.750 0.233 -0.090 0.412 0.025 0.233 0.128 -0.071 -0.485 -999.000
1954 -0.080 -0.636 0.140 0.247 0.216 -0.490 -0.571 0.754 0.415 -0.007 -0.105 -999.000
1955 -0.074 -0.568 0.165 -0.390 -0.300 -0.701 -0.327 0.650 0.174 -0.342 -0.181 -999.000
1956 0.188 -0.885 -0.334 0.072 -0.003 -0.636 0.048 1.147 0.726 -0.590 -0.011 -999.000
1957 -0.046 -0.394 0.237 0.072 0.435 -0.050 -0.114 0.773 0.733 0.187 0.154 -999.000
1958 0.232 0.050 0.376 0.078 0.087 0.287 0.587 0.632 0.189 -0.262 0.058 -999.000
1959 0.877 0.105 -0.595 0.120 0.307 -0.172 -0.037 0.928 0.495 0.449 0.440 -999.000
1960 0.351 0.318 0.067 0.080 -0.021 -0.389 0.195 0.743 0.370 0.172 -0.092 -999.000
1961 0.389 -0.184 -0.203 0.082 0.087 -0.457 -0.064 0.990 0.487 -0.248 -0.658 -999.000
1962 0.080 0.305 0.594 0.057 0.167 -0.447 0.023 0.760 0.247 -0.023 -0.034 -999.000
1963 0.541 0.506 -0.331 -0.203 0.386 -0.695 -0.222 1.132 0.533 -0.533 -0.275 -999.000
1964 -0.791 -0.534 -0.386 -0.609 0.134 -0.276 -0.693 1.043 0.519 -0.043 -0.129 -999.000
1965 0.232 -0.428 0.612 0.054 0.119 -0.491 0.350 1.330 1.087 0.042 0.092 -999.000
1966 0.203 -0.190 -0.037 0.438 -0.215 -0.238 -0.056 0.673 0.742 0.101 0.184 -999.000
1967 -0.097 -0.045 0.156 -0.234 0.665 -0.244 -0.193 0.807 0.419 -0.262 -0.092 -999.000
1968 0.164 -0.119 -0.003 -0.488 0.413 -0.301 0.630 0.678 0.016 -0.109 -0.027 -999.000
1969 0.493 -0.485 0.037 -0.088 0.312 0.335 -0.318 0.237 0.290 0.490 0.057 -999.000
1970 0.565 0.055 0.572 -0.291 -0.035 -0.232 -0.217 0.624 0.289 -0.300 -0.118 -999.000
1971 0.173 -0.750 0.098 -0.324 -0.156 -0.180 0.486 1.132 0.394 -0.391 -0.136 -999.000
1972 -0.234 -0.076 -0.141 -0.370 0.258 -0.616 0.145 1.013 0.744 0.274 -0.029 -999.000
1973 -0.539 0.207 -0.492 0.237 -0.415 -0.354 -0.377 0.264 0.113 -0.230 -0.012 -999.000
1974 -0.016 -0.412 0.058 -0.103 0.162 -0.785 -0.276 1.114 1.066 0.269 -0.464 -999.000
1975 -0.529 -0.090 0.024 -0.332 -0.169 -0.550 0.049 0.763 0.391 -0.166 -0.394 -999.000
1976 0.087 -0.077 -0.007 -0.403 -0.084 -0.391 -0.149 0.605 0.699 0.484 0.404 -999.000
1977 1.044 -0.265 -0.483 -0.161 -0.369 -0.100 0.330 0.548 -0.153 -0.063 0.048 -999.000
1978 0.508 0.287 0.280 0.114 0.049 0.081 0.563 0.526 0.224 0.021 0.005 -999.000
1979 0.767 0.043 0.422 0.126 -0.181 0.106 0.065 0.694 0.315 0.296 0.168 -999.000
1980 0.535 0.207 0.113 -0.137 -0.094 0.420 0.097 -0.180 0.047 0.435 0.049 -999.000
1981 0.134 -0.142 0.233 -0.044 0.068 -0.238 -0.349 0.378 -0.057 0.219 -0.225 -999.000
1982 0.365 0.312 -0.084 -0.342 -0.311 0.174 -0.054 0.181 0.153 -0.129 0.058 -999.000
1983 -0.219 -0.125 0.150 -0.154 0.199 -0.285 -0.227 -0.353 -0.230 -0.299 -0.178 -999.000
1984 -0.017 -0.493 0.309 -0.309 -0.144 -0.220 0.033 0.528 0.602 0.080 -0.294 -999.000
1985 0.796 -0.735 -0.350 -0.368 0.085 -0.220 0.581 0.289 0.103 -0.365 0.354 -999.000
1986 0.195 0.212 -0.204 -0.333 -0.117 -0.088 -0.077 0.592 0.230 0.157 0.357 -999.000
1987 -0.117 -0.078 0.274 -0.207 -0.048 -0.023 0.317 0.105 -0.305 0.164 -0.145 -999.000
1988 0.062 -0.191 0.127 -0.179 -0.121 -0.179 0.058 0.215 -0.217 0.164 -0.290 -999.000
1989 -1.021 0.708 0.095 0.282 -0.024 -0.139 -0.575 0.548 0.221 -0.206 -0.173 -999.000
1990 -0.070 -0.419 -0.227 0.296 -0.046 0.094 0.098 -0.097 0.150 -0.335 -0.247 -999.000
1991 -0.143 0.060 -0.194 -0.129 -0.367 0.130 0.079 -0.168 0.325 0.162 0.193 -999.000
1992 -0.344 0.182 0.145 0.386 0.120 -0.109 0.138 0.209 0.052 0.133 0.044 -999.000
1993 -0.705 0.574 -0.112 0.279 0.182 0.151 0.162 0.266 0.588 0.586 -0.217 -999.000
1994 0.798 0.142 -0.279 0.336 -0.242 -0.134 -0.014 0.149 0.044 -0.247 -0.697 -999.000
1995 0.365 0.179 0.205 0.430 0.088 -0.089 0.541 -0.050 0.414 -0.109 0.328 -999.000
1996 0.008 -0.030 0.525 0.280 0.207 -0.296 -0.471 0.273 0.213 -0.111 0.490 -999.000
1997 -0.186 0.209 -0.079 0.208 0.528 -0.111 -0.161 -0.063 0.062 0.140 0.024 -999.000
1998 0.418 0.281 0.211 -0.241 -0.441 0.266 0.105 -0.723 -0.199 -0.258 0.132 -999.000
1999 -0.208 -0.335 0.004 -0.199 -0.125 -0.202 0.271 0.281 -0.079 -0.062 -0.389 -999.000
2000 -0.367 -0.082 0.066 0.125 -0.111 0.000 -0.258 0.136 0.114 -0.215 0.123 -999.000
2001 -0.043 -0.084 0.084 -0.164 -0.327 0.007 -0.311 -0.431 -0.110 -0.040 -0.149 -999.000
2002 -0.050 -0.003 0.251 0.012 0.423 0.012 -0.333 -0.061 -0.096 0.773 0.600 -999.000
2003 0.568 0.272 -0.111 -0.110 -0.114 0.079 -0.163 -0.509 -0.263 0.475 -0.078 -999.000
2004 0.593 -0.120 -0.409 0.373 0.450 0.631 0.044 0.029 -0.474 -0.141 -0.099 -999.000
2005 0.194 -0.317 0.156 0.130 -0.037 0.242 -0.075 -0.166 -0.560 -0.456 0.242 -999.000
2006 -0.331 0.111 0.265 -0.253 -0.096 -0.047 0.028 -0.174 -0.108 0.410 0.050 -999.000
2007 -0.304 0.292 -0.388 0.102 -0.140 0.212 0.280 -0.197 -0.181 -0.526 0.230 -999.000
2008 -0.486 0.059 -0.184 -0.030 0.019 -0.031 -0.041 0.072 0.060 -0.450 0.212 -999.000
2009 0.074 -0.152 -0.219 -0.008 0.384 -0.122 0.742 -0.480 -0.310 0.484 -0.359 -999.000
2010 0.042 -0.287 -0.261 -0.167 0.057 0.535 -0.368 -0.778 -0.142 0.003 0.103 -999.000
2011 0.314 -0.121 -0.188 -0.084 -0.350 0.086 -0.142 -0.183 -0.268 -0.378 -0.551 -999.000
2012 -0.183 -0.258 -0.633 0.225 -0.336 -0.098 -0.116 -0.154 -0.049 0.406 0.161 -999.000
2013 0.373 -0.270 0.371 0.515 -0.140 0.288 0.216 -0.234 -0.279 0.242 0.147 -999.000
2014 0.546 -0.042 0.093 -0.049 -0.004 0.051 0.048 -0.542 -0.101 0.114 0.555 -999.000
2015 0.239 0.412 -0.119 -0.116 -0.256 0.364 0.661 -0.547 -0.491 0.196 -0.271 -999.000
2016 0.439 0.120 -0.045 0.492 0.014 0.444 -0.015 -0.725 -0.659 0.151 -0.124 -999.000
2017 -0.192 0.088 -0.277 0.299 -0.202 0.315 -0.150 -0.803 -0.415 -0.071 0.260 -999.000
2018 0.392 -0.287 0.003 0.168 -0.126 0.110 -0.412 -0.491 -0.117 0.408 0.280 -999.000
2019 0.190 0.338 0.145 0.300 0.195 0.517 0.441 -0.762 -0.559 -0.018 0.469 -999.000
2020 -0.413 -0.138 -0.349 0.200 -0.192 0.103 0.240 -0.635 -0.192 0.365 -0.254 -999.000
2021 0.379 -0.253 -0.652 0.152 -0.172 0.180 -0.247 -0.856 -0.665 -0.529 0.112 -999.000
2022 0.136 -0.091 -0.203 0.053 -0.204 0.136 -0.148 -0.507 -0.334 -0.130 0.077 -999.000
2023 0.357 -0.068 -0.015 0.041 -0.463 0.021 0.477 -0.880 -0.911 0.301 0.126 -999.000
2024 0.215 -0.089 -0.113 -0.146 -0.338 0.591 -0.118 -1.193 -0.973 -0.378 -0.094 -999.000
2025 0.200 0.071 -0.075 0.021 -0.440 0.475 0.067 -0.995 -0.799 -0.277 0.365 -999.000
