1951 2021
1951 -0.620 -0.070 -0.620 -1.570 -0.990 -1.580 -1.950 -1.120 -0.450 -0.450 -0.250 -0.310
1952 0.130 -0.510 -1.080 -0.530 -0.970 -1.960 -1.600 -1.730 -1.410 -1.050 -0.990 -2.090
1953 -2.100 -1.810 -1.130 -1.720 -1.220 -1.090 -0.510 -0.040 -0.320 -0.400 -0.570 -0.560
1954 -0.830 -0.350 -0.400 0.330 -0.510 -0.300 -0.510 0.050 0.490 0.380 0.140 -0.070
1955 -1.100 -1.240 -1.160 -1.290 -1.070 -0.660 -0.940 -1.040 -0.740 -0.950 -1.580 -1.410
1956 -1.660 -1.440 -0.900 -1.080 -0.060 0.670 0.280 -0.040 0.370 -0.090 -0.310 -0.360
1957 0.250 0.410 -0.070 0.040 0.450 0.120 -0.270 -0.860 -0.680 -0.680 -0.490 -0.490
1958 -0.860 -2.030 -2.670 -2.530 -1.860 -1.720 -0.470 -0.290 -0.190 0.170 -0.440 -0.120
1959 -0.700 -0.780 0.120 0.200 0.110 0.420 0.160 -0.050 -0.200 0.370 0.390 0.690
1960 0.060 -0.490 -0.530 -0.520 -0.660 -0.470 -0.370 -0.480 0.240 0.100 0.220 0.370
1961 0.190 0.150 -0.370 -0.770 -0.890 -0.080 -0.160 -0.250 0.320 0.460 -0.120 -0.910
1962 -0.820 -0.400 -1.130 -0.860 -0.840 -0.060 -0.640 0.040 0.170 -0.370 -0.600 -1.520
1963 -1.490 -1.260 -0.650 -0.850 -0.160 0.050 0.200 0.900 0.880 0.080 -0.370 -0.370
1964 -0.690 -1.180 -1.170 0.080 -0.090 -0.150 0.190 0.310 0.660 0.500 0.090 0.030
1965 0.040 -0.390 -0.710 -0.570 -0.310 0.400 0.450 0.720 0.430 0.360 0.450 -0.010
1966 -0.470 -1.480 -1.370 -1.700 -0.710 -0.120 -0.380 -0.490 -0.300 -0.110 -0.730 -0.920
1967 -1.300 -0.700 -0.090 -0.690 0.080 0.290 0.230 0.400 0.350 0.440 0.650 -0.040
1968 -0.120 -0.130 -0.090 0.380 0.360 0.970 1.030 0.930 0.880 0.130 -0.180 0.000
1969 -0.800 -1.520 -2.220 -1.280 -0.860 -0.160 -0.030 0.600 0.490 0.540 -0.410 -0.880
1970 -1.390 -1.270 -1.480 -1.210 -0.550 0.130 0.670 0.370 0.940 0.580 0.210 0.190
1971 -0.440 -0.010 0.210 0.410 0.300 0.830 0.470 0.880 0.990 0.310 0.210 0.370
1972 0.640 0.770 1.170 0.670 1.550 1.500 1.110 1.350 1.070 0.630 0.780 1.660
1973 0.990 0.650 0.780 -0.010 0.250 0.270 0.200 0.760 0.890 0.760 0.590 0.310
1974 1.210 1.250 1.900 2.590 2.720 2.090 1.480 1.800 2.450 1.650 1.510 1.290
1975 0.690 1.250 1.500 0.960 1.520 1.130 0.510 0.480 0.880 1.430 1.350 0.990
1976 0.380 0.910 1.710 1.390 1.870 1.890 1.490 0.260 -0.310 0.910 1.490 1.720
1977 0.950 0.970 0.700 0.430 0.470 -0.190 0.350 0.600 0.940 0.710 0.230 0.450
1978 -0.040 -0.660 -0.510 -0.420 -0.100 0.870 0.540 0.790 0.770 0.320 0.240 0.580
1979 -0.200 -0.950 -0.300 -0.750 -0.740 -1.090 -0.840 0.110 0.070 0.550 0.290 0.120
1980 -0.580 -0.480 0.050 -0.880 -1.080 -0.710 0.260 0.430 0.720 0.810 0.240 -0.190
1981 -0.470 -0.280 -1.360 -1.000 -0.700 -0.300 -0.070 -0.230 -0.440 -0.140 -0.550 -1.370
1982 -1.000 -0.340 0.180 0.330 0.110 0.790 0.980 1.050 1.230 1.790 1.690 1.850
1983 1.170 0.310 -0.670 -0.630 -0.100 -0.040 -0.620 0.050 0.910 0.620 0.020 -0.390
1984 0.110 0.380 0.540 0.340 0.150 0.770 0.370 0.150 0.170 1.470 1.860 1.760
1985 1.440 0.880 1.410 1.590 1.990 1.100 0.940 1.460 1.270 1.010 0.650 1.000
1986 1.380 1.320 1.700 1.870 1.800 1.980 1.430 1.470 0.210 1.010 1.960 2.350
1987 1.150 0.550 -0.220 -0.350 -0.470 -1.180 -0.810 -1.240 -0.420 0.060 0.070 -0.640
1988 -0.330 0.160 -0.480 -0.920 -0.610 -0.520 -0.170 0.940 0.740 0.740 0.170 0.070
1989 0.310 0.590 1.450 1.790 1.260 0.120 -0.810 -0.660 0.390 0.360 0.920 0.100
1990 0.830 0.980 0.970 0.700 0.000 0.720 1.000 0.370 0.000 -0.180 0.150 0.220
1991 1.070 1.050 1.030 1.210 1.070 1.390 1.580 1.850 0.660 1.030 0.690 0.740
1992 -0.060 0.050 0.420 0.830 1.200 0.970 1.070 2.260 2.120 1.050 1.250 1.300
1993 1.000 0.650 0.750 0.660 0.630 0.660 1.090 0.790 0.900 1.190 1.550 1.730
1994 1.570 1.840 1.530 1.480 1.770 1.890 2.200 2.000 1.680 0.210 0.290 0.860
1995 0.540 0.290 0.560 -0.230 -1.190 -1.350 -1.050 -0.620 -0.110 -0.260 -0.970 -0.780
1996 -1.400 -0.840 -0.370 -0.850 -0.660 0.020 -0.120 -0.180 -0.040 0.300 0.060 -0.030
1997 -0.630 -0.580 -0.210 -0.910 -0.930 -0.770 -0.750 -0.140 -0.590 -1.600 -1.470 -1.140
1998 -0.910 -1.700 -1.710 -1.080 -1.360 -1.340 -1.450 -1.590 -0.970 -1.200 -1.040 -0.390
1999 0.490 0.180 0.260 0.130 -0.260 -0.460 -0.260 -0.680 -0.180 0.330 0.430 -0.060
2000 0.360 0.170 -0.380 0.030 0.270 0.960 0.030 -0.680 -0.320 0.630 0.450 0.460
2001 0.150 0.150 -0.210 -0.060 -0.180 -1.100 -0.520 -0.390 -0.930 -0.720 -1.210 -1.310
2002 -1.480 -0.940 -0.440 0.640 1.250 1.550 1.070 0.220 0.300 0.040 0.400 0.310
2003 -0.470 0.210 0.200 0.120 0.480 0.470 0.230 -0.510 -1.030 -1.840 -0.580 -0.760
2004 -1.160 -1.160 -0.710 -0.410 0.200 -0.060 -0.310 -0.840 -0.550 -0.860 -1.160 -0.940
2005 -0.680 -0.930 -1.680 -1.760 -2.000 -1.990 -1.670 -1.610 -1.700 -0.870 -0.700 -1.190
2006 -1.010 -0.670 -0.560 -1.320 -1.390 -1.440 -1.270 -1.620 -1.570 -1.510 -1.830 -0.770
2007 -0.970 -1.150 -0.580 -0.840 -0.290 -0.410 -0.240 0.150 -0.600 -0.680 -1.260 -0.440
2008 -0.260 -0.380 -0.380 0.050 -0.700 -1.120 -0.740 -0.560 -0.290 -0.410 -0.340 -0.250
2009 0.110 0.690 0.720 0.800 1.130 0.500 -0.180 0.580 1.030 -0.300 -0.010 -0.040
2010 -1.080 -1.680 -1.900 -2.310 -2.520 -1.820 -0.930 -1.730 -1.760 -1.110 -1.290 -2.010
2011 -2.320 -1.200 -0.750 -0.690 -0.360 -0.120 0.210 -0.040 0.350 -0.040 0.150 0.390
2012 0.390 0.510 0.760 0.250 -0.290 -1.040 -1.320 -1.370 -1.680 -1.370 -1.230 -0.550
2013 -0.670 -0.410 -1.270 -0.880 -0.800 0.240 0.100 -0.090 -0.350 -1.210 -0.060 0.220
2014 0.730 1.150 1.700 1.580 1.200 0.970 0.330 -0.300 0.010 0.100 0.620 0.970
2015 1.190 1.010 1.950 1.880 1.600 1.920 1.600 1.510 0.960 0.310 1.030 1.160
2016 0.240 0.870 1.300 1.250 0.740 0.430 0.460 0.220 0.720 0.770 -0.340 -0.120
2017 0.170 0.550 0.930 0.160 -0.240 0.140 0.350 0.230 -0.200 -0.340 -0.500 -0.830
2018 -0.040 1.030 0.570 1.100 2.290 2.460 1.660 1.180 1.370 0.790 1.570 1.080
2019 0.540 0.670 0.850 0.870 0.950 0.720 -0.050 0.430 0.480 0.510 0.690 0.680
2020 0.620 0.080 0.190 -0.100 -0.230 -0.530 -0.080 -0.020 -999.000 -999.000 -999.000 -999.000
2021 -999.000 -999.000 -999.000 -999.000 -999.000 -999.000 -999.000 -999.000 -999.000 -999.000 -999.000 -999.000
