1951 2025
1951 14.256 12.919 11.330 14.826 20.025 22.770 26.878 27.157 25.585 20.688 14.814 13.299
1952 13.558 12.617 12.923 14.229 17.792 26.871 28.997 29.518 26.568 20.961 17.374 11.473
1953 12.602 13.598 14.313 14.043 17.325 21.311 28.477 28.194 24.018 19.438 19.918 12.640
1954 13.487 12.986 12.349 15.106 18.275 22.514 28.506 29.271 26.783 20.015 14.548 -999.000
1955 10.071 13.794 12.489 14.253 17.431 22.993 28.506 28.202 25.567 20.091 14.516 -999.000
1956 -999.000 14.487 13.400 15.204 21.412 24.286 30.401 29.292 24.916 20.297 17.878 14.649
1957 11.688 11.472 10.409 13.011 17.830 22.321 27.483 26.380 24.743 19.080 13.499 15.227
1958 10.047 10.853 12.021 15.474 21.971 22.994 28.414 28.267 25.027 19.678 13.787 11.691
1959 10.163 11.416 12.011 14.062 18.054 23.007 28.343 28.510 25.000 20.826 14.783 13.122
1960 11.586 12.644 10.949 14.079 17.000 22.295 28.902 29.432 24.350 20.404 14.178 13.618
1961 13.392 14.330 12.884 12.848 18.864 22.934 30.417 29.502 24.382 22.591 15.577 12.454
1962 12.956 13.890 13.765 13.858 17.833 23.807 29.813 31.084 23.031 19.179 10.174 10.967
1963 -999.000 -999.000 14.530 12.807 16.226 21.085 28.229 29.440 24.060 18.330 13.800 12.833
1964 12.310 11.880 14.673 14.998 19.693 21.985 29.067 28.267 28.457 17.051 14.222 -999.000
1965 -999.000 14.295 12.536 13.023 17.611 22.266 29.740 28.913 24.496 21.324 14.396 12.708
1966 11.686 13.316 12.249 12.591 18.623 23.414 27.376 29.638 24.139 18.625 13.882 14.075
1967 12.821 12.459 12.462 13.829 19.033 23.496 28.904 30.086 24.420 17.910 14.599 13.432
1968 12.735 11.336 14.492 13.331 16.683 22.794 29.492 26.973 26.272 17.499 14.357 13.169
1969 10.935 13.364 13.766 14.540 18.114 22.731 27.926 26.769 23.929 18.580 15.167 14.122
1970 11.841 12.204 12.056 14.151 18.340 23.829 28.038 29.232 26.308 20.579 15.738 14.365
1971 -999.000 13.286 13.287 14.204 18.701 24.160 28.050 30.661 23.388 19.319 15.433 14.633
1972 -999.000 10.397 12.658 12.475 17.996 22.988 26.044 26.960 23.032 18.056 14.614 12.696
1973 12.362 12.755 15.000 15.522 20.397 24.515 29.059 28.713 26.038 20.545 15.203 13.654
1974 13.502 13.067 11.966 15.831 19.036 24.487 27.949 29.456 23.870 19.872 16.036 13.506
1975 13.217 11.691 12.650 14.348 18.856 22.354 30.795 28.697 27.209 20.804 16.062 14.039
1976 12.729 12.631 12.075 13.563 18.569 21.938 26.374 27.209 23.444 18.446 14.125 12.720
1977 11.187 11.530 12.944 14.033 16.908 23.484 28.618 27.969 23.605 18.630 15.819 11.653
1978 11.787 10.198 11.558 14.531 19.688 23.668 29.385 27.889 25.661 -999.000 15.453 12.449
1979 11.462 12.387 12.360 15.931 17.377 21.445 27.258 25.904 23.814 21.165 14.371 12.589
1980 11.112 11.243 13.256 15.944 17.839 22.784 28.352 27.812 23.105 19.991 15.348 12.743
1981 11.734 12.522 11.519 18.162 19.164 22.269 27.013 25.644 24.822 19.485 15.220 14.592
1982 11.505 10.590 12.493 13.229 17.887 21.554 26.358 27.269 23.004 19.593 13.768 13.274
1983 13.039 10.000 11.207 13.790 18.586 22.324 26.656 27.522 23.354 20.627 17.075 12.946
1984 13.008 13.693 12.989 16.233 19.262 23.624 30.305 26.673 23.118 19.708 14.065 12.880
1985 12.729 12.916 13.491 13.633 15.000 22.967 28.376 27.444 25.284 23.039 13.922 12.806
1986 13.404 11.754 13.762 14.577 18.064 21.367 28.512 27.400 24.521 21.975 14.648 -999.000
1987 12.073 11.124 11.331 15.864 19.973 23.513 24.580 26.730 25.215 19.277 19.265 -999.000
1988 12.673 11.221 15.520 14.121 18.545 23.473 28.964 27.649 25.233 23.042 18.115 13.611
1989 13.999 12.540 11.101 13.818 18.746 23.555 28.682 27.889 25.797 23.745 13.678 10.772
1990 13.065 10.299 14.406 14.041 17.632 24.780 26.576 28.080 26.264 20.050 16.017 14.582
1991 12.280 12.198 12.389 15.971 19.294 22.156 26.481 27.630 24.489 19.237 15.815 12.861
1992 10.143 11.736 12.864 13.353 17.075 21.916 25.877 27.039 25.403 20.140 13.605 12.736
1993 11.576 10.891 13.239 12.625 18.220 23.347 27.852 26.871 24.131 18.408 16.108 13.374
1994 12.871 12.218 12.857 14.602 17.937 25.691 28.665 28.301 23.729 17.004 18.240 15.000
1995 12.063 11.486 11.961 13.410 16.263 21.938 28.526 27.625 25.224 22.081 17.500 12.398
1996 12.173 13.607 13.396 14.134 19.019 22.363 27.555 26.841 25.379 22.236 15.260 12.491
1997 10.483 13.293 11.874 12.047 16.808 22.253 26.726 25.727 22.631 17.649 12.759 14.643
1998 11.323 10.605 11.930 14.200 17.355 21.070 28.212 28.087 24.660 21.122 -999.000 -999.000
1999 13.250 14.087 13.113 17.708 20.500 25.651 27.658 28.648 24.738 20.453 16.327 13.757
2000 13.303 12.507 13.341 17.245 19.212 24.711 28.626 28.113 24.007 22.500 14.607 13.802
2001 13.435 13.441 10.885 15.391 18.123 26.031 28.169 27.095 24.995 22.135 16.952 13.351
2002 12.322 12.500 12.698 15.109 18.480 23.068 26.119 26.499 24.409 17.586 15.377 12.429
2003 14.002 14.967 14.942 14.848 17.462 22.427 27.890 27.231 26.063 20.837 14.381 15.755
2004 11.624 15.000 13.736 14.701 18.865 22.327 26.907 26.709 24.791 20.170 14.676 13.229
2005 12.169 13.508 13.498 14.010 17.602 21.331 27.205 27.538 24.935 20.340 18.022 13.594
2006 13.298 12.500 12.562 15.198 17.636 23.651 26.332 26.239 23.100 18.960 14.912 14.513
2007 12.309 12.500 14.163 13.854 17.605 22.457 26.606 26.192 23.592 19.604 16.643 15.198
2008 13.064 14.339 14.007 15.485 17.722 23.131 26.905 27.082 23.644 19.758 16.392 13.005
2009 12.632 13.892 13.230 13.653 18.331 20.618 27.522 26.819 23.119 19.276 13.831 12.798
2010 11.924 11.232 13.058 13.129 18.022 23.082 27.455 26.991 24.441 20.234 13.661 13.197
2011 12.083 13.554 13.025 13.700 18.584 22.629 27.480 26.784 24.983 22.516 14.034 14.600
2012 11.907 14.244 15.805 15.188 19.296 22.312 27.927 27.516 23.512 18.510 13.230 12.843
2013 13.399 14.479 12.374 13.193 18.802 23.799 27.607 27.030 24.225 21.583 14.624 12.798
2014 11.188 12.271 12.500 15.027 17.043 22.512 26.490 27.488 25.410 18.651 13.686 13.390
2015 15.000 13.631 13.980 15.527 18.881 23.212 27.494 26.066 22.550 19.337 16.140 12.886
2016 10.727 13.155 12.109 12.300 18.658 22.778 27.596 26.562 25.176 19.084 15.381 18.293
2017 14.739 11.880 12.373 14.076 18.246 23.109 27.254 27.996 25.178 20.408 17.437 17.799
2018 13.412 10.836 12.764 11.186 16.515 22.535 29.448 27.535 25.103 14.655 12.396 13.486
2019 13.012 10.625 11.113 11.415 13.466 22.154 26.811 27.704 26.133 20.206 12.100 12.277
2020 11.392 11.490 10.454 11.789 14.833 24.167 27.836 27.395 26.605 19.621 14.103 11.307
2021 10.000 -999.000 16.172 11.234 18.217 25.769 28.146 28.004 26.724 18.534 11.910 15.295
2022 12.158 12.019 12.893 13.427 17.095 25.641 28.880 28.108 26.856 22.769 18.238 10.959
2023 12.030 14.128 10.407 12.416 15.771 20.665 27.801 26.757 23.950 18.303 14.699 13.443
2024 13.015 11.611 11.931 12.989 16.891 22.587 26.726 27.095 24.973 18.872 15.628 14.302
2025 13.714 13.522 12.757 15.067 19.294 24.644 26.223 28.214 23.764 21.177 14.770 13.025
