1951 2021
1951 -999.000 -999.000 -999.000 -999.000 -999.000 -999.000 -999.000 -999.000 -999.000 -999.000 -999.000 -999.000
1952 -999.000 -999.000 -999.000 -999.000 -999.000 -999.000 -999.000 -999.000 -999.000 -999.000 -999.000 -999.000
1953 -999.000 -999.000 -999.000 -999.000 -999.000 -999.000 -999.000 -999.000 -999.000 -999.000 -999.000 -999.000
1954 -999.000 -999.000 -999.000 -999.000 -999.000 -999.000 -999.000 -999.000 -999.000 -999.000 -999.000 -999.000
1955 -999.000 -999.000 -999.000 -999.000 -999.000 -999.000 -999.000 -999.000 -999.000 -999.000 -999.000 -999.000
1956 -999.000 -999.000 -999.000 -999.000 -999.000 -999.000 -999.000 -999.000 -999.000 -999.000 -999.000 -999.000
1957 -999.000 -999.000 -999.000 -999.000 -999.000 -999.000 -999.000 -999.000 -999.000 -999.000 -999.000 -999.000
1958 -999.000 -999.000 -999.000 -999.000 -999.000 -999.000 -999.000 -999.000 -999.000 -999.000 -999.000 -999.000
1959 -999.000 -999.000 -999.000 -999.000 -999.000 -999.000 -999.000 -999.000 -999.000 -999.000 -999.000 -999.000
1960 -999.000 -999.000 -999.000 -999.000 -999.000 -999.000 -999.000 -999.000 -999.000 -999.000 -999.000 -999.000
1961 -999.000 -999.000 -999.000 -999.000 -999.000 -999.000 -999.000 -999.000 -999.000 -999.000 -999.000 -999.000
1962 -999.000 -999.000 -999.000 -999.000 -999.000 -999.000 -999.000 -999.000 -999.000 -999.000 -999.000 -999.000
1963 -999.000 -999.000 -999.000 -999.000 -999.000 -999.000 -999.000 -999.000 -999.000 -999.000 -999.000 -999.000
1964 -999.000 -999.000 -999.000 -999.000 -999.000 -999.000 -999.000 -999.000 -999.000 -999.000 -999.000 -999.000
1965 -999.000 -999.000 -999.000 -999.000 -999.000 -999.000 -999.000 -999.000 -999.000 -999.000 -999.000 -999.000
1966 -999.000 -999.000 -999.000 -999.000 -999.000 -999.000 -999.000 -999.000 -999.000 -999.000 -999.000 -999.000
1967 -999.000 -999.000 -999.000 -999.000 -999.000 -999.000 -999.000 -999.000 -999.000 -999.000 -999.000 -999.000
1968 -999.000 -999.000 -999.000 -999.000 -999.000 -999.000 -999.000 -999.000 -999.000 -999.000 -999.000 -999.000
1969 -999.000 -999.000 -999.000 -999.000 -999.000 -999.000 -999.000 -999.000 -999.000 -999.000 -999.000 -999.000
1970 -999.000 -999.000 -999.000 -999.000 -999.000 -999.000 -999.000 -999.000 -999.000 -999.000 -999.000 -999.000
1971 -999.000 -999.000 -999.000 -999.000 -999.000 -999.000 -999.000 -999.000 -999.000 -999.000 -999.000 -999.000
1972 -999.000 -999.000 -999.000 -999.000 -999.000 -999.000 -999.000 -999.000 -999.000 -999.000 -999.000 -999.000
1973 -999.000 -999.000 -999.000 -999.000 -999.000 -999.000 -999.000 -999.000 -999.000 -999.000 -999.000 -999.000
1974 -999.000 -999.000 -999.000 -999.000 -999.000 61.000 46.200 66.900 68.500 68.900 63.500 39.000
1975 32.000 52.000 54.500 48.700 64.100 59.600 64.700 72.800 74.000 73.300 67.500 67.000
1976 51.500 53.900 41.900 47.600 48.800 38.100 37.600 40.900 48.600 43.500 51.300 24.500
1977 24.400 44.400 19.400 36.600 48.900 50.100 42.800 50.000 53.700 48.500 36.500 8.000
1978 20.300 20.700 -999.000 -999.000 -999.000 -999.000 -999.000 -999.000 -999.000 -999.000 -999.000 -999.000
1979 23.400 25.400 32.700 42.500 43.300 48.900 54.000 54.100 52.500 40.800 40.400 29.000
1980 43.800 41.800 20.000 37.600 40.100 33.200 41.500 36.900 54.500 47.200 42.100 42.200
1981 40.800 24.100 22.200 23.300 50.900 49.400 47.800 64.800 53.600 54.800 51.900 34.700
1982 49.500 36.900 28.400 37.100 49.700 40.100 27.200 24.900 32.600 24.000 16.200 22.900
1983 11.300 24.700 38.000 42.700 29.700 28.900 29.900 49.000 52.100 57.300 51.000 53.900
1984 61.900 64.800 55.700 54.600 53.400 50.700 47.000 53.700 57.800 54.900 44.600 39.100
1985 37.300 54.300 26.000 49.800 60.300 51.400 51.400 57.400 53.600 55.000 45.600 37.900
1986 37.700 49.700 54.800 43.900 48.300 40.300 43.000 53.500 37.700 40.300 24.800 -0.400
1987 -1.200 -1.000 16.500 17.600 13.300 24.500 12.500 25.800 43.800 33.700 37.400 17.600
1988 21.000 23.600 44.000 40.900 51.400 57.300 59.800 67.900 70.400 65.200 65.800 61.500
1989 61.100 61.200 57.400 47.200 49.100 53.800 52.000 57.700 62.200 55.900 37.800 34.500
1990 19.800 19.800 14.700 25.800 42.300 45.500 43.000 39.900 43.300 50.300 40.700 29.700
1991 27.900 25.700 30.800 36.900 41.900 40.500 38.900 34.500 42.500 42.900 8.800 8.600
1992 0.600 14.800 5.400 11.800 14.600 28.000 39.100 46.800 53.100 44.200 30.800 13.300
1993 23.500 9.700 21.700 5.400 19.700 22.400 25.900 40.600 40.100 28.300 45.900 26.800
1994 33.500 44.700 41.300 32.000 40.500 45.400 41.500 41.200 37.500 43.300 25.700 -6.900
1995 8.500 25.200 36.700 40.300 46.000 50.600 52.100 61.900 59.500 66.000 60.700 52.800
1996 61.700 60.400 53.500 43.500 49.200 51.800 53.400 58.900 63.900 59.500 56.100 47.300
1997 41.900 42.500 21.600 19.000 16.300 29.700 22.800 24.800 32.800 12.200 38.800 14.400
1998 24.000 30.200 39.200 53.300 37.400 42.900 53.300 60.700 68.200 64.300 64.000 57.300
1999 62.500 54.500 59.800 53.300 53.800 52.100 49.600 61.500 69.400 65.900 59.000 65.300
2000 62.000 68.800 64.300 55.200 48.500 55.900 57.900 48.800 62.400 57.500 58.200 52.200
2001 58.700 44.700 49.500 37.600 39.800 44.000 45.900 44.600 58.300 50.300 41.200 8.700
2002 31.700 16.000 22.100 41.300 45.000 32.000 49.300 25.900 24.100 29.400 20.000 12.900
2003 -0.900 18.500 24.700 42.300 44.100 56.100 42.200 57.900 53.100 51.900 55.200 36.000
2004 21.300 41.700 29.200 24.100 46.600 26.900 48.300 44.600 48.800 47.300 36.100 35.700
2005 32.500 0.300 37.100 29.400 39.400 45.500 36.700 56.000 51.900 52.000 54.500 50.200
2006 47.900 40.800 53.500 41.900 53.300 37.400 46.600 42.900 46.500 35.700 36.800 25.400
2007 12.300 34.100 43.100 36.100 43.700 49.800 56.400 56.100 61.500 67.100 51.400 60.200
2008 44.100 67.900 66.100 56.500 57.200 48.400 53.800 55.900 55.700 63.100 56.200 62.200
2009 54.500 55.800 51.700 48.100 52.300 -999.000 -999.000 -999.000 -999.000 -999.000 -999.000 -2.700
2010 2.100 -0.600 14.400 32.600 52.700 59.300 58.200 65.600 74.200 72.800 70.800 71.300
2011 66.200 70.900 64.100 53.900 46.800 42.100 46.200 53.600 56.300 66.800 59.900 60.000
2012 61.200 63.900 50.300 39.300 42.000 45.800 33.100 51.900 45.900 46.500 44.900 44.800
2013 29.900 36.600 33.400 47.100 52.300 49.200 55.200 63.600 58.100 53.500 56.000 48.400
2014 38.600 38.200 19.700 22.300 40.700 32.200 43.500 55.500 54.500 49.000 50.300 37.800
2015 36.600 32.800 8.000 21.100 28.300 21.200 39.800 27.600 28.100 28.400 23.700 -4.300
2016 2.900 -2.600 12.300 22.900 40.200 44.800 52.700 62.100 65.400 66.100 66.600 55.300
2017 49.500 56.600 54.100 43.100 44.800 53.000 37.500 54.100 63.900 60.900 61.900 48.500
2018 61.600 35.100 45.400 56.200 57.800 59.800 49.300 55.700 57.500 56.600 39.800 32.400
2019 24.000 6.400 18.200 24.300 32.200 38.600 48.200 50.700 62.000 58.400 45.900 34.100
2020 23.500 14.700 38.800 48.200 54.000 61.300 58.700 63.700 66.500 68.400 67.100 64.700
2021 69.600 52.300 59.700 38.100 45.100 56.400 51.000 66.200 65.300 70.500 69.100 53.700
