1951 2025
1951 11.462 14.753 13.110 14.417 17.555 -999.000 29.070 29.926 23.812 21.913 18.342 15.374
1952 13.914 12.841 12.186 14.882 18.709 29.565 34.869 29.969 27.476 20.815 17.492 12.023
1953 11.752 13.711 17.241 14.864 17.798 27.910 31.917 30.835 24.067 19.699 19.645 14.572
1954 13.195 13.088 12.830 16.121 21.388 -999.000 -999.000 -999.000 -999.000 19.166 15.876 -999.000
1955 11.746 -999.000 12.727 15.313 18.494 -999.000 30.307 35.312 27.425 21.569 -999.000 -999.000
1956 -999.000 -999.000 13.468 18.366 26.970 27.920 35.371 -999.000 -999.000 20.961 16.633 13.751
1957 13.468 12.612 10.380 14.980 17.063 -999.000 -999.000 28.612 23.790 17.927 16.439 14.971
1958 10.496 11.803 11.447 12.571 16.012 25.951 30.926 23.811 26.526 19.530 17.441 13.030
1959 10.717 12.712 14.526 15.056 18.864 28.023 -999.000 31.960 32.188 21.306 17.151 15.974
1960 11.481 12.835 11.829 15.375 20.649 27.706 29.292 29.709 -999.000 19.776 17.564 13.854
1961 11.856 14.179 13.626 14.672 -999.000 -999.000 -999.000 -999.000 -999.000 -999.000 14.409 -999.000
1962 13.274 12.976 -999.000 13.161 -999.000 -999.000 -999.000 -999.000 -999.000 18.352 17.247 -999.000
1963 -999.000 -999.000 14.611 10.645 16.837 26.880 -999.000 -999.000 26.259 19.144 15.578 13.403
1964 12.671 11.880 13.379 16.436 18.698 -999.000 -999.000 30.678 -999.000 21.665 -999.000 -999.000
1965 -999.000 -999.000 11.613 15.622 17.033 25.193 28.970 -999.000 23.848 18.574 16.101 15.037
1966 12.081 12.197 11.559 13.960 18.789 24.672 25.634 24.264 23.298 18.497 17.650 15.241
1967 15.028 13.898 11.316 14.350 18.266 27.516 30.854 29.689 26.299 18.322 14.295 12.457
1968 12.179 10.133 13.123 15.190 16.755 27.162 32.468 27.284 24.972 16.306 13.367 13.036
1969 10.444 12.287 11.748 15.115 18.547 22.759 29.685 29.690 25.231 18.160 18.015 13.857
1970 10.416 10.545 11.652 13.874 18.835 26.763 28.153 32.658 25.594 21.212 17.772 17.309
1971 -999.000 -999.000 12.875 14.327 19.826 29.190 -999.000 28.989 25.008 20.741 16.258 17.223
1972 13.409 -999.000 14.451 12.862 18.456 21.455 -999.000 31.115 21.474 17.964 16.171 14.843
1973 13.148 11.360 13.359 16.115 18.853 29.294 33.433 33.589 28.328 20.385 18.930 16.489
1974 13.885 14.991 14.322 15.487 18.582 26.085 28.087 29.525 21.587 21.063 16.806 14.452
1975 12.792 11.345 12.876 16.173 19.174 -999.000 32.888 34.540 26.300 20.272 18.249 15.540
1976 12.057 12.711 12.221 14.662 17.489 28.096 33.102 31.860 25.887 17.620 19.105 14.117
1977 12.713 13.450 15.470 12.613 16.771 28.936 30.373 33.197 24.064 22.926 17.343 12.035
1978 10.771 -999.000 10.573 13.704 20.100 27.967 35.254 32.739 23.388 19.132 17.498 11.813
1979 10.723 10.661 12.688 13.526 15.466 26.930 27.077 30.221 22.314 17.177 17.479 12.287
1980 11.588 11.336 10.893 15.224 16.951 26.735 32.875 32.433 22.927 17.125 16.427 13.563
1981 -999.000 11.427 10.046 15.595 17.423 23.751 32.227 28.574 23.878 19.618 16.896 12.574
1982 11.454 11.430 13.119 11.560 15.632 24.813 28.165 30.469 22.953 17.450 14.877 13.737
1983 12.944 -999.000 11.013 13.265 17.684 26.399 26.868 35.000 26.304 19.569 14.618 14.593
1984 13.426 14.134 12.825 14.109 -999.000 28.724 29.335 -999.000 20.309 20.685 15.262 15.476
1985 10.535 14.518 15.277 15.261 17.480 22.733 33.809 32.135 23.217 19.620 15.842 14.253
1986 12.792 11.190 13.190 14.216 20.640 24.564 33.041 32.171 22.040 18.967 16.812 12.310
1987 11.381 -999.000 -999.000 14.014 15.724 21.907 27.695 32.370 26.552 19.028 18.140 15.983
1988 13.317 10.618 13.203 13.539 21.644 27.101 31.340 28.991 25.264 18.822 15.618 14.153
1989 15.263 14.579 11.653 15.779 19.258 25.625 27.948 29.538 23.405 18.463 15.349 10.632
1990 14.943 -999.000 11.659 13.644 24.390 26.028 29.166 29.260 26.246 16.862 17.626 13.355
1991 12.614 12.095 12.605 14.311 19.289 25.374 31.588 30.336 20.835 19.713 16.002 12.631
1992 10.786 12.053 14.511 12.898 18.125 24.023 30.118 30.732 25.295 18.759 17.657 13.075
1993 13.582 14.733 12.451 13.574 17.707 25.077 26.879 27.934 26.128 20.293 17.798 15.037
1994 13.431 12.882 15.409 13.537 21.353 27.909 34.048 32.713 26.393 18.432 13.951 13.194
1995 11.096 11.860 12.667 13.822 14.311 23.131 29.758 30.678 24.383 20.822 15.648 13.004
1996 12.410 12.239 13.105 13.651 17.410 22.261 29.520 31.398 26.852 19.957 17.784 15.817
1997 10.662 14.233 11.975 10.242 17.293 26.886 33.445 32.541 24.652 15.671 14.358 12.981
1998 12.735 10.465 12.498 13.675 17.542 22.679 29.206 -999.000 27.216 21.930 17.505 20.000
1999 13.773 13.648 15.937 19.062 20.465 26.012 32.464 32.606 27.979 20.524 17.996 16.046
2000 13.885 13.443 14.976 17.430 26.765 25.218 35.222 29.198 20.115 21.326 17.543 16.078
2001 15.070 14.956 11.217 15.075 20.777 29.092 30.791 31.701 22.968 23.843 17.837 14.025
2002 11.706 12.284 12.144 15.317 22.270 26.499 28.358 33.267 24.277 18.033 16.534 13.126
2003 12.383 11.283 12.360 14.278 17.812 21.070 -999.000 28.418 25.753 19.570 17.654 14.950
2004 -999.000 13.970 15.829 15.373 20.054 25.629 26.435 28.565 25.935 17.395 15.867 15.850
2005 11.427 11.783 12.388 13.386 15.603 24.703 28.896 26.882 -999.000 22.500 17.653 14.951
2006 15.198 14.099 11.502 15.062 26.069 23.608 31.229 32.157 25.443 22.500 14.590 16.126
2007 15.107 10.906 14.147 12.637 14.599 25.724 31.031 32.597 23.257 20.607 17.348 15.411
2008 13.184 14.317 13.672 16.010 18.666 -999.000 32.729 30.612 25.032 23.221 19.152 16.118
2009 14.257 14.506 12.166 14.722 20.415 21.312 28.178 29.751 26.009 17.263 17.076 12.127
2010 12.025 10.595 13.114 15.060 19.527 16.461 31.226 34.891 23.740 19.399 18.582 14.696
2011 14.031 11.790 15.226 14.120 18.361 26.660 30.307 31.392 26.343 18.334 17.629 16.788
2012 10.998 13.494 15.506 14.339 15.830 -999.000 28.197 31.968 26.466 17.105 15.276 14.289
2013 11.083 12.308 11.419 14.475 17.834 28.274 29.816 32.331 26.050 18.235 16.485 14.883
2014 11.963 11.723 10.927 16.345 14.882 19.022 -999.000 28.794 25.930 16.756 17.600 15.307
2015 12.954 -999.000 12.500 19.758 19.771 26.293 35.700 25.822 23.799 16.857 16.783 15.324
2016 -999.000 13.774 10.855 14.294 17.841 26.914 28.487 32.942 25.306 -999.000 18.088 19.760
2017 13.372 15.000 12.967 15.046 19.249 28.210 33.270 27.642 24.543 23.252 17.408 17.500
2018 15.534 12.172 12.422 13.902 19.644 26.279 27.900 30.000 25.052 18.094 17.947 15.000
2019 12.480 10.700 13.200 12.637 15.960 24.360 27.500 31.271 27.258 19.668 18.827 14.270
2020 11.274 13.038 10.523 12.112 16.982 27.101 27.306 29.561 23.640 22.500 17.868 16.271
2021 15.556 10.355 14.295 10.931 12.729 25.000 27.500 24.494 28.208 20.098 17.500 12.298
2022 -999.000 12.611 12.338 16.921 17.500 18.767 32.245 30.231 24.958 21.215 18.587 16.259
2023 15.224 16.583 11.416 13.316 15.312 -999.000 27.500 24.721 27.300 18.148 15.569 14.790
2024 12.144 11.374 12.552 14.489 15.174 -999.000 27.500 31.786 29.667 21.038 19.809 16.207
2025 16.379 13.711 14.952 21.185 18.992 27.333 31.380 29.967 26.546 20.668 18.317 15.843
