1951 2025
1951 3.010 4.591 3.390 4.368 1.205 3.011 1.738 4.224 2.922 2.504 3.179 1.952
1952 4.358 7.189 3.942 1.201 1.893 1.741 2.634 1.933 2.257 2.535 6.993 3.163
1953 1.697 5.042 1.702 4.093 2.550 2.063 2.003 2.918 2.019 2.863 2.932 4.796
1954 3.048 3.640 3.705 2.930 2.698 1.911 4.542 3.986 1.409 2.278 4.357 4.789
1955 4.795 2.796 2.322 3.999 2.104 0.990 2.018 2.154 1.903 2.437 1.357 3.405
1956 3.860 3.615 3.772 1.006 3.920 3.132 2.471 1.811 3.855 1.529 5.610 4.002
1957 2.082 1.141 1.599 3.893 4.319 1.764 1.313 1.190 4.788 2.134 2.662 0.629
1958 2.749 2.530 1.934 5.290 1.489 3.206 1.210 2.845 3.693 1.832 3.996 3.137
1959 3.372 2.253 2.264 2.619 5.919 4.019 3.367 3.283 3.132 1.536 6.035 4.982
1960 1.206 2.578 3.856 4.698 1.257 2.382 2.572 2.551 2.810 0.934 4.614 3.613
1961 5.163 2.610 6.395 3.111 2.976 4.700 3.674 1.904 1.426 3.180 2.061 2.777
1962 1.881 2.996 2.818 5.592 4.453 2.149 1.131 2.356 1.504 1.926 4.977 2.899
1963 1.911 2.056 2.630 3.840 4.573 1.857 2.208 2.420 3.039 2.320 1.783 1.178
1964 3.992 4.634 6.302 3.015 4.344 4.047 2.455 2.849 3.801 3.018 2.086 4.148
1965 5.491 3.576 2.993 2.804 2.095 4.023 2.496 2.575 4.395 2.162 3.327 5.440
1966 3.632 2.014 2.531 5.581 2.790 3.166 1.662 0.996 2.893 3.270 6.184 5.921
1967 3.154 2.871 3.557 3.971 5.125 2.167 2.635 3.235 1.579 2.605 6.739 6.020
1968 3.841 2.394 1.797 3.329 3.626 4.151 4.216 2.222 2.633 2.849 5.837 4.339
1969 4.040 6.368 1.950 4.666 1.411 1.487 2.078 4.193 3.655 0.815 2.778 6.058
1970 3.092 1.485 4.047 2.955 3.588 3.990 3.985 3.238 2.269 2.593 2.606 2.175
1971 2.437 2.220 2.682 1.879 1.811 1.918 2.633 3.147 1.576 1.450 2.282 3.715
1972 4.443 5.112 1.950 2.027 2.247 2.918 2.391 3.071 4.267 1.946 2.504 4.554
1973 2.616 3.018 1.026 6.051 2.848 4.072 2.711 1.910 2.829 1.674 3.123 2.673
1974 6.121 3.922 4.267 2.832 4.389 4.544 5.825 2.162 2.070 7.705 2.995 4.334
1975 1.464 2.557 2.651 1.621 3.583 3.001 1.819 1.669 2.350 2.918 2.801 2.680
1976 4.667 3.711 4.970 2.215 2.598 2.239 1.184 2.814 1.668 4.008 4.835 7.151
1977 2.066 2.360 1.571 3.063 2.996 3.201 2.375 1.552 1.667 1.781 4.481 2.906
1978 4.165 2.250 5.767 1.145 2.627 1.052 3.164 2.459 1.882 2.958 2.653 2.301
1979 5.425 7.486 4.093 1.810 4.624 5.546 3.302 1.153 2.179 3.056 5.861 3.893
1980 3.360 3.549 4.724 3.213 3.006 1.310 3.329 3.540 1.445 3.332 2.646 3.286
1981 3.925 4.970 2.100 2.077 2.833 1.855 1.685 2.191 1.827 4.386 5.625 5.779
1982 2.194 2.633 3.062 1.539 2.234 3.228 1.156 2.192 3.598 4.482 3.580 4.097
1983 3.236 3.247 0.881 5.247 3.593 3.275 1.790 2.493 3.264 2.441 1.875 2.466
1984 2.464 7.523 4.554 6.986 4.299 2.112 3.256 2.695 4.202 3.127 4.591 6.698
1985 2.237 1.953 6.005 1.558 2.567 2.806 1.317 2.015 2.219 1.727 3.022 2.047
1986 3.262 2.664 5.686 4.504 1.663 3.023 5.498 2.155 2.204 2.860 5.485 3.089
1987 2.019 0.845 6.529 0.845 4.813 6.079 1.988 1.928 1.106 6.918 4.685 3.818
1988 4.731 3.874 6.995 2.893 2.085 4.704 3.038 2.369 1.306 2.254 2.713 2.667
1989 1.818 1.737 3.738 4.738 2.593 6.764 1.899 1.127 2.986 1.734 3.530 3.308
1990 1.997 3.349 2.623 3.716 3.218 2.641 3.086 2.609 2.911 2.253 2.522 4.896
1991 3.057 5.098 2.461 3.004 4.029 3.597 1.946 1.783 5.543 4.519 3.641 1.647
1992 2.795 3.372 3.847 4.427 1.165 4.997 1.507 4.246 3.916 1.844 3.580 2.701
1993 2.850 2.208 3.115 2.397 4.136 2.808 1.193 1.473 2.592 1.442 5.264 5.183
1994 5.046 4.757 2.222 4.301 1.575 3.420 2.185 1.960 2.236 1.861 1.887 2.726
1995 5.434 2.784 5.020 4.804 3.838 5.680 1.299 1.731 3.163 2.032 3.821 2.647
1996 7.085 4.331 6.812 2.955 2.760 2.025 3.912 3.191 3.640 2.179 5.524 3.937
1997 3.677 2.642 4.444 3.981 1.292 4.147 4.050 2.926 3.314 3.423 4.827 4.784
1998 2.783 2.107 4.536 1.962 2.644 4.462 2.225 5.008 3.979 2.379 0.939 2.006
1999 2.168 6.156 4.043 2.304 3.404 4.728 2.750 2.095 1.258 4.258 4.971 1.751
2000 2.289 1.729 2.235 4.807 2.336 1.393 3.636 2.397 0.998 5.537 4.517 2.182
2001 3.584 2.639 1.446 7.549 2.138 2.662 4.841 3.636 4.066 1.001 3.292 2.346
2002 2.006 2.589 2.275 5.461 1.473 1.838 2.353 3.708 2.031 1.245 2.057 2.014
2003 2.260 3.437 2.217 4.265 2.737 4.510 3.533 1.702 1.845 3.913 3.668 2.466
2004 5.870 3.942 4.674 2.625 3.838 3.560 2.271 3.234 1.194 2.263 2.224 2.633
2005 3.123 2.891 4.003 2.849 1.872 1.576 0.658 2.343 2.078 3.974 4.628 2.811
2006 4.130 3.618 2.603 4.213 2.737 1.015 3.141 2.915 0.835 3.577 4.734 3.143
2007 4.453 3.874 4.323 2.228 4.504 2.099 2.331 2.994 1.893 5.148 3.180 2.024
2008 5.156 2.221 1.722 3.108 2.356 4.109 3.599 2.487 2.595 1.290 2.881 7.795
2009 1.905 3.601 6.053 2.494 4.470 2.890 1.422 1.293 1.352 2.388 5.175 3.794
2010 3.714 3.099 3.768 3.255 6.229 2.267 4.877 2.312 2.206 2.555 1.920 5.693
2011 3.368 3.464 2.029 2.207 3.081 2.137 5.124 4.203 4.901 2.812 2.749 3.303
2012 4.220 6.659 5.003 3.435 3.551 4.253 1.969 1.397 1.990 3.312 3.199 3.755
2013 2.181 4.434 0.617 2.467 3.753 2.112 1.715 1.302 2.970 1.589 2.678 2.562
2014 4.245 6.543 1.330 2.028 3.217 1.677 2.855 2.893 3.075 2.483 5.812 2.035
2015 3.253 2.546 3.897 2.492 3.299 1.934 3.211 3.548 2.387 1.792 1.914 1.960
2016 8.185 5.606 2.325 2.691 6.208 2.891 2.242 2.858 4.664 3.777 2.850 2.488
2017 1.662 2.602 1.508 1.987 1.489 4.197 2.064 2.469 3.980 3.001 5.076 3.777
2018 5.911 5.227 0.880 1.874 5.150 5.057 3.258 3.166 1.413 2.688 4.992 5.106
2019 2.287 2.909 3.646 4.668 3.570 3.759 3.116 2.974 0.999 0.704 5.135 3.223
2020 2.138 2.840 3.128 5.516 2.682 2.950 3.683 4.210 1.478 3.745 3.662 5.504
2021 5.862 3.840 1.555 3.334 1.931 4.478 2.715 1.728 3.892 2.815 2.645 3.378
2022 3.120 2.602 3.666 2.185 3.074 2.353 4.838 4.852 3.550 2.704 4.888 4.808
2023 5.485 5.216 1.904 5.449 3.754 3.346 0.798 2.641 3.895 2.256 3.165 3.586
2024 2.702 2.741 3.994 2.198 3.289 3.201 2.237 2.439 4.255 4.468 1.375 2.712
2025 1.712 3.801 2.526 2.857 2.985 1.871 1.154 1.097 4.416 3.595 3.615 4.429
