1951 2025
1951 19.534 16.200 11.074 5.789 2.393 -1.636 -0.155 -1.800 -1.817 0.273 8.795 12.662
1952 14.590 13.583 7.492 -1.440 1.813 1.046 0.790 -1.436 -8.130 6.519 12.731 11.904
1953 12.351 11.133 4.015 -2.021 -2.325 -1.567 -0.283 -2.981 -3.379 0.682 8.201 15.788
1954 12.857 10.895 6.496 4.309 -0.136 0.433 3.900 0.256 0.101 -1.687 14.490 17.403
1955 16.837 16.375 14.901 5.187 6.861 -1.920 -0.324 1.080 -0.669 7.496 17.910 21.519
1956 20.435 17.901 10.637 5.441 6.622 -0.671 0.237 1.507 1.021 8.231 18.544 18.732
1957 20.504 18.289 14.629 3.777 0.162 0.076 -0.954 -3.513 -1.615 1.149 7.079 7.064
1958 10.367 1.363 -2.765 -2.825 2.183 0.402 -3.630 2.143 -3.060 5.581 9.293 13.605
1959 14.692 5.788 6.954 3.686 2.547 -0.493 3.533 4.691 5.318 6.095 13.361 19.823
1960 16.043 15.154 7.211 6.749 5.251 0.253 3.313 4.519 4.599 8.787 13.824 17.547
1961 16.282 16.578 10.606 0.960 2.750 1.131 2.539 7.780 1.745 7.829 9.377 17.811
1962 16.810 13.235 9.378 14.540 13.333 0.987 7.374 4.271 5.568 11.810 15.070 16.378
1963 16.252 8.079 4.505 6.133 3.780 -1.240 1.175 2.875 -2.753 0.703 1.658 9.213
1964 13.709 11.257 4.030 1.401 5.808 2.689 2.900 3.857 5.286 8.912 13.772 16.655
1965 18.787 13.599 8.581 3.502 -0.436 -3.724 -3.378 -2.039 -2.877 2.228 1.533 5.073
1966 9.804 1.705 5.190 5.183 1.262 -1.227 2.306 4.121 -0.382 9.110 10.929 14.053
1967 24.278 18.017 12.826 9.917 7.463 6.847 7.987 6.976 -0.685 8.718 16.710 16.606
1968 18.983 15.262 13.940 11.036 6.705 4.985 7.600 2.650 2.827 8.084 13.419 14.303
1969 8.471 10.387 7.570 4.742 -0.560 2.139 -0.146 -7.053 1.432 -1.986 8.334 15.392
1970 12.251 10.487 12.364 6.990 9.450 10.320 4.933 8.054 6.258 14.734 18.055 24.763
1971 24.723 21.361 25.224 19.551 11.759 11.308 8.703 10.128 6.604 15.367 21.484 18.741
1972 21.241 19.650 16.939 9.352 5.506 2.809 3.462 -3.426 3.821 0.713 1.816 4.476
1973 6.999 4.189 7.767 0.697 2.642 10.376 4.973 8.230 6.059 11.858 20.325 26.669
1974 27.979 23.262 15.987 15.474 9.250 4.505 4.637 5.178 2.439 12.119 17.841 15.811
1975 22.232 19.527 17.441 10.164 4.646 10.887 4.634 3.685 5.540 15.427 19.796 24.631
1976 31.792 27.862 24.365 16.922 10.376 -1.329 -1.729 -0.603 -5.432 2.232 4.651 13.766
1977 15.021 19.447 13.238 5.595 4.520 0.577 2.285 0.562 -2.894 4.874 8.093 10.168
1978 18.596 10.844 13.839 10.143 10.669 3.997 0.204 4.877 1.440 4.742 11.623 15.563
1979 15.289 14.657 14.646 6.891 7.568 3.963 -4.211 -7.906 -2.988 5.209 4.962 10.954
1980 13.627 7.732 13.967 7.483 3.417 -0.280 0.843 -1.463 -2.997 4.302 9.562 13.491
1981 12.095 17.890 7.636 13.353 8.417 7.736 3.471 -6.435 0.880 1.809 9.811 22.777
1982 19.075 14.383 11.900 6.947 0.451 -0.161 -4.160 -4.704 -7.827 -3.705 1.774 -1.164
1983 -0.215 -0.607 -7.474 -7.774 -2.605 -0.737 -3.144 0.706 -0.364 6.470 12.026 14.726
1984 10.763 16.649 5.504 5.737 9.400 4.890 5.282 3.264 -1.180 8.775 12.604 17.497
1985 15.286 21.177 20.084 12.578 7.147 4.138 -2.903 -2.643 -2.103 -2.633 9.492 13.382
1986 15.633 7.836 9.579 19.839 6.335 0.295 -0.739 -0.823 -2.033 -2.313 4.145 9.709
1987 11.921 12.001 4.232 1.611 -2.250 -1.925 -6.066 -6.014 -5.487 -1.820 2.968 11.582
1988 12.992 18.347 11.716 10.782 11.679 5.504 5.859 -4.572 8.650 14.814 21.283 24.356
1989 24.547 27.695 15.939 18.615 11.472 4.086 0.874 -4.826 -7.837 7.110 15.914 16.633
1990 24.150 10.923 16.735 12.571 4.936 1.807 -1.386 0.475 -0.321 0.370 8.071 10.102
1991 14.280 12.629 10.232 7.407 0.300 -1.827 -3.607 -0.838 -5.156 -0.702 6.199 8.427
1992 12.267 1.167 2.517 2.114 -0.758 -0.493 -1.473 0.324 -6.690 4.106 6.054 15.457
1993 7.378 7.364 10.773 4.853 -2.376 -3.447 0.608 -6.532 -6.295 0.704 1.302 12.870
1994 15.807 15.324 12.042 7.595 2.387 0.814 0.017 -2.420 -5.923 -9.392 3.343 13.927
1995 13.051 7.575 11.562 4.986 4.621 -1.736 -5.057 -5.732 -3.377 0.886 11.475 10.633
1996 20.128 16.319 8.543 10.807 7.136 2.444 1.720 -2.877 -3.971 -0.001 7.578 17.315
1997 17.023 22.067 16.462 10.486 2.533 -5.296 -5.962 -7.263 -7.947 -4.629 -5.511 -1.738
1998 -4.136 -3.547 -6.866 -7.366 -0.287 3.502 1.727 -6.650 -4.513 2.042 13.957 16.768
1999 25.493 20.900 10.710 7.829 7.287 0.357 5.347 -5.725 -10.340 4.716 15.973 24.827
2000 22.427 22.005 14.753 7.914 6.269 9.357 -1.150 3.033 -8.227 5.834 11.393 17.072
2001 20.851 28.730 12.318 6.821 6.381 2.768 -0.723 3.304 -6.757 1.238 12.933 17.062
2002 19.116 24.485 10.566 8.843 1.742 1.529 -3.720 0.809 -4.751 0.370 6.454 8.828
2003 13.571 8.411 8.498 5.682 9.061 -2.221 4.877 -3.623 -5.464 3.030 6.333 17.960
2004 12.537 15.436 17.972 10.876 8.363 6.167 -4.900 -1.948 -8.298 -0.517 4.126 9.669
2005 18.077 10.780 4.413 6.356 4.670 -1.960 2.627 -6.228 -1.078 3.368 9.084 13.326
2006 23.774 17.043 16.819 12.203 4.527 0.112 -2.657 -1.739 -2.107 -4.565 2.513 7.507
2007 14.470 10.841 15.766 10.592 3.631 7.239 -0.114 -2.110 4.662 3.831 17.088 17.921
2008 22.363 25.422 17.297 15.474 7.275 3.434 -0.427 -3.277 -1.726 1.296 16.487 23.389
2009 19.212 23.155 17.645 9.553 3.099 -0.698 2.891 -6.866 4.366 -5.408 3.838 8.215
2010 10.172 9.663 4.046 4.316 6.124 1.427 0.119 -0.084 -4.977 10.742 15.405 24.729
2011 28.745 26.190 22.412 18.045 13.024 7.188 6.936 -1.017 1.622 0.006 11.018 26.137
2012 27.247 19.543 20.399 11.800 7.275 3.053 0.554 -6.890 1.708 0.558 8.733 12.082
2013 21.839 15.206 15.929 13.321 7.237 4.530 2.007 -8.757 0.603 2.996 8.361 21.148
2014 20.823 19.241 11.468 7.330 0.418 1.708 -2.082 -9.590 -4.518 -0.117 1.795 10.260
2015 12.338 18.506 16.651 2.325 -3.759 -1.079 -6.090 -5.966 -8.687 -8.061 -1.250 5.182
2016 6.016 7.709 7.215 2.102 0.990 -0.324 -1.021 0.138 -0.922 1.373 13.995 14.291
2017 18.644 14.402 15.787 5.640 2.997 -0.713 -1.497 -4.817 -4.648 7.212 13.847 14.924
2018 21.183 17.243 20.774 13.817 5.526 -3.961 2.365 -4.045 -6.921 -1.462 7.475 14.684
2019 18.378 12.575 10.654 9.795 2.301 3.443 -5.069 -2.273 -9.856 -3.285 8.218 10.343
2020 20.595 20.779 15.902 12.456 10.851 2.548 3.838 -2.993 4.928 9.920 10.711 26.336
2021 33.275 25.465 17.750 17.458 13.374 3.669 10.029 -1.888 6.487 3.509 14.818 31.467
2022 24.506 25.790 21.892 17.673 13.197 5.891 11.492 -0.382 -3.477 9.530 14.325 26.229
2023 20.082 29.312 16.230 13.477 10.901 -0.469 2.114 -6.354 -1.294 -3.045 0.329 5.298
2024 8.139 3.527 12.729 5.561 5.277 -0.264 3.950 -7.636 -0.045 6.195 6.006 26.473
2025 16.423 25.241 14.517 7.895 5.796 4.883 4.827 -1.836 0.127 4.957 19.418 18.480
