1951 2025
1951 0.000 0.000 0.000 0.000 0.000 3.816 11.717 12.323 5.584 0.000 0.000 0.000
1952 0.000 0.000 0.000 0.000 0.000 8.443 13.673 11.965 1.669 1.542 0.000 0.000
1953 0.000 0.000 0.000 0.000 0.000 8.385 13.850 12.987 4.559 0.000 0.000 0.000
1954 0.000 0.000 0.000 0.000 0.000 1.721 10.159 11.091 4.359 0.000 0.000 0.000
1955 0.000 0.000 0.000 0.000 0.000 1.129 9.630 7.305 3.311 0.000 0.000 0.000
1956 0.000 0.000 0.000 0.000 0.000 1.579 9.246 9.400 1.721 0.000 0.000 0.000
1957 0.000 0.000 0.000 0.000 0.446 2.404 11.388 11.512 4.598 0.000 0.000 0.000
1958 0.000 0.150 0.000 3.346 0.000 9.487 13.331 12.854 7.467 0.000 0.497 0.000
1959 0.000 3.052 2.502 0.000 0.000 5.088 13.167 11.359 4.846 1.756 0.000 0.000
1960 0.000 0.000 0.000 0.000 0.000 5.822 11.596 12.412 2.591 0.000 0.000 0.000
1961 0.000 0.000 0.000 0.000 3.281 4.828 10.446 12.493 0.923 0.000 0.000 0.000
1962 0.000 0.000 0.000 0.000 0.290 2.982 11.793 11.516 6.064 0.143 0.000 0.000
1963 0.000 0.000 0.000 0.000 0.433 3.792 9.769 11.008 3.544 0.000 0.000 0.000
1964 0.588 0.000 0.733 0.513 0.000 1.673 10.204 9.170 2.776 0.000 0.000 0.000
1965 0.000 0.000 0.000 0.000 0.000 2.265 9.711 7.467 2.869 0.000 0.000 0.000
1966 0.000 0.000 0.000 0.000 0.000 3.903 11.284 10.798 3.531 0.000 0.000 0.000
1967 0.000 0.000 0.000 0.000 1.019 0.487 11.045 10.441 0.000 0.000 0.000 0.000
1968 0.000 0.000 0.000 0.000 0.000 2.453 12.108 11.694 2.275 0.000 0.000 0.000
1969 0.000 0.000 1.793 0.526 2.175 6.521 13.447 7.953 1.303 0.000 0.000 0.000
1970 0.000 0.000 0.000 4.165 0.076 6.914 12.028 10.229 5.777 0.000 0.000 0.000
1971 0.000 0.000 0.000 0.000 0.000 1.223 8.179 5.373 0.000 0.000 0.000 0.000
1972 0.000 0.000 0.000 0.000 0.000 0.517 11.011 9.429 5.456 1.623 1.383 0.000
1973 2.362 1.504 1.942 2.001 5.842 4.716 12.649 11.203 7.173 0.000 0.000 0.000
1974 0.000 0.000 0.000 0.000 0.000 0.272 9.392 7.885 3.061 0.000 0.000 0.000
1975 0.000 0.000 0.000 2.546 0.000 3.012 7.469 10.843 3.026 0.137 0.000 0.000
1976 0.000 0.000 0.000 0.000 0.000 0.397 10.045 10.561 1.407 0.000 0.793 0.000
1977 0.000 0.585 1.457 0.000 0.000 7.691 12.848 12.864 8.409 1.945 0.000 0.659
1978 0.000 0.376 0.075 0.000 0.880 10.991 10.937 12.834 1.634 0.000 0.215 0.000
1979 0.000 0.000 0.000 0.000 0.818 11.099 15.143 11.785 2.840 0.638 0.000 0.000
1980 0.000 0.000 0.515 0.000 7.079 13.646 15.251 13.307 10.993 4.459 2.022 0.000
1981 0.000 0.000 0.971 2.031 1.041 8.582 12.976 11.132 7.544 2.414 0.000 0.000
1982 0.000 0.000 0.000 2.497 1.185 10.699 12.758 14.228 7.429 0.000 0.000 0.000
1983 0.000 0.000 2.346 2.039 4.887 9.715 15.211 18.068 10.007 1.283 0.000 0.730
1984 0.000 0.000 0.000 1.114 0.000 4.303 8.160 10.654 0.000 1.936 0.000 0.000
1985 0.000 0.000 0.000 0.000 0.434 7.762 12.157 11.724 3.864 0.069 0.000 1.739
1986 0.000 0.000 0.000 0.000 0.000 7.907 14.208 11.056 8.252 0.570 2.266 1.022
1987 0.000 0.000 0.000 0.377 0.752 12.670 13.600 13.643 10.537 3.199 0.000 4.418
1988 2.935 0.000 2.316 0.745 5.959 6.905 14.715 12.435 6.911 0.291 0.000 0.000
1989 0.000 0.000 0.000 0.000 1.374 7.516 13.476 10.343 4.390 0.072 0.146 1.030
1990 0.000 0.656 0.000 0.000 3.150 11.151 12.784 14.353 9.507 0.000 0.286 0.865
1991 3.353 0.000 2.289 0.742 0.809 10.840 14.703 14.898 9.090 0.000 0.000 0.000
1992 0.000 0.000 1.415 0.000 0.000 6.446 12.083 12.746 6.198 0.000 0.000 0.650
1993 0.000 0.000 0.000 0.000 0.000 8.886 13.080 12.405 7.908 3.058 1.466 0.000
1994 0.000 0.000 0.000 0.000 1.898 10.674 13.453 13.581 6.810 0.000 1.580 0.000
1995 0.000 0.598 0.000 0.000 3.863 8.196 12.457 12.031 9.227 0.829 0.000 0.000
1996 0.000 0.000 0.000 0.000 3.209 8.777 13.275 11.605 3.022 0.359 0.000 0.000
1997 0.000 0.000 0.365 0.000 1.905 4.676 15.546 15.287 8.470 1.040 1.234 2.809
1998 0.000 4.072 2.433 6.444 9.812 13.213 15.141 15.809 7.204 5.347 0.215 0.000
1999 0.000 0.000 0.000 1.610 0.656 4.926 13.073 11.647 1.237 0.551 0.000 0.000
2000 0.000 0.000 0.000 0.000 0.000 9.239 10.868 12.364 5.328 0.852 0.146 0.217
2001 0.000 0.000 0.000 0.800 0.596 6.291 12.471 15.702 4.358 4.596 0.000 0.000
2002 1.606 1.480 1.037 1.528 2.748 8.649 16.707 14.172 6.362 1.828 2.675 2.791
2003 3.599 2.196 1.327 3.051 7.579 6.458 14.594 15.454 9.703 0.000 0.939 0.000
2004 0.000 2.444 0.371 0.224 1.768 10.862 11.753 13.952 5.673 3.085 1.601 0.000
2005 0.000 0.669 5.761 6.289 1.947 8.855 17.147 15.803 14.584 1.077 0.000 0.000
2006 0.000 1.924 0.000 1.164 4.914 10.757 16.897 15.128 10.479 6.320 0.000 3.340
2007 2.853 4.251 0.000 3.977 4.029 9.383 14.634 13.745 11.921 0.960 0.146 0.506
2008 0.000 0.000 0.000 0.219 0.000 9.606 13.131 9.675 5.588 4.234 0.000 0.578
2009 0.000 0.000 0.000 2.522 0.730 6.151 14.229 15.247 11.437 5.620 0.000 2.200
2010 1.332 2.637 4.664 4.760 9.900 16.396 16.627 15.394 8.828 2.321 0.000 0.000
2011 0.000 0.000 0.000 1.319 2.863 9.860 13.432 13.225 10.499 0.425 0.000 0.000
2012 0.000 0.000 0.000 0.000 0.584 6.949 15.016 13.958 10.622 1.076 0.369 0.000
2013 4.996 0.000 0.684 2.688 5.592 12.662 15.139 13.491 6.225 5.923 0.000 1.498
2014 1.443 0.000 0.595 1.114 2.985 11.734 17.207 14.463 11.456 2.292 3.058 0.000
2015 1.108 0.000 2.709 3.090 6.076 14.666 17.341 16.153 12.788 8.974 4.184 5.406
2016 4.785 4.809 7.460 6.375 9.895 16.069 18.135 18.788 16.420 4.553 0.882 5.009
2017 1.481 0.000 0.000 0.908 8.829 13.581 18.567 16.167 12.115 6.065 2.082 3.589
2018 0.000 3.591 1.328 2.065 8.958 14.456 18.826 17.417 13.466 5.254 4.032 5.213
2019 2.833 6.365 5.454 7.400 7.754 14.124 18.537 17.482 16.146 6.535 3.956 2.137
2020 5.576 7.650 8.055 10.044 9.617 14.372 17.241 16.933 13.869 8.081 4.556 0.595
2021 2.289 0.000 3.080 2.431 9.616 14.291 18.133 17.196 13.256 7.406 2.118 2.925
2022 0.000 0.000 1.114 1.986 8.009 9.649 16.916 15.429 11.072 3.999 3.575 0.000
2023 0.000 3.695 1.919 1.492 7.759 12.157 17.753 17.986 14.829 10.533 8.904 5.171
2024 8.610 6.893 8.122 8.980 10.804 15.843 18.482 18.230 13.814 12.858 4.962 5.858
2025 7.252 6.416 7.475 5.602 10.322 16.370 18.925 17.503 13.906 6.519 7.178 1.173
