1951 2025
1951 9.930 10.690 10.809 8.357 13.448 8.599 6.023 7.429 5.796 12.980 18.645 15.131
1952 12.800 3.362 10.888 13.064 12.572 8.185 6.249 8.361 8.512 18.039 12.748 12.564
1953 8.927 8.460 13.492 5.598 8.778 6.578 5.486 7.700 12.918 14.832 9.831 12.981
1954 10.936 12.653 13.933 10.431 8.527 6.164 4.386 8.920 11.312 11.589 13.305 4.797
1955 10.222 9.016 12.296 10.491 10.180 7.361 7.283 10.703 11.508 16.205 16.862 15.623
1956 7.639 2.061 11.717 12.722 11.478 5.585 5.096 8.590 12.070 17.148 8.291 4.844
1957 13.576 4.215 11.379 13.730 10.125 5.787 2.746 4.834 8.944 17.275 17.667 16.354
1958 9.976 10.871 12.828 12.903 11.908 8.160 6.500 7.498 12.332 15.114 17.279 16.276
1959 10.505 11.995 13.090 14.551 11.590 4.783 4.551 5.215 11.351 14.500 8.625 11.446
1960 8.717 16.824 12.718 11.197 7.572 7.013 5.385 8.989 10.511 18.771 16.798 7.013
1961 10.440 10.451 10.724 15.508 12.789 8.106 5.576 7.888 11.983 13.102 15.110 11.261
1962 12.553 10.012 10.393 12.374 9.589 8.722 3.540 9.054 10.047 14.006 11.717 16.005
1963 8.234 13.631 14.668 13.446 12.935 8.431 5.550 6.459 10.213 13.421 14.085 16.124
1964 13.928 3.548 15.339 16.376 13.447 7.950 3.792 8.610 9.877 13.807 16.825 12.280
1965 11.684 8.360 10.150 12.275 13.454 10.160 5.388 10.055 10.814 17.422 16.640 12.235
1966 12.663 16.754 11.056 10.801 11.632 8.549 6.966 10.482 12.855 17.268 16.431 2.090
1967 14.677 10.347 10.638 12.290 12.865 6.089 3.374 7.155 12.043 12.037 9.610 10.555
1968 4.862 4.820 14.528 14.867 12.798 10.710 7.348 8.109 11.589 14.626 21.092 15.053
1969 7.078 8.043 14.403 17.803 12.441 10.661 4.132 5.516 11.626 13.142 11.763 7.342
1970 10.275 8.428 3.792 16.558 13.962 9.850 4.595 12.216 7.130 15.337 16.687 12.146
1971 15.801 4.623 10.511 14.167 11.572 8.727 4.759 8.105 10.745 17.187 15.667 10.777
1972 13.371 11.803 12.415 12.428 14.602 7.264 4.805 8.357 11.337 13.893 15.698 14.787
1973 16.598 9.188 10.151 12.751 9.205 8.584 6.397 6.410 13.423 15.678 16.649 14.019
1974 7.011 9.354 8.223 13.571 11.864 8.131 6.320 8.451 9.834 15.126 17.085 6.711
1975 11.111 9.319 13.038 11.433 11.605 8.592 7.421 11.964 12.089 16.184 19.011 10.491
1976 9.605 13.773 7.120 10.958 12.016 6.803 7.088 8.634 11.107 15.402 13.314 8.521
1977 3.333 10.567 16.708 9.572 9.710 7.391 7.867 10.471 16.284 20.571 14.071 15.047
1978 12.736 10.983 11.158 14.328 13.151 10.423 9.452 10.468 13.894 14.606 17.411 19.286
1979 16.042 17.232 11.227 11.611 12.382 10.258 6.713 10.105 10.744 18.671 17.561 15.744
1980 7.952 6.728 9.644 10.819 14.280 10.505 7.940 7.088 10.028 11.208 19.971 9.665
1981 6.547 7.347 13.564 16.085 12.204 4.907 8.346 4.179 11.683 8.828 8.067 16.472
1982 14.221 10.207 12.712 13.839 11.159 8.456 5.427 10.624 12.561 18.827 16.999 15.305
1983 11.688 8.478 10.032 13.143 12.091 3.594 6.105 9.937 8.950 13.896 18.666 12.890
1984 4.421 5.608 7.586 15.310 10.401 7.058 5.894 10.759 10.355 14.705 17.043 11.768
1985 10.627 5.308 12.448 14.413 13.891 6.769 7.729 9.938 8.303 15.153 11.638 9.773
1986 9.677 11.270 13.465 12.860 13.797 8.153 6.807 8.824 14.860 12.752 11.084 16.642
1987 15.569 13.355 8.945 14.440 13.160 11.139 5.306 7.159 12.671 13.830 14.642 19.028
1988 10.987 6.717 7.717 17.308 9.494 10.099 4.980 9.844 10.745 15.983 15.853 11.062
1989 15.700 13.818 10.451 13.592 10.223 7.364 7.001 11.532 11.541 16.647 15.854 14.615
1990 11.619 13.762 13.774 10.136 14.206 7.074 5.469 7.889 13.583 18.802 21.298 16.148
1991 9.711 12.147 11.533 10.281 10.231 6.775 3.715 9.230 9.988 16.306 13.519 13.159
1992 15.021 11.090 11.236 13.070 10.832 10.156 6.154 8.240 8.444 18.123 18.255 14.194
1993 13.200 12.226 12.084 10.908 12.823 6.832 4.619 8.414 12.550 18.556 14.575 14.003
1994 12.968 11.635 9.855 12.282 12.926 8.548 6.007 10.276 11.744 15.342 20.497 10.936
1995 10.695 8.432 11.774 9.382 9.941 9.925 7.448 8.093 11.930 17.741 16.233 14.636
1996 10.599 11.097 7.463 11.673 12.687 7.042 5.988 13.039 13.323 14.488 10.936 15.895
1997 12.867 14.835 11.912 10.783 11.458 10.526 9.638 10.092 10.023 11.929 21.231 18.457
1998 7.191 17.376 12.503 20.068 14.568 7.696 4.431 7.485 18.280 19.786 13.344 15.759
1999 9.923 9.853 10.033 16.790 10.344 9.329 7.651 13.632 12.464 13.890 14.775 12.044
2000 9.906 8.400 10.412 12.124 12.817 8.414 7.626 10.495 14.626 12.585 11.892 11.251
2001 9.679 10.754 11.598 15.037 12.071 7.293 5.899 9.171 12.889 15.281 15.252 9.426
2002 16.265 15.336 14.367 11.855 11.535 7.090 7.377 10.000 16.235 11.413 11.798 12.660
2003 14.791 12.593 13.566 15.174 11.791 7.934 3.957 5.380 10.501 14.449 14.436 15.042
2004 9.079 11.491 12.416 15.514 11.345 10.227 6.548 9.995 13.937 18.826 17.464 10.938
2005 6.104 5.780 13.230 13.880 7.654 8.789 6.391 8.955 11.509 16.755 10.205 4.362
2006 9.818 11.921 14.053 12.426 12.391 6.023 5.699 11.017 14.115 19.775 10.603 14.917
2007 13.073 17.907 9.456 9.871 13.744 11.080 6.486 10.106 13.401 13.886 14.241 12.391
2008 7.855 12.042 13.774 17.953 9.346 8.138 7.607 10.077 11.660 14.367 15.851 13.242
2009 11.091 12.107 11.883 14.056 14.880 5.172 5.340 7.561 10.776 14.088 15.390 11.586
2010 8.541 9.369 12.396 9.968 9.554 13.247 6.492 11.276 15.282 16.246 16.689 10.972
2011 3.813 14.774 10.792 12.478 8.110 7.404 7.698 10.602 10.615 16.242 15.712 8.318
2012 3.360 4.673 11.084 13.590 10.714 4.584 4.881 12.916 11.430 11.702 11.816 7.063
2013 11.102 11.142 15.868 10.151 11.191 6.724 4.886 7.252 14.228 18.305 16.152 10.963
2014 13.492 9.191 12.356 14.969 10.884 8.681 6.363 8.627 13.002 16.656 17.054 10.097
2015 14.408 12.936 14.204 14.731 9.486 6.904 9.191 9.893 11.412 15.379 13.163 14.168
2016 3.863 10.576 12.857 9.199 13.207 5.316 6.263 9.321 8.733 10.173 13.324 18.375
2017 12.403 12.049 8.863 15.449 16.813 7.499 8.758 7.100 11.485 14.650 14.117 9.112
2018 7.250 7.140 19.692 15.237 14.564 6.511 6.437 8.594 9.708 13.029 16.064 9.385
2019 14.424 11.297 12.329 15.063 11.494 6.831 6.346 7.080 14.961 16.398 14.404 13.105
2020 15.605 11.546 16.509 10.770 8.608 6.467 6.507 7.444 8.562 14.189 12.786 11.741
2021 11.469 14.059 19.231 13.182 9.702 7.687 8.197 5.644 10.437 16.220 16.770 15.423
2022 8.515 5.990 13.589 14.366 11.169 7.668 5.526 8.289 16.511 15.339 15.026 9.749
2023 13.205 12.413 19.478 13.164 9.261 9.147 7.360 6.930 11.281 16.993 13.236 12.874
2024 13.944 11.221 14.536 14.200 14.530 7.686 4.985 10.814 13.309 17.093 15.614 9.615
2025 12.853 8.739 13.497 15.687 11.830 9.517 8.958 6.987 12.919 11.150 18.423 14.683
