1951 2025
1951 3.094 2.708 -0.549 3.325 2.234 1.224 1.280 1.090 0.920 -0.062 0.910 -0.524
1952 1.747 2.625 2.948 0.939 1.914 1.589 1.901 0.695 1.017 -0.130 -1.930 -4.472
1953 0.097 2.145 -0.104 2.215 1.484 2.687 1.070 1.371 1.859 0.104 -1.071 -0.755
1954 2.615 3.299 1.900 2.171 3.488 3.213 3.296 5.424 4.793 3.827 0.744 0.665
1955 0.848 5.848 2.860 1.896 3.079 3.127 3.113 4.730 5.199 5.272 1.901 0.847
1956 1.904 3.704 3.525 3.769 4.243 3.788 3.518 2.902 1.755 2.333 -1.584 0.078
1957 1.227 -2.191 1.820 0.570 1.490 -0.202 0.406 -0.160 -1.253 -1.262 -5.084 -0.841
1958 -0.142 -1.008 1.903 2.876 3.905 3.622 2.019 3.364 2.525 1.725 -0.677 -3.576
1959 0.452 -1.243 0.549 1.454 4.002 2.918 2.060 3.753 3.558 2.112 1.442 -1.942
1960 1.513 2.694 2.038 2.131 3.045 2.662 4.547 4.659 2.551 1.165 -0.303 0.873
1961 -1.642 2.840 -1.531 2.866 2.720 1.969 1.830 2.655 2.066 1.887 1.329 2.118
1962 3.722 3.012 3.778 2.586 4.327 4.856 2.863 4.925 3.361 5.375 0.595 2.418
1963 5.094 5.210 1.754 2.855 4.947 2.202 3.716 1.609 1.927 0.892 0.011 -1.411
1964 0.593 1.470 2.286 5.663 4.751 5.188 5.533 5.745 5.681 3.887 0.181 -0.303
1965 -0.797 0.463 2.879 2.549 2.172 1.241 1.393 1.154 0.063 0.630 -1.669 -1.160
1966 -0.515 1.133 0.617 0.862 2.432 3.639 3.639 5.058 4.526 1.867 1.175 0.527
1967 1.166 2.261 0.610 -0.006 2.165 3.928 3.205 2.003 3.490 0.143 -0.472 -2.211
1968 0.803 0.372 3.632 0.229 2.247 4.760 4.102 2.996 2.825 2.355 -1.320 -1.783
1969 -3.023 -3.175 -1.119 -0.880 2.841 2.877 2.878 2.460 1.366 1.721 0.617 0.264
1970 -0.611 -0.060 0.970 1.979 3.898 3.151 3.962 5.756 4.997 3.739 2.907 0.479
1971 1.248 4.173 1.711 -1.025 2.970 2.871 4.755 5.756 5.562 3.839 -0.620 -1.233
1972 -2.906 1.340 0.244 -1.824 -2.312 1.959 0.776 1.288 -0.318 -1.682 -1.080 -2.030
1973 0.189 -0.435 2.495 4.330 4.201 5.272 5.008 5.884 6.257 5.244 1.481 2.162
1974 3.916 2.976 1.082 1.787 3.122 3.889 4.349 5.815 5.708 3.563 -0.844 -2.472
1975 -1.387 2.934 2.907 2.294 4.173 4.723 5.329 5.809 7.357 4.910 1.596 4.236
1976 0.923 -0.189 -0.598 -1.819 0.376 1.932 0.180 2.362 0.196 1.905 0.911 -1.881
1977 1.201 4.010 -2.002 0.407 3.088 1.699 1.703 2.559 2.991 2.019 -1.116 -3.971
1978 -0.278 -2.066 1.875 1.837 4.464 4.256 4.661 4.177 3.920 2.687 -0.267 -0.601
1979 -1.573 1.164 2.593 2.100 3.385 4.500 2.598 3.107 3.270 -0.858 1.002 -2.544
1980 0.287 1.904 -2.110 -1.077 -0.038 0.465 1.209 2.013 1.364 1.143 -0.709 0.434
1981 1.006 -1.019 -0.093 -0.907 4.530 2.513 3.798 4.787 3.547 2.411 2.430 -1.643
1982 1.704 0.785 -0.741 0.836 1.072 0.431 -1.509 -2.485 -1.965 -2.449 -4.968 0.856
1983 0.085 1.851 0.974 2.426 2.446 2.623 3.775 4.828 4.233 2.612 0.349 1.244
1984 4.827 6.397 5.391 6.769 6.274 3.743 4.238 3.596 4.139 1.444 -0.147 -0.697
1985 -0.855 3.656 -1.014 3.271 3.731 2.965 3.538 4.888 3.948 2.244 -0.599 -0.623
1986 2.014 0.796 4.974 0.971 0.469 3.317 2.263 2.695 0.759 0.999 -2.713 -5.184
1987 0.715 -2.243 0.148 -1.088 -0.336 2.249 0.332 2.213 1.759 1.287 -0.262 -1.688
1988 0.453 1.033 4.654 2.582 4.556 3.824 4.633 6.398 6.834 3.022 3.899 1.131
1989 3.711 2.943 4.378 3.297 3.553 3.575 5.233 4.926 4.851 2.870 -2.304 -1.518
1990 -1.154 -2.784 -2.472 1.234 3.181 2.449 2.363 3.593 3.443 3.025 -3.414 -3.290
1991 0.804 1.633 -1.112 0.891 1.868 2.800 2.013 2.203 0.059 0.991 -4.197 -2.077
1992 -2.920 0.588 1.008 0.199 2.441 2.741 2.637 2.849 2.470 1.545 -1.722 -1.727
1993 0.291 -3.045 -1.080 -1.280 2.485 2.029 2.667 1.989 3.363 1.063 1.756 -0.608
1994 1.563 2.639 3.027 2.572 2.118 3.224 1.509 0.850 1.089 0.015 -2.566 -4.406
1995 0.333 2.022 3.050 0.299 2.197 5.409 5.145 6.058 4.534 3.826 3.400 1.226
1996 3.028 3.461 3.993 5.223 3.549 5.575 4.605 5.885 3.912 4.079 1.827 -1.559
1997 0.150 3.151 -4.959 -1.704 -0.613 0.026 2.012 -2.471 -1.488 -3.799 0.684 -0.320
1998 1.618 2.125 1.590 4.805 5.465 6.370 6.827 5.257 6.563 4.699 3.860 3.042
1999 7.306 4.050 8.109 7.045 6.063 4.777 4.969 5.886 5.109 5.435 2.979 4.364
2000 3.659 7.408 6.144 7.315 5.832 6.369 4.375 4.377 4.390 3.240 2.606 2.115
2001 6.453 5.116 4.994 5.381 3.659 3.135 3.583 3.325 3.976 1.171 0.862 -3.156
2002 2.129 -0.070 1.852 2.141 1.702 3.908 1.091 0.825 -1.170 -3.046 0.072 -0.861
2003 0.809 2.286 3.367 2.116 3.047 3.335 3.926 3.729 3.432 2.087 0.216 1.944
2004 1.388 2.588 1.714 1.023 4.471 1.048 2.902 1.735 2.829 -0.503 -0.361 0.149
2005 0.952 -1.810 2.397 1.659 3.907 5.323 4.060 3.302 2.994 3.463 1.958 3.880
2006 4.075 3.510 3.267 4.473 2.615 3.909 1.419 0.968 1.852 -0.905 -0.323 2.026
2007 1.515 2.896 2.917 4.412 3.542 6.364 4.867 4.884 4.663 3.682 1.897 6.082
2008 2.800 6.467 6.810 5.981 5.089 6.169 6.620 6.789 5.199 5.610 6.053 3.636
2009 4.693 7.071 2.919 4.276 3.834 3.174 2.795 3.015 1.447 -0.347 1.622 -0.591
2010 0.848 0.740 2.528 3.979 6.701 6.483 7.555 7.902 8.231 5.751 5.443 5.298
2011 4.443 4.315 6.127 6.186 4.829 5.786 5.341 5.404 6.693 4.045 3.114 5.731
2012 4.071 6.139 5.205 3.787 4.398 4.566 5.339 4.902 2.472 3.282 2.448 2.787
2013 1.540 4.715 3.198 6.177 6.355 4.872 4.951 4.787 4.044 1.586 3.755 3.873
2014 1.238 -0.080 0.863 2.170 4.008 4.164 3.788 3.801 3.392 1.955 2.559 2.394
2015 1.335 1.110 -2.090 1.330 0.403 2.305 -0.051 0.846 0.063 -0.700 0.648 -0.035
2016 0.880 2.432 2.572 3.094 5.030 3.690 4.070 3.785 5.016 3.648 2.643 1.838
2017 3.371 3.692 5.917 3.348 5.738 4.551 5.677 5.295 6.147 3.338 2.529 1.250
2018 5.127 -0.658 0.386 2.014 4.025 4.132 4.450 2.502 0.585 1.268 0.011 0.631
2019 -0.625 -1.656 1.672 4.257 0.156 4.837 2.425 2.771 1.418 2.535 -0.621 -0.955
2020 -1.034 -0.272 3.178 3.739 5.321 4.803 6.005 4.837 5.806 4.337 4.663 4.452
2021 6.653 3.154 5.283 2.290 5.394 5.170 5.833 5.270 7.267 4.231 5.897 0.717
2022 1.996 5.790 5.752 5.325 5.669 6.290 8.042 6.542 6.165 5.590 3.665 4.381
2023 5.059 3.777 2.708 3.327 2.316 4.514 3.792 2.863 3.274 0.366 -0.457 0.495
2024 3.186 2.404 4.571 5.504 4.505 5.139 5.173 5.948 4.371 3.991 4.393 5.453
2025 5.970 5.478 8.058 5.671 5.777 4.964 5.741 5.656 5.612 5.628 2.275 3.137
