1951 2025
1951 1.332 1.243 1.177 0.428 -0.014 0.964 -0.616 0.557 0.775 -0.241 -0.543 1.121
1952 1.703 1.255 0.789 0.938 1.466 0.434 0.368 1.324 0.213 0.875 0.086 0.496
1953 0.434 0.770 0.295 -0.010 0.082 -0.414 -1.634 -0.000 0.336 1.139 -0.332 -0.286
1954 0.550 0.553 0.705 0.924 0.060 -0.914 0.050 -0.372 0.609 -0.896 -0.796 0.029
1955 0.129 1.070 0.973 1.271 0.024 0.489 1.030 2.272 2.292 2.905 1.622 1.074
1956 2.710 2.583 2.867 2.483 1.513 1.166 2.510 2.639 -0.643 1.476 1.693 1.039
1957 1.362 1.178 1.141 0.706 0.442 -0.720 -0.684 -1.293 -2.332 -1.586 -1.354 -0.164
1958 -0.070 -0.051 -0.000 -0.361 -0.948 -0.807 0.066 0.223 -1.132 -0.332 -0.394 -0.474
1959 0.252 0.213 0.271 0.599 0.140 -0.039 0.765 0.899 0.240 -1.349 -1.934 -1.014
1960 -0.575 -0.344 -0.207 -0.000 -0.582 -1.377 0.249 -0.587 -0.048 0.661 -0.536 -0.145
1961 -0.451 -0.092 -0.328 0.333 0.210 0.644 1.222 1.270 0.768 0.977 0.134 0.297
1962 0.775 0.973 0.707 1.344 1.326 2.134 2.088 0.162 0.018 1.109 -0.040 -0.103
1963 0.555 1.299 1.079 1.285 1.429 -0.359 0.720 0.974 -1.187 -0.067 0.141 -0.209
1964 -0.284 -0.394 -0.113 0.011 0.777 0.311 -0.536 -0.383 -1.371 -0.296 -0.273 0.023
1965 0.501 0.068 0.025 -0.081 0.131 -0.524 -0.994 -1.453 -1.412 0.445 0.032 0.099
1966 0.753 0.010 0.752 0.162 0.725 0.647 -0.284 0.517 0.433 0.820 0.579 0.592
1967 0.306 -0.135 0.354 0.393 1.731 1.479 2.185 2.875 1.592 0.484 -0.578 0.013
1968 0.433 0.900 0.909 1.112 1.511 0.894 0.343 -0.648 -0.739 0.423 -0.017 0.618
1969 1.489 1.098 0.507 0.716 0.631 -0.043 0.243 0.834 0.040 -1.399 -0.700 -0.290
1970 -0.544 0.285 -0.269 -0.249 0.457 -0.229 0.432 1.699 0.764 0.896 1.275 1.599
1971 1.085 1.510 1.206 1.044 0.682 0.581 0.913 -0.237 -0.664 -1.011 -0.248 0.289
1972 0.178 0.451 0.847 1.334 1.434 1.620 0.821 0.267 0.044 -0.186 -0.632 0.287
1973 -0.037 0.431 0.161 0.270 0.574 0.379 0.525 0.082 -0.582 0.691 0.686 0.816
1974 1.232 1.505 1.090 0.701 0.325 -0.043 -0.718 -0.711 -0.473 -0.370 -0.973 -0.600
1975 0.010 0.093 0.196 0.555 0.770 -0.039 -0.299 -0.033 0.843 0.276 -0.272 0.284
1976 0.444 0.551 0.547 0.183 -0.042 -0.027 -1.117 -2.631 -1.620 -1.362 -1.174 -0.947
1977 -0.509 -0.541 -0.545 -0.157 -0.101 0.099 -0.473 1.483 1.415 0.953 -0.025 0.155
1978 0.027 -0.142 -0.460 -0.524 -0.534 0.030 1.622 0.716 0.287 -0.009 -0.490 -0.312
1979 -0.177 0.189 -0.039 -0.238 -0.893 -0.544 0.020 0.491 -0.389 -0.739 -0.524 0.602
1980 1.037 0.622 0.082 -0.564 -0.637 -0.381 -0.423 0.061 -0.779 -1.246 -0.592 0.002
1981 0.465 0.156 -0.256 -0.536 -0.214 -1.087 -0.697 1.783 0.960 0.881 0.302 -0.032
1982 0.341 0.668 0.596 0.864 0.837 1.053 -0.414 -0.653 -0.255 -0.155 0.624 0.070
1983 0.286 -0.068 -0.461 -0.413 -0.601 -1.391 -2.438 -1.122 -1.742 -1.937 -1.581 -1.292
1984 -0.682 -0.361 -0.369 -0.508 -0.769 -0.176 0.048 -0.117 -0.176 0.034 -0.894 -0.809
1985 -0.652 -0.309 -0.274 -0.368 -0.266 -0.842 -0.376 -1.333 -1.509 -1.861 -0.671 -0.792
1986 -0.751 -0.807 -0.576 -0.501 -0.231 -0.130 -0.672 0.639 -0.052 -1.445 -1.497 -1.314
1987 -1.296 -1.235 -1.272 -1.289 -0.396 0.396 -1.913 -3.074 -1.871 0.206 -0.534 -1.267
1988 -1.017 -0.991 -0.893 -0.830 -0.749 -1.692 -0.437 0.063 0.136 0.102 0.123 0.061
1989 0.223 0.178 0.627 0.474 0.209 0.269 -0.745 0.794 0.505 0.960 0.585 0.715
1990 0.651 0.473 0.816 0.381 0.503 0.346 0.981 1.142 0.256 0.768 1.937 2.402
1991 2.181 1.980 1.220 0.970 0.349 0.824 0.172 -0.834 -1.740 -0.856 -0.508 0.160
1992 0.093 0.675 0.602 0.517 0.489 -0.028 -0.298 -0.663 -0.445 -0.361 -0.718 -0.337
1993 0.302 0.152 0.077 -0.450 -1.069 -0.563 -1.299 -1.370 -1.716 -1.304 -1.142 -0.413
1994 -0.478 0.078 0.307 0.184 -0.079 0.319 1.676 0.541 1.740 1.274 1.817 1.545
1995 0.604 0.099 0.648 0.312 0.250 -0.408 -0.641 -0.789 -0.932 -1.082 -0.060 0.400
1996 -0.149 0.241 0.216 -0.181 -0.614 0.125 -0.040 1.752 0.483 -0.058 0.013 0.331
1997 0.039 -0.128 -0.158 -0.291 -0.755 -1.243 -1.231 -2.011 -1.502 -1.374 -0.553 0.130
1998 -0.357 -0.287 -0.396 -0.434 -0.345 -0.643 1.131 2.306 2.057 1.519 -0.228 -0.170
1999 -0.154 -0.156 -0.280 0.069 0.364 0.033 -0.170 0.008 0.144 0.596 1.121 0.581
2000 1.003 0.565 -0.169 0.330 0.202 -0.328 0.372 0.711 0.589 0.143 -1.418 -1.500
2001 -1.415 -1.087 -0.998 -0.166 0.125 -0.110 0.863 0.238 1.387 0.560 0.035 -0.402
2002 -0.079 0.270 -0.077 0.481 0.720 0.416 0.244 -1.005 -0.309 -0.338 -0.951 -1.076
2003 -1.140 -0.524 -0.171 0.006 -0.113 0.648 1.375 0.879 0.359 -0.595 0.129 0.643
2004 0.464 -0.032 -0.158 -0.043 -0.072 1.157 0.947 -0.224 -0.582 0.405 0.444 -0.398
2005 -0.294 -0.115 -0.386 -0.261 -0.117 -0.761 -0.492 -0.228 0.299 0.643 0.786 0.130
2006 -0.333 -0.706 0.232 0.233 0.382 0.432 0.278 1.338 2.386 0.271 0.786 0.055
2007 0.018 0.015 0.162 -0.223 0.267 0.365 0.055 -1.411 -0.516 0.081 -0.717 -0.901
2008 0.323 -0.205 -0.088 0.425 0.466 1.470 2.139 1.822 1.611 1.470 0.648 0.771
2009 1.167 1.017 1.096 1.082 1.248 1.143 1.009 0.527 0.158 0.115 0.996 0.671
2010 0.637 0.444 0.381 0.167 -0.020 0.408 0.570 0.292 0.276 1.340 1.125 2.038
2011 2.462 1.910 1.325 1.115 0.661 0.204 0.864 1.031 2.058 2.211 1.932 1.264
2012 1.177 0.814 0.809 0.729 1.861 0.879 1.614 2.511 2.498 0.990 0.783 2.289
2013 0.862 0.452 0.421 0.116 0.449 1.048 1.161 1.616 1.380 1.616 0.647 1.199
2014 1.105 1.157 0.575 0.094 0.182 0.653 0.586 0.482 -0.190 -0.489 -0.579 -0.501
2015 0.016 0.710 0.828 0.690 0.168 0.082 -0.530 -1.297 -0.383 1.241 0.622 -0.229
2016 -0.348 -0.599 -0.800 -0.877 -0.908 -0.433 -0.006 1.759 0.825 -0.409 -1.012 -0.960
2017 -0.465 -0.160 0.001 0.009 -0.688 -0.038 0.496 1.275 1.081 1.180 0.487 0.799
2018 0.394 0.956 0.953 0.795 0.690 0.946 0.952 1.780 0.659 0.867 1.073 0.610
2019 0.419 0.629 0.338 0.154 0.312 0.370 -0.244 -0.621 -0.490 0.387 0.377 0.056
2020 1.116 0.779 0.960 1.297 1.399 0.784 0.519 0.804 0.902 1.653 1.955 1.016
2021 0.188 0.606 1.304 1.638 1.239 1.497 1.742 0.840 1.051 1.742 1.733 2.508
2022 2.259 1.717 0.770 1.176 0.944 0.915 1.620 2.595 3.512 2.996 2.008 1.822
2023 0.962 0.679 1.633 1.925 1.878 1.378 2.242 2.499 2.883 1.904 1.899 1.926
2024 2.140 1.713 1.729 2.146 2.624 2.561 3.340 3.993 4.323 4.298 2.099 1.708
2025 1.040 1.695 1.475 2.232 2.000 2.625 3.957 3.599 2.864 2.000 1.080 1.190
