1951 2021
1951 -6.010 -5.320 -1.930 0.910 2.260 -0.300 -2.700 -5.310 -5.920 -4.590 -3.650 -3.980
1952 -6.800 -7.710 -6.990 -5.680 -4.760 -6.000 -7.600 -8.150 -5.730 -2.960 -0.510 -1.650
1953 -2.940 -2.680 -1.220 1.300 2.690 1.860 0.100 -1.210 -1.280 -0.390 -0.590 -2.180
1954 -5.050 -6.880 -7.980 -9.010 -11.380 -12.720 -13.400 -14.530 -12.830 -10.350 -9.990 -9.560
1955 -5.820 -1.710 1.370 4.400 6.580 6.730 5.990 7.200 8.160 9.020 7.630 3.820
1956 -1.010 -3.230 -2.010 -2.010 -6.160 -11.020 -13.040 -15.170 -14.670 -14.900 -16.960 -15.020
1957 -13.050 -11.890 -6.680 -2.010 1.800 3.210 4.050 6.300 8.360 10.460 10.110 7.350
1958 5.250 4.100 4.270 1.980 -4.710 -10.600 -13.910 -15.590 -15.930 -16.390 -16.910 -18.960
1959 -20.060 -17.240 -14.020 -9.270 -5.910 -2.300 3.150 7.070 10.090 11.690 10.710 8.300
1960 4.790 3.390 -0.040 -1.080 -3.910 -8.980 -13.860 -16.040 -16.010 -15.620 -14.420 -11.360
1961 -5.470 -0.620 0.540 2.820 6.880 7.960 6.690 5.600 6.020 7.590 8.740 6.250
1962 2.840 3.680 5.260 2.040 -3.640 -11.420 -15.490 -15.000 -15.190 -15.330 -15.400 -15.160
1963 -17.350 -16.680 -19.930 -21.520 -24.180 -20.080 -9.270 -1.350 3.520 7.540 8.870 5.480
1964 3.940 5.260 5.460 5.940 6.320 2.230 -0.560 -0.570 -0.670 0.420 0.710 0.040
1965 -1.030 -2.260 -1.980 -3.440 -7.100 -12.010 -16.000 -18.190 -20.030 -20.130 -19.740 -21.270
1966 -21.900 -17.140 -11.070 -2.330 2.160 5.420 7.470 7.630 9.230 11.000 11.740 13.260
1967 11.030 10.490 10.940 10.130 5.790 -0.580 -5.650 -6.760 -6.060 -4.820 -6.050 -7.270
1968 -8.380 -10.210 -9.110 -12.250 -14.390 -19.270 -21.000 -21.820 -17.450 -14.580 -13.110 -11.360
1969 -8.580 -4.430 -1.500 3.980 8.180 9.350 9.080 9.780 9.740 9.750 7.340 5.000
1970 0.300 -1.410 -4.630 -7.250 -12.210 -16.250 -18.620 -21.380 -21.670 -22.120 -22.480 -17.390
1971 -10.670 -3.670 0.910 3.750 6.770 8.280 8.880 8.340 8.950 8.480 8.470 9.100
1972 8.200 7.950 7.350 6.220 -2.590 -10.700 -15.450 -19.280 -20.400 -21.170 -20.490 -16.780
1973 -4.400 0.080 3.400 6.280 8.120 8.630 6.940 5.860 5.510 5.200 4.920 2.310
1974 -0.910 -1.310 -1.080 -1.920 -7.580 -13.860 -19.580 -23.140 -23.520 -23.120 -22.480 -22.570
1975 -16.700 -15.390 -13.040 -5.120 1.180 4.470 7.410 9.060 10.250 10.650 11.270 10.950
1976 9.220 8.920 9.700 11.530 10.040 2.780 -1.900 -4.890 -6.190 -8.230 -8.890 -11.850
1977 -14.440 -14.900 -17.610 -14.930 -17.140 -21.330 -18.170 -11.240 -5.090 -1.810 -0.260 1.690
1978 3.210 6.070 9.340 12.980 12.230 8.360 6.020 5.840 5.910 6.220 4.040 1.460
1979 1.860 4.120 0.890 -3.570 -12.900 -19.600 -21.270 -22.240 -22.700 -23.320 -22.200 -16.990
1980 -10.110 -5.650 -2.900 2.310 6.240 7.330 8.740 9.610 12.670 13.100 12.150 9.730
1981 8.510 6.720 7.510 8.280 3.010 -3.490 -5.220 -8.240 -8.590 -9.530 -9.620 -12.310
1982 -12.520 -14.710 -16.670 -15.550 -15.260 -15.940 -8.950 -1.580 4.210 8.270 9.510 10.350
1983 10.850 11.400 12.170 13.810 11.930 3.120 -3.380 -6.530 -7.750 -10.120 -10.290 -11.420
1984 -10.650 -11.340 -12.980 -14.580 -15.050 -17.970 -25.390 -27.900 -25.440 -21.590 -13.190 -8.160
1985 -0.370 4.210 6.300 11.110 13.570 14.040 11.100 11.080 11.720 11.840 11.450 9.510
1986 8.740 10.150 11.960 9.110 3.560 -2.150 -5.250 -9.600 -10.210 -9.600 -8.010 -10.510
1987 -9.930 -11.370 -14.230 -16.200 -20.050 -21.470 -13.960 -0.600 5.880 9.350 9.230 8.410
1988 7.810 6.170 5.860 6.590 5.460 0.420 -3.960 -2.580 -2.290 -1.530 -0.840 -2.420
1989 -2.870 -3.560 -1.630 -1.930 -5.460 -9.380 -13.860 -16.980 -18.830 -21.300 -19.010 -13.540
1990 -8.710 -6.740 0.950 5.720 11.460 12.900 12.540 12.630 13.210 12.390 11.550 10.680
1991 8.710 8.440 9.000 10.690 3.820 -3.340 -10.360 -14.690 -13.960 -12.210 -12.270 -12.680
1992 -13.960 -14.330 -16.840 -17.790 -15.960 -15.340 -12.050 -4.750 1.300 3.940 6.330 8.190
1993 9.630 10.810 11.360 12.600 13.560 6.550 0.380 -1.200 -1.140 -4.040 -5.760 -6.000
1994 -7.640 -9.840 -11.290 -14.710 -18.030 -23.090 -28.650 -27.020 -19.070 -10.290 -0.300 5.930
1995 8.380 8.010 8.790 11.790 14.920 15.620 11.740 9.530 6.980 3.430 -0.770 -4.570
1996 -5.790 -6.900 -9.920 -11.080 -14.880 -17.030 -23.930 -25.850 -26.020 -23.400 -18.080 -9.860
1997 -3.570 1.940 4.770 9.740 12.370 14.500 14.850 11.690 11.640 9.910 5.740 0.780
1998 -0.850 -2.960 -4.920 -7.820 -14.080 -18.570 -22.970 -24.700 -22.120 -18.770 -12.220 -3.960
1999 3.090 5.840 8.590 13.510 15.560 15.230 14.110 11.910 11.180 10.620 6.010 6.430
2000 4.850 4.200 5.510 3.980 -0.990 -7.830 -13.130 -15.310 -15.520 -14.040 -15.070 -14.560
2001 -15.690 -15.530 -15.990 -17.730 -20.990 -23.310 -24.450 -21.670 -14.290 -10.810 -3.880 1.480
2002 4.640 8.000 9.320 14.030 14.160 13.260 10.050 10.600 8.900 7.660 4.460 -0.500
2003 -1.390 -1.430 -3.300 -8.560 -13.630 -17.710 -22.990 -24.640 -22.510 -20.340 -17.860 -11.380
2004 -4.840 2.610 5.450 10.460 12.970 11.750 9.960 8.740 7.290 8.000 4.350 2.450
2005 -0.690 -0.960 -0.330 -6.640 -15.090 -20.590 -24.200 -25.870 -27.800 -28.760 -29.550 -25.040
2006 -18.830 -11.240 -0.380 5.000 10.360 11.470 10.750 9.100 10.200 10.860 10.100 6.210
2007 2.610 2.430 1.240 -5.180 -14.060 -21.330 -24.920 -27.410 -28.130 -29.050 -27.610 -19.480
2008 -12.420 -4.700 2.190 6.430 11.530 13.450 13.270 11.630 11.600 11.050 9.130 10.460
2009 10.710 12.330 11.440 9.110 1.560 -5.470 -12.210 -14.450 -13.810 -11.690 -13.830 -15.570
2010 -16.020 -16.980 -19.680 -23.570 -26.280 -25.050 -9.840 1.450 6.580 10.830 12.160 10.970
2011 9.180 10.050 10.440 10.710 10.020 3.900 0.440 -0.490 -2.300 -3.050 -9.090 -16.250
2012 -16.070 -15.250 -16.740 -17.620 -22.040 -25.890 -27.820 -27.930 -26.600 -24.510 -18.950 -10.020
2013 -6.070 -1.230 2.850 8.390 12.640 13.380 14.270 14.660 13.120 11.690 12.450 12.550
2014 13.130 12.680 11.720 7.150 -2.810 -13.980 -19.290 -21.640 -23.240 -23.860 -23.650 -25.380
2015 -26.700 -28.620 -28.150 -24.380 -12.330 2.180 7.450 10.970 12.070 13.380 12.790 11.390
2016 9.340 6.770 3.160 0.640 2.370 3.860 6.250 10.070 10.480 12.830 14.160 15.090
2017 14.920 14.780 14.350 13.880 8.010 -3.180 -10.480 -14.420 -15.280 -16.790 -17.200 -18.120
2018 -19.020 -19.370 -19.770 -21.410 -24.230 -28.450 -29.100 -20.410 -9.910 -2.790 3.360 8.050
2019 9.020 9.250 11.820 13.360 14.590 14.360 10.960 9.970 8.250 7.270 5.070 1.660
2020 -2.510 -3.200 -4.360 -5.030 -4.860 -2.780 0.340 4.780 7.950 10.800 11.150 10.370
2021 10.190 8.920 9.750 5.250 0.310 -6.930 -13.170 -13.820 -16.560 -19.140 -19.780 -21.580
