1951 2025
1951 1.073 2.637 15.369 18.570 18.485 13.578 5.561 4.336 7.365 11.277 8.761 10.325
1952 7.214 12.992 20.033 22.500 19.818 13.810 6.837 3.753 4.525 3.722 0.972 1.477
1953 4.592 9.747 19.221 22.272 20.380 14.397 8.363 6.209 4.174 5.561 6.174 12.020
1954 8.447 15.384 20.035 21.506 18.565 13.281 7.088 4.072 3.107 1.994 1.645 1.704
1955 13.099 11.778 18.644 20.557 16.869 8.396 5.819 4.514 5.053 5.017 2.769 1.897
1956 2.717 4.229 17.393 19.963 16.370 10.639 3.598 1.896 2.472 3.486 2.304 3.680
1957 9.022 11.013 18.971 22.245 21.797 15.222 9.103 5.796 5.445 6.943 8.323 7.628
1958 14.783 18.521 20.906 24.242 20.866 16.097 10.796 8.132 7.232 8.952 7.143 10.764
1959 15.522 18.852 21.442 23.747 21.705 14.498 9.229 6.078 7.067 7.677 9.814 9.811
1960 7.759 14.191 20.889 22.562 20.361 14.011 9.081 5.899 4.961 6.588 5.887 6.801
1961 8.244 10.408 20.749 21.873 20.634 13.867 7.760 5.780 5.689 8.605 7.657 10.203
1962 8.165 12.256 20.584 23.282 20.444 14.115 10.808 7.647 7.594 8.813 7.048 9.907
1963 9.377 11.966 19.511 23.798 19.849 14.698 10.291 8.141 8.908 12.330 13.872 13.386
1964 15.708 18.805 22.895 24.769 19.357 15.180 9.383 6.340 6.758 8.201 1.780 1.614
1965 3.125 9.989 15.692 21.177 17.200 13.033 9.295 5.399 6.281 11.450 11.049 7.560
1966 11.798 18.041 19.827 21.122 19.383 14.792 11.096 5.836 7.265 11.615 8.154 8.403
1967 6.595 8.204 18.997 23.276 21.325 14.992 10.908 6.023 8.467 12.331 9.449 10.947
1968 3.642 11.179 16.773 20.788 18.117 14.213 9.827 6.639 6.487 12.472 11.588 10.506
1969 13.524 18.066 22.923 25.944 22.637 14.792 10.950 9.251 9.690 12.880 14.291 15.092
1970 17.347 19.177 23.709 25.097 21.380 15.091 11.935 10.225 9.794 11.651 8.612 4.373
1971 5.539 5.438 16.084 22.105 19.871 13.481 8.868 6.845 6.930 5.401 5.763 5.242
1972 8.753 13.577 18.557 22.342 20.104 16.217 11.791 7.870 11.916 15.066 16.354 17.681
1973 18.085 18.913 22.975 24.720 21.664 15.384 10.916 8.561 10.194 12.454 11.896 5.021
1974 2.308 3.579 16.449 21.828 19.290 14.562 10.217 6.586 4.952 8.517 7.040 7.245
1975 7.264 12.582 17.809 21.035 20.283 13.736 10.597 7.129 6.088 6.033 2.772 1.259
1976 2.522 7.652 17.380 22.514 20.331 15.187 12.120 9.110 9.547 11.985 9.596 8.756
1977 11.131 13.425 20.973 24.424 21.569 15.480 11.353 9.745 10.710 12.544 15.731 15.110
1978 14.362 18.695 21.838 23.810 19.171 13.386 9.007 4.862 4.566 8.589 10.833 12.134
1979 15.499 18.109 22.416 24.146 21.388 15.866 11.052 9.007 9.195 12.714 11.203 16.781
1980 15.853 18.581 21.911 25.568 23.370 15.576 11.990 9.646 9.989 13.972 13.979 14.615
1981 12.290 16.276 22.489 22.988 21.622 16.214 11.991 9.547 10.644 15.346 13.003 12.323
1982 14.194 16.239 20.598 24.048 23.091 16.310 12.222 10.477 11.913 15.429 16.358 18.328
1983 17.007 20.563 23.910 25.625 23.666 18.270 13.685 12.026 12.794 14.133 13.886 13.404
1984 12.528 13.853 20.660 24.188 20.715 14.166 9.150 6.848 8.071 10.565 12.794 9.253
1985 13.707 16.028 21.377 24.432 21.128 13.718 9.584 7.431 8.857 7.927 9.258 11.749
1986 6.055 15.557 19.323 23.035 20.891 16.159 11.016 7.285 7.768 10.813 15.986 15.305
1987 14.961 17.527 23.300 26.139 24.574 17.138 14.030 11.906 13.476 16.265 17.842 16.905
1988 19.491 23.306 26.017 26.757 23.579 17.515 12.708 12.102 13.063 15.892 16.339 15.407
1989 13.298 18.386 22.340 22.762 21.335 15.094 10.330 7.966 10.327 13.642 15.596 16.137
1990 15.678 19.790 22.715 24.010 22.489 15.686 11.086 9.794 10.279 14.319 14.236 17.052
1991 17.501 19.042 23.114 25.094 24.252 16.228 12.683 9.948 10.685 12.916 13.788 15.175
1992 14.867 16.081 22.248 24.155 23.168 17.951 13.163 8.826 8.984 13.692 14.813 10.988
1993 11.252 14.659 20.852 23.910 23.417 16.604 11.781 9.450 10.312 11.965 13.883 10.906
1994 15.382 16.066 20.946 24.371 20.512 14.415 9.104 8.572 8.799 13.685 14.862 14.624
1995 13.085 18.299 22.135 24.048 23.281 16.794 12.479 9.557 11.452 14.521 13.841 12.645
1996 15.423 18.645 23.615 25.294 20.795 16.307 12.092 8.762 10.188 11.350 13.659 16.632
1997 15.346 14.663 22.214 23.681 22.115 17.436 12.420 10.996 12.294 15.436 17.245 19.232
1998 21.617 23.347 25.460 27.422 24.709 18.748 13.743 12.725 12.527 14.962 14.295 14.987
1999 11.074 18.508 23.402 24.422 21.311 15.686 12.285 9.703 10.773 13.328 15.274 16.359
2000 17.433 17.836 20.975 23.611 20.601 14.711 12.199 10.583 12.040 15.442 16.107 14.672
2001 14.478 16.804 22.160 24.674 21.861 16.289 12.253 11.331 11.659 14.275 16.248 18.407
2002 17.971 19.699 23.932 26.052 22.915 17.243 14.093 10.631 12.205 16.450 17.560 19.530
2003 19.360 21.436 24.426 26.093 24.035 17.584 13.643 12.143 12.713 14.630 15.065 14.862
2004 18.055 20.174 22.812 25.580 21.564 15.680 11.986 10.936 11.809 13.841 16.744 16.473
2005 17.384 19.831 23.571 26.231 24.570 17.822 12.714 10.728 10.972 15.161 15.427 14.015
2006 14.284 18.911 22.618 24.096 22.201 16.313 12.912 11.455 11.938 15.147 17.741 17.884
2007 18.220 20.573 23.003 25.051 23.705 18.122 13.305 12.487 12.926 15.059 15.405 15.590
2008 17.310 16.339 19.181 22.261 21.409 15.679 12.821 11.107 12.566 14.677 15.998 16.736
2009 17.347 20.990 24.500 25.370 24.521 18.805 13.837 12.924 13.456 16.820 18.978 19.107
2010 20.005 22.741 25.977 27.362 25.096 18.647 14.767 12.436 12.756 15.778 15.928 15.911
2011 13.506 19.479 23.703 23.870 22.528 17.157 13.210 12.095 12.689 15.455 19.100 19.237
2012 19.415 20.923 23.044 26.049 23.994 17.831 13.217 11.908 13.563 17.540 18.483 19.927
2013 19.295 21.045 23.987 25.627 21.943 16.175 11.813 10.322 11.807 17.151 19.667 18.440
2014 17.660 19.824 24.098 26.899 24.225 18.062 13.444 11.626 12.635 17.294 19.185 19.619
2015 18.321 20.276 24.784 26.806 24.818 18.707 15.016 13.671 15.314 19.846 23.047 22.233
2016 22.470 23.307 27.204 28.402 25.959 18.832 15.055 12.687 12.877 15.071 17.282 17.586
2017 16.361 19.860 23.392 25.120 23.602 16.852 14.187 12.728 13.404 17.049 19.597 16.909
2018 16.182 19.643 22.830 25.410 23.888 16.504 13.115 11.025 12.536 15.892 18.633 18.581
2019 20.085 21.903 24.729 27.599 25.007 18.564 14.621 13.858 13.648 17.189 19.236 20.470
2020 21.101 22.204 25.777 27.799 25.772 18.951 14.860 13.552 13.594 16.476 18.523 19.024
2021 18.573 20.858 24.561 26.881 23.500 17.048 14.078 12.685 13.257 15.594 17.231 19.483
2022 20.811 20.896 24.757 27.642 24.566 18.250 13.501 11.171 12.820 15.097 15.623 16.900
2023 15.192 19.307 23.926 26.406 23.944 17.973 14.134 13.179 13.935 17.826 21.741 21.594
2024 22.989 25.120 25.716 27.977 26.059 20.212 15.399 14.197 14.781 18.511 23.296 20.351
2025 21.402 23.279 26.363 28.332 26.006 18.033 14.298 12.520 13.141 16.084 17.977 19.133
