1951 2025
1951 18.317 19.936 17.424 12.250 16.782 14.418 13.893 12.028 14.505 14.476 17.179 16.126
1952 17.634 17.190 19.398 12.624 14.655 14.160 11.882 15.293 15.878 17.645 15.225 16.965
1953 15.822 17.631 13.759 12.662 14.118 12.762 14.632 13.194 15.700 14.069 15.375 13.874
1954 17.420 19.351 18.741 14.248 13.591 13.967 14.163 16.277 15.451 16.268 14.724 15.026
1955 16.629 20.095 19.819 14.396 15.593 15.933 13.691 12.336 13.937 15.235 15.581 18.484
1956 16.794 17.702 19.393 15.553 14.675 13.039 17.291 16.649 16.573 15.958 17.035 16.948
1957 15.367 19.109 17.363 10.863 14.114 14.018 15.768 15.718 15.119 14.846 14.497 17.244
1958 16.988 18.290 20.040 16.218 14.215 16.992 17.344 16.425 16.449 15.890 11.810 19.712
1959 16.684 14.233 16.747 15.650 12.150 15.074 12.818 15.006 15.309 17.456 14.832 18.477
1960 17.750 20.150 20.259 12.510 14.500 13.992 15.821 18.405 17.045 18.753 16.633 16.074
1961 17.304 16.957 15.319 16.102 16.300 13.712 16.720 15.650 16.407 15.551 17.890 18.855
1962 16.325 16.675 19.099 12.632 14.920 15.768 16.404 15.700 16.368 14.314 14.446 18.082
1963 15.977 20.259 19.602 14.445 12.003 17.927 15.244 16.694 13.595 16.254 18.643 19.570
1964 13.245 19.296 20.095 15.582 15.573 14.221 15.241 17.627 14.574 16.538 16.492 15.824
1965 17.633 15.102 18.895 17.786 16.537 16.315 17.297 17.102 16.588 15.819 19.876 17.718
1966 17.981 19.657 17.213 14.400 12.721 17.112 15.143 16.443 15.296 17.073 14.362 17.122
1967 17.081 18.696 17.518 12.236 13.896 14.403 14.237 14.073 15.867 15.495 14.570 16.744
1968 17.161 20.205 17.633 15.096 14.076 13.980 15.867 15.859 16.684 16.675 14.432 19.236
1969 18.402 19.789 20.259 14.566 16.389 17.179 13.724 14.932 14.103 15.439 16.637 17.878
1970 18.781 18.883 17.075 14.799 14.010 13.866 14.485 16.176 15.938 16.519 17.030 15.833
1971 16.397 17.524 18.093 14.204 14.057 17.665 13.398 14.801 12.939 15.492 16.576 15.183
1972 18.176 18.556 18.434 14.414 14.925 14.438 10.355 11.793 16.148 16.402 16.592 14.429
1973 13.427 17.948 16.184 13.462 13.759 12.075 17.212 14.558 15.579 16.157 16.336 17.097
1974 16.811 19.505 14.231 14.414 17.255 17.829 15.691 15.710 14.562 15.720 16.831 15.987
1975 15.858 16.311 19.179 12.651 11.228 12.620 15.401 13.532 13.725 16.407 16.010 14.614
1976 16.507 16.842 18.300 11.831 15.370 14.757 16.446 13.825 17.827 18.574 15.385 18.221
1977 17.274 19.548 15.055 13.560 13.067 15.909 15.383 16.873 14.736 16.339 17.453 17.094
1978 18.253 20.259 17.085 18.527 15.313 17.693 16.368 15.357 15.553 14.231 14.230 20.259
1979 17.351 20.095 17.924 16.512 12.800 13.267 14.867 14.624 13.748 17.823 15.181 17.470
1980 18.302 17.392 19.450 14.329 17.061 16.846 16.639 16.069 15.106 17.722 16.783 16.312
1981 15.006 18.108 18.691 12.705 14.959 11.573 12.153 11.979 15.113 15.737 15.886 18.321
1982 16.414 17.513 18.031 13.085 13.720 16.860 12.712 14.427 13.564 17.212 15.090 16.103
1983 15.934 17.678 16.315 14.258 15.084 13.448 12.408 12.077 15.495 15.466 16.172 16.179
1984 16.090 16.663 17.690 10.301 13.408 14.770 14.482 13.988 15.927 16.228 17.320 15.468
1985 18.960 18.495 18.434 14.953 13.456 17.043 15.964 13.701 15.409 14.419 17.804 17.346
1986 18.026 20.259 15.391 14.423 13.637 11.505 14.904 15.301 13.705 15.385 15.058 17.565
1987 15.503 19.181 18.365 13.251 13.094 14.161 13.937 15.333 16.231 12.698 15.901 16.430
1988 17.543 17.902 18.310 13.265 12.882 12.096 12.284 14.867 14.953 15.428 16.040 15.976
1989 13.770 16.925 16.129 14.353 11.421 12.196 11.648 14.555 11.948 15.433 17.817 18.141
1990 15.902 17.386 14.189 14.107 12.316 16.773 14.825 14.367 15.529 16.780 16.955 16.608
1991 15.750 19.607 15.430 13.446 12.670 13.778 13.946 14.132 14.288 15.878 14.736 15.084
1992 13.089 16.704 17.148 16.218 11.898 13.220 14.788 15.152 14.803 18.365 16.915 15.945
1993 16.061 14.283 17.086 16.147 13.259 15.791 15.519 14.524 18.619 17.655 15.722 17.205
1994 15.899 20.040 16.460 14.079 16.428 15.102 13.516 15.800 14.132 15.318 15.952 17.050
1995 16.630 17.344 16.799 12.107 13.311 11.688 13.904 12.939 16.642 14.809 17.880 18.726
1996 12.772 18.995 19.612 12.806 13.925 13.157 13.836 13.037 17.706 16.273 14.508 18.681
1997 13.645 17.560 15.822 13.966 15.238 15.925 16.124 12.411 14.383 16.384 17.872 18.853
1998 17.038 15.239 16.324 16.844 11.232 13.055 14.625 13.893 16.435 16.019 17.289 16.129
1999 14.854 17.318 17.642 12.885 15.668 12.067 12.078 15.739 14.904 17.297 14.991 17.050
2000 15.285 17.316 15.912 13.635 14.569 14.301 14.838 13.958 15.755 14.898 15.732 18.260
2001 16.642 17.834 18.626 13.168 12.985 16.836 12.295 14.326 16.473 16.798 15.248 15.654
2002 15.032 17.411 16.254 12.436 14.726 14.985 11.642 12.579 13.427 18.146 16.990 17.974
2003 16.312 19.236 15.751 12.844 12.656 16.287 11.477 13.156 12.919 17.658 13.734 13.993
2004 17.013 16.793 16.089 14.736 14.608 15.213 14.751 14.749 13.324 17.386 14.246 15.514
2005 15.353 17.238 17.883 12.941 13.099 14.697 14.078 13.051 11.654 12.641 13.699 16.100
2006 12.720 18.780 18.957 13.712 14.995 10.351 12.324 15.062 13.560 16.279 16.609 14.425
2007 15.364 19.015 15.107 12.348 13.357 16.088 16.076 12.045 13.375 12.056 15.679 14.367
2008 15.478 15.663 17.971 14.739 13.778 15.407 15.147 14.600 14.660 14.338 14.367 13.106
2009 17.867 17.820 17.422 13.384 13.501 14.421 15.481 14.909 11.470 15.403 16.398 19.236
2010 17.862 20.259 18.405 11.737 11.267 11.717 10.129 12.868 14.511 18.141 17.142 17.500
2011 15.158 18.136 14.205 12.307 12.446 14.264 13.033 14.231 15.189 15.144 14.938 16.171
2012 15.717 16.198 14.308 15.100 12.281 15.129 13.039 14.593 13.701 16.625 15.346 18.365
2013 17.981 17.850 19.931 13.294 13.085 11.871 13.213 12.375 15.904 16.015 13.958 15.931
2014 17.194 18.153 15.058 12.543 12.302 14.833 11.191 15.189 11.731 15.435 14.146 14.885
2015 15.922 17.701 12.697 13.832 13.032 12.374 15.034 13.178 13.161 14.234 15.112 15.272
2016 18.213 16.679 17.974 14.320 10.974 13.359 12.944 11.681 13.810 15.160 15.059 14.860
2017 15.330 17.232 14.977 12.242 13.061 14.935 14.416 12.703 14.126 15.665 15.302 15.819
2018 15.459 18.502 19.821 13.574 8.672 12.053 8.212 12.153 12.417 13.568 13.622 16.334
2019 16.206 15.682 16.023 8.927 13.733 12.739 14.877 13.993 14.456 15.571 15.495 15.860
2020 13.969 17.809 14.867 12.671 13.664 12.154 13.216 14.778 11.873 15.263 13.225 14.852
2021 16.909 18.193 16.350 12.652 15.296 9.468 12.394 13.146 13.686 14.165 13.653 17.025
2022 14.883 17.035 14.999 13.689 14.249 13.018 11.289 9.083 15.961 15.824 16.283 16.266
2023 13.466 15.116 17.481 13.204 9.084 12.476 15.325 12.850 11.252 16.958 17.842 15.964
2024 15.717 16.139 17.994 12.430 11.056 12.333 13.449 13.480 10.482 14.705 13.716 13.336
2025 14.047 16.483 12.694 10.659 13.068 14.205 13.474 14.089 12.633 16.714 14.692 15.898
