1951 2025
1951 14.831 14.651 13.841 15.844 20.764 23.405 28.991 28.501 26.440 25.072 20.736 18.263
1952 15.192 16.618 14.009 14.778 17.785 25.812 30.367 28.686 28.327 27.708 22.878 16.175
1953 13.738 17.256 14.727 19.995 18.539 24.672 29.794 28.498 28.164 25.437 22.284 20.000
1954 14.526 13.460 14.131 15.260 -999.000 25.240 33.009 30.136 31.273 26.750 21.408 17.807
1955 15.523 15.123 14.608 15.587 19.518 23.693 30.872 31.852 29.858 30.683 18.420 17.089
1956 15.215 14.282 14.361 15.938 21.511 25.667 31.161 29.676 29.322 20.114 23.449 17.435
1957 15.289 13.019 13.071 14.444 17.149 22.967 29.589 30.066 26.388 26.064 22.398 18.800
1958 16.395 13.879 15.659 16.758 22.370 23.695 28.895 30.018 28.058 30.656 23.398 19.160
1959 13.776 20.570 18.289 14.903 16.550 23.447 31.090 29.882 28.309 24.324 22.920 20.773
1960 15.342 14.468 13.403 15.024 17.693 24.837 30.827 31.188 30.511 27.828 18.642 20.604
1961 15.288 15.967 14.248 15.512 20.508 25.975 31.083 30.846 32.504 22.165 17.671 16.489
1962 15.576 14.837 15.075 14.436 21.524 24.991 28.966 31.467 28.272 28.327 23.266 15.707
1963 15.967 14.429 15.179 14.066 21.444 22.274 30.058 31.766 28.257 29.872 16.528 19.615
1964 18.303 16.746 19.119 18.825 19.403 24.157 30.428 30.709 29.719 29.374 18.399 18.995
1965 16.330 15.848 14.829 14.268 25.538 24.410 30.258 29.946 29.145 27.483 21.499 18.540
1966 16.774 13.947 13.021 14.147 18.623 23.562 28.397 30.580 26.574 20.271 20.680 16.643
1967 15.969 14.614 13.873 15.417 19.344 23.110 30.417 31.334 27.612 27.654 -999.000 14.571
1968 14.049 12.305 14.189 13.877 16.051 24.282 30.633 28.654 25.245 29.272 20.000 14.224
1969 13.642 13.433 15.615 14.603 17.242 21.552 29.142 28.785 26.724 24.942 22.216 20.067
1970 13.256 13.139 -999.000 18.179 16.494 24.383 29.210 31.338 29.250 20.624 16.733 17.362
1971 15.171 15.181 14.685 14.458 18.701 24.049 30.408 32.787 25.562 26.709 -999.000 18.372
1972 17.315 13.239 13.275 13.211 17.996 21.081 28.056 28.724 25.083 23.930 21.457 18.593
1973 18.113 15.000 15.886 18.252 18.098 23.932 28.856 30.849 26.365 25.000 20.698 21.149
1974 18.548 15.840 13.954 15.920 18.287 24.359 29.128 28.639 28.023 25.782 23.406 -999.000
1975 16.186 13.729 13.536 20.220 18.950 22.510 30.847 29.963 30.081 28.150 18.172 16.380
1976 15.832 13.735 13.994 14.733 18.713 24.175 28.981 29.647 25.071 25.217 23.334 15.923
1977 13.832 17.934 17.946 14.739 16.908 24.362 31.318 30.825 24.805 22.824 22.749 17.515
1978 13.874 15.083 15.000 17.337 19.345 24.507 30.056 30.168 26.967 25.376 21.786 18.723
1979 13.964 13.420 13.555 19.902 17.750 22.482 28.035 28.450 26.504 25.426 24.639 15.206
1980 12.531 13.458 17.825 16.753 17.585 23.924 30.037 28.608 27.299 22.944 22.019 14.182
1981 15.668 13.757 15.965 18.296 18.549 24.502 29.625 27.307 26.347 22.947 22.306 18.631
1982 14.123 12.566 14.401 18.457 18.473 23.057 28.090 29.364 26.265 22.317 21.935 19.829
1983 14.848 13.734 12.856 13.730 17.467 21.711 28.738 28.295 25.414 23.450 20.777 18.617
1984 16.486 14.803 16.384 16.427 20.935 23.342 31.697 28.583 23.377 23.438 22.326 16.905
1985 14.151 14.768 15.928 13.700 17.606 23.899 29.974 29.555 26.053 23.872 20.000 20.594
1986 14.933 13.005 14.122 17.483 18.070 24.672 30.255 28.722 25.498 22.671 22.805 19.093
1987 16.882 14.503 15.493 15.280 18.025 22.034 26.052 27.240 25.737 23.294 20.519 18.808
1988 18.417 15.000 16.163 15.539 18.330 23.850 30.908 29.126 27.417 24.885 20.311 20.095
1989 17.356 16.014 12.970 14.416 20.525 23.804 30.002 30.192 28.179 25.468 20.000 18.958
1990 16.260 19.932 14.455 14.909 18.335 26.228 29.208 28.280 27.952 21.759 21.333 20.239
1991 20.019 13.617 17.396 17.488 19.196 24.018 28.154 28.840 27.166 28.546 22.844 19.158
1992 17.283 12.717 16.132 15.000 17.212 22.711 28.356 29.987 27.934 -999.000 24.728 20.432
1993 14.264 13.752 18.167 17.051 17.955 22.850 28.984 28.789 27.366 25.092 23.406 20.315
1994 15.185 14.875 14.491 14.751 18.907 24.734 31.044 29.921 25.220 28.424 20.413 19.058
1995 15.765 15.000 13.035 18.501 17.419 22.520 28.730 30.644 26.084 25.346 19.215 16.888
1996 14.313 13.916 13.641 17.500 18.315 23.216 30.868 28.732 25.610 22.514 22.771 14.835
1997 12.797 16.092 19.949 18.023 17.462 22.639 28.359 26.850 24.864 19.620 19.294 16.450
1998 14.528 12.763 13.226 14.998 16.346 23.712 29.073 29.498 26.570 22.805 22.235 19.775
1999 15.704 18.542 14.548 18.671 20.603 25.948 30.393 28.945 27.258 27.252 20.000 18.483
2000 15.023 15.870 17.439 17.158 18.930 26.716 29.433 30.209 26.834 26.664 22.477 19.752
2001 17.399 16.312 15.000 16.389 18.246 25.263 30.215 29.846 26.814 23.156 20.721 17.972
2002 17.962 16.488 16.380 18.443 18.185 25.007 28.985 30.302 25.691 23.955 21.060 18.288
2003 15.546 17.934 15.893 15.462 17.434 23.847 29.050 29.445 26.962 22.971 20.497 17.948
2004 14.733 16.589 15.593 15.742 17.956 23.979 28.648 27.266 26.833 22.388 21.685 17.728
2005 15.218 14.031 14.805 14.360 16.756 22.832 28.605 28.803 28.074 24.789 18.578 17.264
2006 16.351 17.329 12.964 16.928 17.841 24.746 29.421 28.393 25.901 21.638 18.692 18.254
2007 15.532 17.138 14.296 15.728 17.068 23.803 28.535 30.362 27.781 26.632 22.984 19.052
2008 17.355 14.339 15.806 18.829 19.014 24.806 29.762 29.632 26.445 23.633 20.263 19.233
2009 19.572 16.785 15.755 15.827 17.928 22.760 28.330 29.901 26.296 22.337 21.263 17.805
2010 15.794 12.884 14.481 13.508 16.830 24.331 29.564 30.270 27.215 24.332 20.469 14.197
2011 14.417 14.435 16.004 17.843 18.187 24.841 31.897 29.383 27.088 25.705 21.128 19.698
2012 13.612 16.862 15.944 15.615 19.461 24.200 30.660 28.148 25.527 21.047 17.516 16.392
2013 16.439 16.251 13.685 14.226 17.536 26.520 28.165 29.458 27.189 24.190 19.494 19.382
2014 19.901 16.176 14.941 16.519 16.631 22.825 27.421 28.783 26.625 22.631 21.644 17.794
2015 16.018 13.631 16.617 16.108 18.421 24.250 29.204 28.149 23.734 21.146 19.479 17.174
2016 14.742 14.296 12.236 14.860 17.105 24.055 29.240 29.106 28.440 23.141 19.910 19.850
2017 15.885 14.274 13.332 15.612 17.050 24.490 29.170 28.784 26.087 23.525 20.341 19.525
2018 16.740 20.688 15.307 13.540 18.833 25.461 32.899 29.965 26.740 20.049 17.836 18.038
2019 15.551 16.337 14.731 14.469 15.984 21.948 28.786 28.654 28.571 22.910 19.679 16.843
2020 14.556 15.337 15.418 15.523 16.925 24.815 29.036 30.397 27.493 22.460 19.913 16.768
2021 18.705 17.898 17.575 14.301 18.959 26.177 30.416 30.341 28.153 21.373 19.273 17.653
2022 12.158 17.026 16.350 16.100 17.443 25.310 30.526 30.971 28.109 23.835 20.386 20.308
2023 17.500 17.770 14.551 14.199 15.062 22.173 28.723 28.445 26.629 21.047 17.757 15.737
2024 14.159 13.218 13.813 14.573 16.951 23.388 29.878 30.209 26.886 22.220 18.769 17.405
2025 17.243 15.923 14.641 15.974 18.860 26.628 28.225 29.055 27.023 22.894 18.782 16.390
