1951 2025
1951 19.876 20.259 18.001 16.373 16.188 16.118 14.024 15.492 17.201 19.438 19.072 18.596
1952 18.606 18.639 19.657 18.491 15.878 17.116 13.732 14.493 17.400 19.239 19.737 19.129
1953 19.069 19.231 19.283 15.342 16.785 17.314 15.061 16.148 16.508 20.040 20.259 19.445
1954 20.259 20.259 18.912 17.091 18.843 18.183 13.120 15.412 18.113 19.074 19.363 18.924
1955 18.143 20.259 19.712 17.981 16.563 16.428 16.978 14.738 18.579 18.721 18.907 19.931
1956 19.610 20.259 19.767 17.310 18.594 18.615 17.411 17.302 19.164 19.438 18.666 19.712
1957 20.259 20.205 19.017 18.201 17.676 17.133 19.512 18.741 17.048 19.493 19.712 19.548
1958 18.087 19.876 19.602 18.648 18.380 18.379 18.693 18.860 19.164 19.602 19.767 19.438
1959 17.880 20.259 19.767 18.043 18.336 19.236 19.878 18.822 19.024 20.259 20.259 19.821
1960 18.967 19.229 20.259 17.256 19.657 19.460 19.283 18.766 19.876 19.821 19.508 18.930
1961 18.462 20.259 19.767 17.521 18.194 19.669 19.393 19.022 19.876 20.259 19.876 19.602
1962 19.328 19.986 18.045 17.580 16.656 19.077 18.428 18.460 19.662 20.259 19.791 19.657
1963 17.273 19.077 19.602 18.571 19.132 19.176 18.768 18.905 19.988 19.876 19.657 19.448
1964 19.821 20.259 19.493 17.667 16.921 19.060 19.876 18.915 19.719 20.259 19.283 18.278
1965 18.753 20.259 18.499 18.118 16.405 17.812 18.457 18.131 19.060 19.328 19.122 18.241
1966 18.823 19.602 19.821 17.126 17.906 18.275 19.348 17.040 16.390 19.274 18.749 19.861
1967 19.022 20.259 19.767 16.548 15.402 17.651 17.929 17.939 19.219 19.493 17.624 18.833
1968 20.259 20.259 19.712 17.929 16.603 17.523 15.633 18.181 18.915 19.986 19.393 20.259
1969 20.259 20.259 19.657 16.952 18.379 17.060 16.846 18.930 18.723 20.095 18.422 18.775
1970 19.548 20.259 19.478 16.866 16.909 17.214 16.377 16.166 18.875 19.657 19.657 20.259
1971 19.448 20.259 19.181 17.421 18.327 18.972 18.516 17.919 17.473 19.064 18.053 19.767
1972 20.259 20.259 19.876 16.465 17.259 18.230 18.741 17.677 18.907 19.236 18.970 19.876
1973 20.259 20.259 19.498 16.802 17.978 17.075 17.276 17.605 17.488 19.493 18.703 18.409
1974 20.259 20.259 19.139 17.578 16.636 18.432 13.711 16.379 18.833 18.474 19.555 18.963
1975 19.493 20.259 19.712 17.797 17.947 17.395 17.406 16.297 17.934 20.095 19.767 19.657
1976 18.564 20.259 20.259 17.454 17.268 16.766 18.362 18.057 19.109 19.876 19.445 19.183
1977 20.259 19.712 18.198 15.311 16.984 15.882 15.972 17.364 16.355 18.641 17.362 19.876
1978 19.129 20.259 18.343 17.575 17.247 16.637 16.532 17.451 17.707 18.855 19.548 19.548
1979 18.980 19.767 19.405 18.091 16.213 14.934 15.913 16.956 18.235 18.377 18.134 19.181
1980 19.931 20.259 20.095 17.245 15.985 16.632 13.857 13.211 17.667 19.181 18.648 18.158
1981 18.624 20.259 18.646 16.031 16.400 14.834 14.642 16.337 17.856 18.579 19.134 17.360
1982 19.022 20.259 19.821 14.979 16.609 15.277 16.396 15.312 17.204 18.589 19.391 18.414
1983 18.663 19.767 19.022 17.298 17.642 16.016 17.461 15.451 18.836 18.586 17.827 19.019
1984 18.607 20.259 18.532 18.185 16.676 17.359 16.679 16.905 18.646 18.907 19.493 20.259
1985 18.970 20.259 19.931 17.476 16.724 17.919 17.663 16.331 17.149 19.602 19.236 19.236
1986 18.250 19.876 19.821 16.658 16.468 16.109 12.857 16.948 16.215 18.965 19.283 19.767
1987 18.805 19.279 19.767 17.505 16.244 16.883 16.866 16.544 17.513 19.886 19.602 18.701
1988 19.657 19.470 19.986 16.664 17.964 16.732 13.470 13.513 15.619 18.646 17.675 18.915
1989 19.931 20.259 17.218 17.690 16.193 16.075 13.167 14.904 18.322 18.903 18.862 18.858
1990 19.821 20.259 18.322 17.038 16.104 17.365 16.323 17.553 17.391 18.158 18.539 19.286
1991 19.821 20.259 19.438 15.706 15.642 15.458 17.667 15.126 18.218 17.436 18.205 19.767
1992 18.713 20.259 20.259 17.521 15.312 17.607 16.925 17.501 18.896 18.910 17.784 19.602
1993 19.657 19.876 19.548 17.476 17.710 17.921 14.767 17.468 18.372 18.432 19.931 19.176
1994 19.022 20.259 18.912 16.822 16.594 14.005 16.624 16.611 17.600 17.977 18.377 19.767
1995 18.176 19.176 18.017 15.805 17.382 17.361 16.883 16.330 17.406 18.853 17.682 19.657
1996 20.150 20.259 20.259 18.220 15.619 17.264 10.925 16.365 18.688 19.383 17.669 18.970
1997 19.602 20.259 18.245 14.676 16.201 15.930 16.362 16.828 17.620 16.314 19.550 19.821
1998 19.986 19.767 19.767 16.833 16.011 15.856 9.909 11.102 16.726 18.235 19.119 18.596
1999 18.970 18.770 20.259 17.160 15.162 18.001 12.562 15.315 17.658 18.648 19.602 18.153
2000 19.602 20.259 19.017 16.098 16.659 14.538 15.562 14.218 16.203 20.259 19.505 19.443
2001 19.712 20.259 18.101 16.493 15.629 15.881 16.883 13.529 17.884 19.438 18.031 19.037
2002 18.643 19.548 19.017 18.018 16.237 17.244 12.774 15.453 16.135 18.810 18.703 20.259
2003 18.242 20.259 19.657 17.032 14.738 15.543 14.880 15.982 17.349 18.352 19.657 18.452
2004 18.577 19.821 19.493 17.050 15.417 14.368 15.488 16.542 16.904 18.429 18.596 19.712
2005 20.095 20.259 17.887 16.667 16.519 17.618 14.472 15.967 16.448 17.740 18.194 18.619
2006 20.259 19.657 18.255 17.611 17.014 15.516 16.438 15.268 16.074 18.270 18.917 18.910
2007 17.732 19.821 19.022 15.287 16.769 16.231 15.474 14.171 15.589 18.090 18.345 20.095
2008 20.259 20.259 17.884 16.752 16.860 12.963 13.074 15.509 17.941 17.834 17.996 18.975
2009 18.703 20.259 18.860 16.409 16.279 17.341 17.642 17.135 17.658 18.059 18.569 19.602
2010 19.336 20.259 19.234 17.114 16.652 12.244 13.749 14.789 15.793 18.033 18.355 18.883
2011 19.667 20.259 18.703 15.845 17.489 16.985 12.499 15.551 17.715 18.429 19.657 19.445
2012 19.153 20.259 19.767 16.167 16.119 12.565 12.083 14.941 15.914 18.765 19.555 19.767
2013 19.602 19.821 18.036 16.397 17.033 16.435 17.286 17.252 17.321 18.327 17.711 19.236
2014 19.438 20.259 18.382 15.150 16.700 13.218 16.990 13.755 18.629 19.055 19.550 18.862
2015 19.219 19.393 19.069 16.086 16.725 14.777 13.722 11.908 17.387 18.482 19.548 19.498
2016 18.020 17.977 17.984 16.484 16.666 16.212 13.644 12.476 15.509 20.095 19.229 19.493
2017 18.858 19.657 17.730 16.201 15.835 15.028 15.103 15.589 17.976 19.219 18.310 18.300
2018 19.308 19.876 18.375 16.739 17.080 16.496 13.322 14.739 17.573 18.539 19.440 19.039
2019 18.753 20.259 17.889 16.856 16.493 16.498 13.581 15.189 16.485 17.774 18.716 19.072
2020 19.602 19.127 17.753 14.116 14.776 17.446 13.239 16.873 17.055 18.561 19.119 19.107
2021 18.671 19.602 19.174 15.601 15.992 17.215 11.809 12.244 17.082 18.850 18.805 18.195
2022 19.019 19.876 19.548 15.710 15.799 16.498 12.924 16.197 15.820 18.379 19.602 19.338
2023 18.663 19.712 17.682 17.222 15.778 16.163 12.901 14.636 17.082 17.605 17.857 19.124
2024 18.751 20.259 18.751 15.140 15.524 15.053 13.294 13.603 15.940 18.203 18.536 19.438
2025 18.046 18.948 18.499 16.167 16.134 14.593 14.705 16.619 17.399 18.716 18.163 19.443
