1951 2025
1951 2.073 1.378 2.169 1.254 0.586 1.002 1.123 0.689 0.752 0.163 -0.303 -0.452
1952 -1.109 -0.936 -0.813 -0.179 -0.006 -0.251 0.194 0.739 0.749 0.572 0.660 0.443
1953 1.006 0.879 0.614 0.408 0.688 0.982 0.739 0.268 0.405 0.334 0.192 -0.463
1954 -0.612 -0.247 -0.298 0.189 0.560 0.272 0.624 0.165 0.209 0.385 1.292 1.008
1955 -0.029 -0.078 0.213 0.108 0.205 0.719 0.895 0.722 0.627 -0.029 -0.368 -0.558
1956 -1.040 -0.660 0.008 0.438 0.883 1.156 1.254 0.948 0.989 0.793 0.366 -1.082
1957 -1.904 -1.181 -0.771 -0.766 -0.458 0.254 0.224 -0.065 0.229 0.039 -0.424 -1.036
1958 -1.730 -1.778 -1.050 -0.733 -1.151 -0.932 -0.384 0.065 0.207 0.258 0.179 -0.045
1959 -0.392 -1.183 -1.369 -0.921 -0.585 -0.093 -0.270 -0.308 -0.249 -0.222 -0.080 -0.070
1960 -0.268 -0.700 -0.757 -0.646 -0.963 -0.188 0.106 0.332 0.313 -0.075 -0.518 -0.106
1961 0.420 0.141 0.535 0.812 0.501 0.133 -0.019 0.003 -0.094 -0.046 0.066 0.431
1962 0.553 -0.328 -0.328 -0.242 -0.379 -0.476 -0.386 -0.196 0.720 0.696 -0.059 -0.876
1963 -1.009 -0.278 -0.501 -0.346 -0.616 -0.006 -0.162 0.052 -0.111 -1.009 -1.612 -1.961
1964 -2.228 -2.309 -1.643 -1.001 -1.153 -1.145 -0.696 -0.403 -0.145 -0.647 -0.531 -0.809
1965 -1.529 -1.411 -0.776 -1.096 -1.085 -1.012 -0.554 -0.201 -0.183 -0.201 0.654 0.752
1966 0.640 0.395 0.051 0.035 -0.432 -0.604 0.574 -0.087 -0.683 -0.849 -0.826 -1.412
1967 -1.599 -1.213 -1.099 -0.652 -0.437 -0.664 -0.630 -0.659 -0.166 -0.270 -0.144 -0.317
1968 0.048 1.160 1.268 0.896 0.709 0.900 1.186 0.986 1.142 0.818 -0.003 -0.230
1969 -0.228 -0.414 -0.766 -0.743 -0.274 -0.088 -0.149 -0.717 -0.537 -0.300 -0.714 -1.235
1970 -1.267 -0.990 -1.623 -1.149 -0.972 -0.518 -0.682 -0.263 0.031 0.096 0.577 0.570
1971 0.592 0.074 0.338 0.737 0.410 0.201 0.184 0.071 -0.012 0.059 -0.160 -0.519
1972 -0.944 -0.830 -0.688 -0.087 -0.095 -0.115 0.166 0.182 -0.002 -0.297 -0.995 -0.990
1973 -0.712 -0.605 -0.200 0.184 0.189 -0.200 0.170 0.053 -0.097 -0.045 0.005 0.465
1974 1.003 1.421 1.224 1.099 0.663 0.551 0.315 0.805 0.449 0.799 0.788 0.297
1975 -0.464 -1.016 -1.113 -0.554 -0.706 -0.295 0.042 0.195 0.334 0.116 0.703 0.981
1976 0.674 0.921 1.041 0.290 -0.239 -0.545 -0.508 -0.218 -0.218 0.066 0.224 -0.926
1977 -0.888 -1.195 -0.264 0.025 0.049 0.311 0.260 -0.245 -0.453 -0.086 -0.099 -0.301
1978 -0.673 -0.492 -0.501 -0.482 0.059 0.003 0.178 0.931 0.889 0.577 0.602 -0.016
1979 -0.660 -0.553 -0.147 0.625 0.584 0.440 0.001 0.252 0.440 -0.147 -0.142 -0.957
1980 -0.771 -0.752 -0.469 -0.110 0.461 0.176 0.651 -0.107 -0.095 0.321 0.389 0.406
1981 0.929 1.350 0.741 0.736 -0.354 -0.014 -0.059 0.051 -0.102 -0.466 0.292 0.578
1982 0.983 1.072 1.566 1.094 0.261 0.529 0.411 0.344 0.448 0.636 -0.172 -0.588
1983 -1.149 -0.993 -0.522 -0.351 -0.283 0.488 0.369 -0.059 -0.282 -0.298 -0.058 -0.382
1984 -0.458 -0.776 -0.569 -0.895 -0.245 -0.125 -0.211 0.183 -0.258 -0.209 -0.218 0.344
1985 -0.156 -0.570 -0.461 0.285 -0.156 -0.127 -0.075 0.357 0.325 0.644 0.416 -0.288
1986 -0.115 0.180 0.613 0.460 0.497 0.079 0.145 0.475 0.577 0.570 -0.120 0.401
1987 0.345 0.064 0.141 0.069 0.319 -0.085 0.185 0.285 0.277 0.226 0.253 0.727
1988 0.370 -0.922 -1.521 -0.781 -0.303 -0.140 -0.251 -0.193 -0.810 -0.965 -0.213 -0.159
1989 0.261 -0.295 -0.667 -0.310 -0.082 0.318 0.732 1.006 0.244 0.571 0.186 -0.072
1990 0.512 -0.292 -0.205 -0.169 -0.192 0.191 -0.098 0.187 0.468 0.398 -0.083 -0.578
1991 -0.324 0.044 -0.061 -0.010 0.135 -0.343 -0.215 -0.313 -0.002 0.277 -0.241 -0.493
1992 -0.245 0.027 -0.222 -0.527 0.247 0.282 -0.285 0.025 0.428 0.972 1.103 1.297
1993 0.973 0.204 -0.011 0.374 0.940 1.059 0.542 0.141 0.264 0.075 0.340 0.997
1994 0.320 0.430 0.144 -0.390 -0.422 -0.044 0.046 -0.370 -0.846 -0.964 -0.802 -0.543
1995 -0.603 -0.495 -0.763 -0.726 -0.877 -0.401 0.412 -0.083 0.392 0.545 0.184 -0.193
1996 0.107 -0.962 -0.799 -0.441 -0.102 -0.143 -0.121 0.087 0.302 0.000 -0.071 -0.285
1997 0.115 1.277 0.950 0.198 0.420 0.251 0.160 0.062 -0.481 -0.878 -1.210 -1.496
1998 -0.986 -0.730 -1.265 -0.970 -0.238 -0.057 0.101 -0.083 0.054 0.015 0.330 1.199
1999 1.135 1.441 0.697 0.296 0.291 0.276 0.148 0.342 -0.011 -0.372 -0.238 -0.433
2000 -0.860 0.173 1.236 1.443 1.046 0.355 0.185 -0.163 -0.288 -0.151 -0.085 0.217
2001 0.571 1.025 1.517 0.606 0.450 0.011 -0.250 -0.152 0.010 0.006 -0.219 -0.641
2002 -0.976 -0.434 -0.502 -0.803 -0.805 -0.977 -0.606 -0.208 0.097 -0.123 -0.299 -0.978
2003 -1.024 -0.758 -0.171 0.121 0.136 -0.353 -0.782 -0.582 -0.426 -0.067 0.225 0.137
2004 -0.169 -0.544 0.104 0.454 -0.126 -0.306 0.113 0.370 0.572 0.146 0.299 -0.063
2005 -0.079 -0.277 -0.674 -0.567 -0.489 -0.325 -0.178 -0.209 -0.094 0.144 0.001 0.044
2006 0.431 0.752 0.906 0.884 0.615 0.286 0.019 -0.111 -0.377 -0.269 0.236 0.610
2007 0.652 0.841 0.679 0.449 0.036 -0.202 -0.080 -0.427 -0.239 -0.066 -0.024 -0.007
2008 0.388 0.592 0.653 0.159 -0.286 -0.484 -0.378 -0.431 -0.071 0.090 0.231 0.372
2009 -0.692 -0.563 -0.270 -0.108 -0.402 -0.323 -0.158 -0.396 -0.054 -0.222 -0.284 -0.390
2010 -0.257 -0.863 -1.262 -0.580 -0.031 0.324 0.179 -0.134 -0.117 -0.263 0.240 0.665
2011 0.873 0.678 0.538 0.623 0.339 0.219 -0.185 -0.610 -0.547 -0.747 -0.556 -0.539
2012 -0.383 -0.614 -0.644 -0.440 -0.387 -0.467 -0.184 -0.254 -0.380 -0.386 -0.879 -1.018
2013 -0.785 -0.825 -0.299 -0.252 -0.029 -0.271 -0.149 -0.412 -0.422 -0.688 -0.801 -0.901
2014 -0.831 -0.412 -0.024 -0.257 -0.087 -0.605 -0.470 -0.728 -0.805 -0.735 -0.655 0.096
2015 -0.452 -0.137 -0.477 -0.195 -0.085 -0.426 -0.365 -0.344 -0.385 -0.580 -0.607 -0.249
2016 -0.489 -0.964 -0.791 -0.756 -0.666 -0.663 -0.630 -0.475 -0.141 0.101 -0.157 0.012
2017 0.504 0.705 0.834 1.295 0.454 0.182 -0.021 0.000 -0.016 0.247 -0.219 0.026
2018 -0.149 0.045 0.612 0.506 -0.006 -0.146 -0.211 -0.318 -0.028 0.006 0.657 0.770
2019 0.389 -0.043 0.435 0.434 -0.125 -0.742 -0.723 -0.961 -0.733 -0.854 -1.432 -2.004
2020 -1.690 -1.489 -1.660 -1.315 -1.125 -0.918 -0.957 -1.153 -1.338 -1.392 -1.407 -0.748
2021 -0.094 0.281 -0.324 -0.292 -0.148 -0.220 -0.052 -0.441 -0.202 0.014 0.563 -0.485
2022 -1.346 -0.725 -0.280 -0.275 0.009 -0.140 -0.310 -0.009 -0.051 0.153 0.567 0.827
2023 1.373 0.745 0.245 0.661 0.662 0.462 0.073 0.174 0.152 -0.289 -0.101 -0.614
2024 -1.484 -1.408 -0.674 -0.886 -0.916 -0.991 -0.590 -0.707 -0.480 -0.836 0.208 0.160
2025 -0.387 -0.512 -0.492 -0.187 -0.407 -0.536 -0.555 -0.542 -0.339 -0.837 -0.750 -0.829
