1951 2025
1951 -999.000 -999.000 -999.000 -999.000 24.375 28.746 32.417 31.549 28.929 29.103 23.805 20.240
1952 -999.000 18.386 -999.000 -999.000 -999.000 30.852 33.994 29.637 31.783 30.272 24.909 -999.000
1953 -999.000 19.337 -999.000 21.813 22.403 27.012 35.585 30.758 32.533 28.770 25.589 21.006
1954 -999.000 -999.000 -999.000 -999.000 25.258 30.406 36.552 31.898 35.857 28.716 23.462 -999.000
1955 -999.000 -999.000 -999.000 -999.000 24.985 27.167 33.223 34.773 34.008 32.753 -999.000 -999.000
1956 -999.000 -999.000 -999.000 -999.000 -999.000 29.587 35.296 30.721 30.886 -999.000 26.023 -999.000
1957 -999.000 -999.000 -999.000 -999.000 15.444 28.049 33.627 34.012 29.697 29.266 25.701 19.904
1958 18.801 -999.000 17.627 19.712 26.186 29.074 31.464 33.211 31.653 32.110 26.562 21.487
1959 -999.000 -999.000 19.238 -999.000 -999.000 27.906 35.850 32.534 32.904 28.361 25.985 22.285
1960 -999.000 -999.000 -999.000 -999.000 -999.000 29.576 33.417 36.501 33.071 30.701 -999.000 23.873
1961 -999.000 -999.000 -999.000 -999.000 23.716 30.345 35.129 34.468 35.173 -999.000 -999.000 -999.000
1962 -999.000 -999.000 -999.000 -999.000 23.360 27.942 31.564 36.969 31.883 31.805 25.189 -999.000
1963 -999.000 -999.000 -999.000 -999.000 -999.000 29.366 35.906 34.262 32.065 32.191 -999.000 22.064
1964 -999.000 18.222 -999.000 -999.000 -999.000 27.843 36.131 38.072 34.144 32.021 -999.000 -999.000
1965 -999.000 -999.000 -999.000 -999.000 27.568 28.375 31.143 31.825 32.178 32.657 24.769 19.811
1966 19.112 -999.000 -999.000 -999.000 -999.000 29.065 33.155 35.995 34.729 -999.000 22.508 -999.000
1967 -999.000 -999.000 -999.000 -999.000 -999.000 25.497 37.418 36.373 33.078 30.739 25.109 -999.000
1968 -999.000 -999.000 -999.000 -999.000 -999.000 27.450 35.632 32.141 -999.000 30.687 20.992 -999.000
1969 -999.000 -999.000 17.728 17.253 24.347 26.548 32.728 31.313 31.113 27.432 25.847 22.128
1970 -999.000 -999.000 18.132 18.699 -999.000 29.887 35.580 37.453 32.057 -999.000 -999.000 -999.000
1971 -999.000 -999.000 -999.000 -999.000 -999.000 28.819 35.338 37.138 30.518 29.527 22.945 -999.000
1972 -999.000 -999.000 -999.000 -999.000 -999.000 -999.000 37.995 33.164 28.790 26.465 25.125 21.348
1973 -999.000 19.597 18.903 23.688 19.636 30.305 35.746 36.958 31.580 25.560 22.794 22.833
1974 -999.000 -999.000 -999.000 -999.000 -999.000 -999.000 36.020 32.080 -999.000 29.145 25.065 20.459
1975 -999.000 -999.000 -999.000 -999.000 -999.000 27.571 33.109 36.232 32.777 30.167 -999.000 -999.000
1976 -999.000 -999.000 -999.000 -999.000 -999.000 -999.000 34.742 33.757 32.534 27.390 27.685 -999.000
1977 -999.000 19.223 19.680 -999.000 -999.000 28.785 35.698 34.164 32.765 27.913 26.100 17.694
1978 -999.000 17.211 -999.000 19.465 -999.000 31.055 35.243 35.355 32.452 29.342 24.933 21.372
1979 -999.000 -999.000 -999.000 21.563 23.213 28.773 33.052 33.707 32.864 29.941 28.360 -999.000
1980 -999.000 -999.000 -999.000 19.874 24.315 27.812 33.752 33.418 31.842 28.690 26.080 -999.000
1981 17.327 -999.000 18.022 20.490 21.759 31.265 33.528 35.382 31.491 26.009 25.593 20.268
1982 -999.000 -999.000 -999.000 19.416 23.989 28.837 32.061 29.792 33.817 25.182 25.006 24.159
1983 19.697 18.272 19.112 20.699 22.649 28.148 33.401 32.871 31.006 29.672 25.860 20.068
1984 -999.000 -999.000 18.314 -999.000 26.140 33.488 41.051 36.306 27.502 28.958 24.534 -999.000
1985 -999.000 -999.000 -999.000 -999.000 -999.000 29.148 33.980 36.239 31.263 26.868 20.925 21.950
1986 -999.000 -999.000 -999.000 20.103 -999.000 31.694 33.731 37.845 31.020 26.934 25.409 21.629
1987 19.315 16.331 18.190 20.758 20.979 24.288 30.757 30.605 31.172 27.124 25.568 22.720
1988 20.763 16.383 19.307 19.621 23.694 29.977 37.463 31.197 33.926 28.036 23.225 22.268
1989 -999.000 -999.000 -999.000 -999.000 24.973 27.788 35.471 34.550 34.062 28.497 20.799 19.242
1990 -999.000 -999.000 15.862 17.422 21.088 29.515 35.480 33.201 33.306 27.464 23.192 21.054
1991 15.042 -999.000 18.724 20.286 23.805 28.346 33.426 34.914 34.033 32.114 26.336 21.699
1992 19.280 -999.000 21.360 16.010 -999.000 27.744 31.643 36.044 29.402 27.607 28.387 17.500
1993 -999.000 -999.000 20.177 19.245 21.141 25.640 33.895 32.680 31.403 29.831 25.276 23.106
1994 -999.000 -999.000 -999.000 -999.000 24.091 28.331 37.664 33.698 30.524 30.496 21.794 22.606
1995 17.427 -999.000 -999.000 21.466 20.661 27.816 31.808 35.941 30.049 28.531 21.864 19.669
1996 -999.000 -999.000 -999.000 18.944 23.409 25.845 35.486 33.771 28.966 26.608 25.625 -999.000
1997 -999.000 -999.000 -999.000 19.364 20.084 28.246 32.830 29.823 29.154 26.095 23.458 21.078
1998 20.382 19.742 20.192 19.734 18.996 31.188 34.532 37.061 33.928 29.714 25.759 22.890
1999 -999.000 19.791 -999.000 21.320 26.265 31.720 36.400 31.781 34.235 29.914 20.301 21.109
2000 -999.000 -999.000 18.590 18.553 -999.000 30.592 34.908 36.438 32.865 29.145 26.310 22.041
2001 19.030 -999.000 15.489 20.486 21.690 29.659 33.087 39.153 36.372 27.853 24.832 20.995
2002 17.591 19.067 19.671 19.058 19.500 30.275 36.550 35.927 31.451 25.211 24.307 21.732
2003 18.419 15.697 16.240 18.928 23.005 26.972 33.111 35.606 32.227 28.282 24.781 21.322
2004 16.378 17.604 18.074 19.281 26.032 28.629 32.190 33.927 33.827 30.146 25.224 20.156
2005 16.631 18.172 20.053 20.294 19.886 29.610 36.041 33.770 34.326 31.407 22.175 19.930
2006 -999.000 20.227 -999.000 19.541 24.665 28.932 36.270 34.740 32.854 28.736 22.471 24.315
2007 20.995 -999.000 15.264 21.855 22.024 29.226 33.615 36.718 36.943 31.400 26.377 21.358
2008 18.676 -999.000 -999.000 -999.000 25.829 29.968 37.476 36.473 32.817 30.486 25.726 21.912
2009 18.195 18.149 17.334 22.260 22.496 29.046 34.073 35.883 33.805 28.719 24.007 19.893
2010 18.071 17.917 21.093 18.107 22.006 30.737 37.193 38.956 32.928 31.980 24.056 -999.000
2011 -999.000 -999.000 -999.000 17.913 25.212 31.787 37.540 36.799 35.410 30.648 24.781 22.852
2012 -999.000 18.369 -999.000 18.841 24.414 30.844 35.196 32.014 34.949 26.888 20.632 19.317
2013 17.163 19.975 18.951 18.538 23.370 29.939 30.862 34.271 34.536 32.501 22.707 19.272
2014 17.770 -999.000 17.640 22.194 23.741 28.983 32.960 36.203 31.549 28.005 24.522 21.695
2015 17.628 -999.000 19.473 20.955 23.671 29.063 35.436 32.946 28.849 27.468 26.887 23.403
2016 19.369 20.561 18.575 22.455 21.871 30.454 36.407 37.534 35.523 31.199 26.863 23.035
2017 17.368 17.665 17.132 21.630 22.751 30.650 37.162 36.381 33.032 30.862 23.973 22.818
2018 -999.000 19.342 -999.000 19.494 25.283 31.945 39.136 36.720 31.216 28.618 23.623 24.062
2019 20.019 21.714 20.139 21.550 22.461 28.539 34.806 35.201 35.482 28.887 25.072 23.392
2020 20.265 21.304 19.211 21.806 26.519 31.676 36.199 38.464 33.741 28.251 27.070 23.468
2021 22.304 19.849 18.236 18.747 26.563 30.860 38.439 37.918 35.370 28.559 24.526 20.522
2022 -999.000 18.663 19.334 21.983 25.244 30.774 36.361 37.832 34.918 29.493 24.670 22.565
2023 18.702 20.200 15.114 17.048 19.670 29.990 37.423 35.487 35.082 28.092 25.403 23.877
2024 18.616 18.181 18.417 18.725 23.261 32.527 39.053 38.542 36.947 31.015 25.530 23.830
2025 20.537 19.252 18.927 22.233 25.352 33.155 36.844 38.143 35.255 30.639 25.471 19.135
