1951 2025
1951 -1.018 -1.007 -0.465 -0.238 0.418 0.253 0.378 -0.122 -0.015 -0.094 0.098 0.127
1952 0.039 -0.065 -0.230 0.011 -0.086 -0.299 -0.611 -0.650 -0.266 -0.571 -0.400 -0.594
1953 -0.258 -0.114 -0.164 0.036 0.168 0.349 0.108 -0.074 -0.346 0.018 0.024 0.128
1954 0.119 0.070 -0.239 -0.539 -0.541 -0.616 -0.911 -1.012 -1.160 -1.345 -1.019 -1.140
1955 -0.827 -0.985 -1.107 -0.888 -0.936 -0.785 -0.695 -1.105 -1.235 -1.866 -1.856 -1.353
1956 -1.196 -1.086 -0.977 -0.918 -0.739 -0.610 -0.866 -1.302 -1.299 -0.984 -0.667 -0.540
1957 -0.520 -0.370 -0.324 0.123 0.182 -0.191 -0.376 0.111 -0.003 0.142 0.199 0.431
1958 0.805 1.018 0.788 0.444 0.232 0.190 0.090 -0.003 -0.047 0.115 0.107 0.194
1959 0.126 -0.117 -0.208 -0.005 -0.089 -0.270 -0.466 -0.402 -0.460 -0.324 -0.522 -0.414
1960 -0.616 -0.647 -0.449 -0.446 -0.324 -0.459 -0.574 -0.569 -0.592 -0.475 -0.234 -0.037
1961 -0.272 -0.308 -0.413 -0.539 -0.462 -0.325 -0.533 -0.716 -0.591 -0.809 -0.473 -0.445
1962 -0.575 -0.552 -0.440 -0.409 -0.636 -0.411 -0.597 -0.650 -0.734 -0.689 -0.655 -0.701
1963 -0.773 -0.608 -0.217 -0.147 -0.336 -0.451 -0.100 0.154 0.346 0.342 0.146 0.105
1964 0.175 -0.044 -0.508 -0.424 -0.541 -0.848 -0.934 -1.219 -1.585 -1.476 -1.586 -1.485
1965 -1.001 -0.660 -0.618 -0.735 -0.242 0.088 0.168 0.259 0.224 0.628 0.539 0.432
1966 0.453 0.530 0.860 0.337 0.095 0.135 0.237 -0.076 -0.092 0.027 0.073 -0.233
1967 -0.638 -0.678 -0.383 -0.026 0.008 -0.207 -0.211 -0.327 -0.448 -0.313 -0.227 -0.294
1968 -0.379 -0.375 -0.444 -0.286 -0.434 0.092 -0.169 -0.059 -0.086 0.046 0.528 0.713
1969 0.992 1.160 0.739 0.572 0.491 0.139 -0.006 0.270 0.502 0.674 0.623 0.481
1970 0.284 0.385 0.123 0.120 0.069 -0.174 -0.297 -0.756 -0.987 -1.032 -0.978 -1.384
1971 -1.575 -1.275 -1.180 -0.987 -0.896 -0.955 -1.030 -1.100 -1.337 -1.191 -0.837 -0.579
1972 -0.608 -0.218 -0.040 0.281 0.270 0.268 0.293 0.100 0.216 0.519 0.669 0.766
1973 0.751 0.494 0.131 -0.197 -0.273 -0.643 -0.880 -1.196 -1.374 -1.518 -1.775 -1.921
1974 -1.915 -1.367 -1.025 -1.017 -0.972 -0.889 -0.979 -0.663 -0.932 -1.102 -0.994 -1.018
1975 -0.630 -0.458 -0.746 -0.811 -0.969 -1.236 -1.344 -1.597 -1.930 -2.076 -1.956 -2.032
1976 -1.643 -1.198 -0.855 -0.645 -0.599 -0.570 -0.540 -0.468 -0.390 0.092 0.230 -0.139
1977 -0.010 -0.046 -0.105 -0.059 -0.183 0.007 0.105 0.065 0.289 0.394 0.447 0.499
1978 0.476 0.280 -0.024 -0.416 -0.233 -0.373 -0.448 -0.445 -0.371 -0.435 -0.250 -0.077
1979 0.114 -0.013 0.103 0.148 -0.018 -0.064 -0.037 -0.306 -0.185 -0.061 0.252 0.383
1980 0.443 0.453 0.308 0.305 0.421 0.334 0.183 -0.154 -0.165 0.091 0.115 0.068
1981 -0.047 -0.077 -0.059 -0.344 -0.388 -0.408 -0.559 -0.558 -0.285 -0.259 -0.166 0.014
1982 0.053 -0.080 0.191 0.496 0.555 0.620 0.293 0.227 0.441 0.795 0.707 0.616
1983 0.485 0.432 0.345 0.220 0.329 0.177 -0.104 -0.262 -0.668 -0.771 -0.874 -0.722
1984 -0.734 -0.601 -0.716 -0.694 -0.612 -0.595 -0.425 -0.471 -0.425 -0.613 -0.771 -0.855
1985 -0.562 -0.608 -0.887 -0.962 -0.809 -0.759 -0.547 -0.430 -0.376 -0.275 -0.208 -0.133
1986 -0.169 -0.138 -0.046 -0.167 -0.163 -0.022 0.081 0.200 0.316 0.350 0.509 0.415
1987 0.378 0.597 0.584 0.254 0.350 0.576 0.643 0.728 0.873 0.921 0.948 0.848
1988 0.719 0.539 0.258 -0.181 -0.455 -0.704 -0.772 -0.625 -0.810 -1.508 -1.577 -1.659
1989 -1.629 -1.422 -1.028 -0.830 -0.619 -0.730 -0.669 -0.614 -0.388 -0.324 -0.399 -0.023
1990 0.232 0.467 0.420 0.289 0.107 0.127 0.188 0.271 0.323 0.503 0.624 0.729
1991 0.650 0.621 0.445 0.514 0.616 0.558 0.609 0.611 0.427 0.809 0.818 0.903
1992 0.699 0.978 0.754 0.633 0.478 0.445 0.462 0.277 0.197 0.111 0.119 0.159
1993 0.291 0.195 0.164 0.209 0.228 0.210 0.228 0.257 0.388 0.122 0.221 0.272
1994 0.186 0.042 0.175 0.290 0.391 0.439 0.652 0.841 0.634 0.795 0.870 1.000
1995 0.789 0.802 0.812 0.683 0.550 0.379 0.194 -0.000 -0.245 -0.328 -0.449 -0.396
1996 -0.385 -0.419 -0.280 -0.278 -0.282 -0.300 -0.283 -0.172 -0.256 -0.189 -0.087 -0.087
1997 0.088 0.278 0.346 0.754 0.686 0.443 0.638 0.639 0.778 0.704 0.834 0.676
1998 0.720 0.691 0.414 0.111 -0.086 -0.525 -0.617 -0.871 -0.908 -1.211 -1.302 -1.367
1999 -1.581 -1.529 -1.211 -1.026 -0.856 -0.827 -0.967 -0.946 -0.853 -0.842 -1.129 -1.254
2000 -1.243 -1.353 -1.295 -1.234 -1.107 -0.720 -0.559 -0.472 -0.378 -0.520 -0.620 -0.839
2001 -0.793 -0.715 -0.578 -0.403 -0.219 0.008 0.248 0.191 0.312 0.298 0.210 0.209
2002 0.462 0.543 0.365 0.574 0.766 0.817 0.785 0.771 0.716 0.768 0.985 0.933
2003 0.641 0.776 0.715 0.505 0.114 0.276 0.354 0.336 0.283 0.484 0.506 0.527
2004 0.503 0.473 0.223 0.265 0.277 0.401 0.581 0.689 0.783 0.812 0.886 0.958
2005 0.948 0.760 0.722 0.588 0.456 0.342 0.055 0.088 0.135 0.209 -0.004 -0.158
2006 -0.412 -0.570 -0.462 -0.154 0.111 0.249 0.361 0.557 0.734 0.793 1.041 1.006
2007 0.731 0.550 0.451 0.273 0.086 0.109 -0.056 -0.161 -0.533 -0.724 -0.942 -1.009
2008 -1.362 -1.467 -1.221 -0.975 -0.928 -0.820 -0.649 -0.586 -0.563 -0.461 -0.568 -0.698
2009 -0.849 -0.738 -0.458 -0.084 0.160 0.358 0.456 0.587 0.672 1.025 1.253 1.270
2010 1.189 0.973 0.857 0.672 0.263 -0.126 -0.621 -1.098 -1.323 -1.476 -1.435 -1.335
2011 -1.303 -0.939 -0.678 -0.552 -0.389 -0.317 -0.307 -0.483 -0.643 -0.775 -0.751 -0.902
2012 -0.931 -0.814 -0.649 -0.420 -0.346 -0.203 -0.094 0.219 0.311 0.423 0.431 0.146
2013 -0.014 -0.109 -0.266 -0.109 -0.073 -0.033 -0.088 -0.049 -0.024 0.057 0.160 0.017
2014 -0.127 0.134 0.362 0.491 0.662 0.539 0.275 0.363 0.474 0.565 0.831 0.822
2015 0.809 0.942 0.984 1.124 1.078 1.065 1.014 1.096 1.137 1.173 1.546 1.450
2016 1.303 1.316 1.196 0.920 0.699 0.559 0.307 0.084 -0.139 -0.307 -0.297 -0.089
2017 -0.070 0.008 0.089 0.239 0.350 0.500 0.427 0.217 0.059 -0.080 -0.268 -0.432
2018 -0.356 -0.250 -0.101 0.194 0.325 0.429 0.406 0.593 0.693 1.070 1.052 0.998
2019 0.831 0.796 0.754 0.690 0.703 0.788 0.920 0.787 0.671 0.862 0.883 0.952
2020 0.916 0.858 0.861 0.700 0.260 0.303 0.163 -0.160 -0.433 -0.667 -0.749 -0.892
2021 -0.964 -0.852 -0.521 -0.246 -0.040 0.043 -0.059 -0.136 -0.423 -0.594 -0.532 -0.633
2022 -0.301 -0.287 -0.583 -0.646 -0.624 -0.514 -0.798 -0.926 -1.043 -0.984 -0.827 -0.727
2023 -0.571 -0.445 -0.124 0.313 0.476 0.763 0.867 1.077 1.224 1.343 1.635 1.591
2024 1.619 1.353 1.108 1.095 0.950 0.882 0.671 0.544 0.252 0.237 0.261 -0.179
2025 -0.473 -0.427 -0.223 -0.003 0.217 0.357 0.201 0.001 -0.156 -0.273 -0.375 -0.222
